/*--------------------------------*- C++ -*----------------------------------*\
  =========                 |
  \\      /  F ield         | OpenFOAM: The Open Source CFD Toolbox
   \\    /   O peration     | Website:  https://openfoam.org
    \\  /    A nd           | Version:  6
     \\/     M anipulation  |
\*---------------------------------------------------------------------------*/
FoamFile
{
    version     2.0;
    format      ascii;
    class       volScalarField;
    location    "50";
    object      p;
}
// * * * * * * * * * * * * * * * * * * * * * * * * * * * * * * * * * * * * * //

dimensions      [0 2 -2 0 0 0 0];

internalField   nonuniform List<scalar> 
3072
(
-0.0138866
-0.208997
-0.136965
-0.316073
-1.29581
-2.56178
-3.92813
-5.09758
-5.94564
-6.37143
-6.36891
-5.94442
1.68638
1.31941
1.93293
2.26299
2.18277
1.81663
1.33356
0.888206
0.549909
0.398582
0.474425
0.797365
2.94261
2.86303
2.92038
2.84954
2.63935
2.35121
2.03468
1.76143
1.58659
1.56625
1.73941
2.11728
2.71923
3.39342
3.62695
3.7115
3.70703
3.65451
3.57745
3.51373
3.50713
3.59285
3.80742
4.18441
2.76552
3.90776
4.3389
4.64031
4.78401
4.83693
4.82852
4.79917
4.81693
4.9314
5.16216
5.54145
3.2431
4.76923
5.2372
5.63758
5.84262
5.93449
5.94631
5.92713
5.93991
6.04602
6.27499
6.65646
4.14984
5.82789
6.34931
6.78455
6.97852
7.04471
7.02408
6.9711
6.94691
7.00352
7.19031
7.55175
5.07634
7.27488
7.67824
8.06827
8.1925
8.17942
8.0795
7.95307
7.85489
7.84018
7.96558
8.29619
6.66998
9.0972
9.29237
9.50645
9.48107
9.33822
9.12757
8.90325
8.7116
8.6091
8.65672
8.94463
8.99348
11.2439
11.0259
10.9775
10.7832
10.4967
10.1696
9.84446
9.55521
9.36105
9.32518
9.56782
11.8254
13.5677
12.8613
12.4241
12.0451
11.627
11.2035
10.798
10.4265
10.1578
10.0534
10.255
14.0506
15.4083
14.3848
13.7215
13.2004
12.7003
12.2288
11.7855
11.3615
11.04
10.8635
10.9974
-5.13534
-3.99012
-2.57502
-0.970718
0.737369
2.46499
4.11894
5.59338
6.8087
7.7507
8.16347
7.93848
1.35255
2.10142
2.99935
3.99649
5.03571
6.05297
6.96999
7.71521
8.28515
8.80872
8.85439
8.05965
2.69027
3.42934
4.28346
5.19616
6.11168
6.9778
7.73661
8.32084
8.6861
8.92825
8.83557
7.66338
4.72051
5.3904
6.14629
6.93144
7.68842
8.36245
8.91054
9.29233
9.46974
9.45986
9.22565
7.73546
6.07471
6.73417
7.47214
8.22583
8.93292
9.54099
10.0147
10.3413
10.487
10.4313
10.1376
8.6182
7.19984
7.8777
8.63555
9.40802
10.1252
10.7356
11.2109
11.5444
11.7176
11.7388
11.5762
10.2438
8.10685
8.81855
9.6238
10.4499
11.2197
11.8788
12.4032
12.7962
13.0722
13.2553
13.3818
12.4906
8.86361
9.61998
10.485
11.3832
12.2253
12.9547
13.5544
14.0368
14.4534
14.8616
15.3996
15.1994
9.52534
10.3274
11.2471
12.2155
13.1234
13.9116
14.5799
15.1532
15.7089
16.3531
17.4339
18.1628
10.1563
10.9802
11.9221
12.9341
13.875
14.6864
15.3896
16.0231
16.6874
17.5415
19.2388
21.0188
10.816
11.5887
12.4988
13.4913
14.3973
15.1886
15.8891
16.5388
17.2362
18.1805
20.4266
22.8196
11.4726
12.1257
12.9511
13.8327
14.6469
15.3697
16.0111
16.6279
17.2816
18.1485
20.3782
23.3084
0.118507
-0.0822026
-0.0242114
-0.253
-1.26401
-2.54664
-3.92404
-5.09732
-5.93991
-6.36496
-6.35939
-5.93416
1.84941
1.47553
2.08591
2.37332
2.26388
1.87391
1.38247
0.928258
0.584007
0.428523
0.502718
0.823789
3.05021
2.9633
3.01795
2.92428
2.70451
2.40313
2.08023
1.79891
1.61951
1.59534
1.76629
2.14199
2.77573
3.44674
3.68065
3.7611
3.75636
3.69934
3.61892
3.55042
3.54039
3.62302
3.83599
4.21033
2.79893
3.94884
4.382
4.68126
4.82348
4.87437
4.86318
4.83238
4.84796
4.96222
5.18915
5.56708
3.26251
4.79927
5.27006
5.66936
5.87435
5.96439
5.97736
5.95604
5.97215
6.07612
6.30471
6.68054
4.16457
5.85187
6.37348
6.80962
7.00263
7.07013
7.05002
6.99992
6.9769
7.0355
7.21983
7.57807
5.08994
7.29618
7.6971
8.08688
8.21138
8.20037
8.10366
7.98112
7.88638
7.87398
7.99883
8.32504
6.68291
9.11463
9.30689
9.51976
9.4956
9.35606
9.15074
8.93206
8.74574
8.6469
8.6951
8.97801
9.00151
11.2564
11.0343
10.9858
10.7938
10.5121
10.192
9.87457
9.59259
9.40354
9.36955
9.60636
11.837
13.5775
12.8681
12.4279
12.0527
11.6404
11.2249
10.829
10.4663
10.2042
10.1024
10.2979
14.0757
15.4167
14.3879
13.7229
13.2077
12.7126
12.2487
11.8151
11.4004
11.0864
10.914
11.0429
-5.12393
-3.97846
-2.56334
-0.959151
0.748846
2.47658
4.131
5.60603
6.82237
7.7653
8.17797
7.95227
1.37766
2.12405
3.02032
4.01519
5.05305
6.06841
6.9844
7.72872
8.29823
8.82161
8.86668
8.07116
2.71312
3.44958
4.30115
5.21127
6.12485
6.98947
7.74726
8.33089
8.69574
8.93738
8.84394
7.67089
4.74364
5.40983
6.16228
6.94407
7.69861
8.3709
8.9181
9.29948
9.47636
9.46554
9.23064
7.73889
6.09526
6.75097
7.4837
8.23373
8.93801
9.54459
10.0182
10.3451
10.4909
10.434
10.1405
8.6199
7.22034
7.89102
8.64351
9.41085
10.1249
10.7345
11.21
11.5447
11.7182
11.7413
11.5791
10.2465
8.12603
8.83028
9.62769
10.448
11.2145
11.8728
12.3987
12.7939
13.0735
13.2578
13.3876
12.4969
8.88409
9.63025
10.4858
11.3768
12.2156
12.9446
13.5468
14.033
14.4532
14.8675
15.4084
15.2106
9.54802
10.3375
11.2453
12.2054
13.1098
13.8985
14.5699
15.1478
15.7098
16.3593
17.4471
18.1803
10.1824
10.9918
11.9203
12.9234
13.8608
14.6728
15.3792
16.0177
16.6879
17.55
19.2556
21.0417
10.8476
11.6058
12.5011
13.4851
14.3882
15.1796
15.8822
16.5353
17.2384
18.1895
20.4463
22.8479
11.5113
12.1522
12.9611
13.8352
14.6463
15.3681
16.0102
16.629
17.2857
18.1576
20.3974
23.3365
0.138382
-0.063159
-0.0060368
-0.240365
-1.25771
-2.54777
-3.93128
-5.11017
-5.9562
-6.38361
-6.37836
-5.95199
1.87364
1.49755
2.10645
2.38871
2.27507
1.87938
1.38306
0.924082
0.576445
0.418086
0.491009
0.812385
3.07503
2.98353
3.03485
2.93749
2.71394
2.40835
2.08149
1.7964
1.61394
1.58766
1.75744
2.13349
2.79554
3.46367
3.69504
3.7719
3.76366
3.70313
3.61934
3.54769
3.5351
3.61614
3.82775
4.20269
2.80729
3.95732
4.39008
4.68775
4.82785
4.87536
4.8617
4.82662
4.84001
4.95156
5.18013
5.55805
3.2655
4.80255
5.27378
5.67313
5.87543
5.96348
5.97167
5.94864
5.95911
6.06329
6.29078
6.67088
4.16867
5.8585
6.37916
6.81287
7.00356
7.06713
7.04406
6.98924
6.96358
7.01897
7.20438
7.56443
5.09996
7.29707
7.70854
8.09238
8.21268
8.19745
8.09625
7.9691
7.87027
7.85499
7.97938
8.30829
6.68607
9.12243
9.30985
9.52432
9.49707
9.35317
9.14267
8.91872
8.72739
8.62493
8.67185
8.95754
9.01366
11.2696
11.0446
10.9929
10.7964
10.5096
10.1838
9.86054
9.5727
9.37929
9.3432
9.58301
11.8525
13.5944
12.8797
12.4374
12.0568
11.6387
11.2172
10.8151
10.4463
10.1793
10.0751
10.2735
14.0907
15.4356
14.4018
13.734
13.2123
12.7118
12.2423
11.8027
11.382
11.0631
10.8877
11.0189
-5.13893
-3.98956
-2.56973
-0.961024
0.751287
2.48271
4.14011
5.61707
6.83424
7.77748
8.19115
7.96602
1.3681
2.11723
3.01697
4.0157
5.05738
6.07609
6.99482
7.74076
8.31111
8.83504
8.88095
8.08549
2.70625
3.44546
4.30038
5.21395
6.13084
6.99833
7.75849
8.34374
8.70957
8.95196
8.85876
7.68522
4.73795
5.40755
6.16371
6.94944
7.70729
8.38223
8.93119
9.31363
9.49141
9.48119
9.24631
7.75442
6.09046
6.74953
7.48751
8.2416
8.94948
9.55852
10.0333
10.3607
10.5068
10.4512
10.1574
8.63692
7.21332
7.89056
8.64818
9.42095
10.139
10.7508
11.2276
11.5625
11.7367
11.7587
11.5973
10.2648
8.11813
8.82877
9.63351
10.4599
11.2309
11.8917
12.4183
12.8135
13.0917
13.2769
13.4059
12.5164
8.87355
9.62818
10.4922
11.3907
12.2343
12.9659
13.5683
14.0537
14.4734
14.8853
15.4277
15.2313
9.53502
10.3346
11.2527
12.2214
13.1309
13.9217
14.593
15.1698
15.7294
16.3785
17.466
18.2012
10.1672
10.988
11.9283
12.9407
13.8832
14.6969
15.4028
16.0394
16.7079
17.5676
19.2739
21.0624
10.8303
11.5999
12.5083
13.5016
14.4094
15.2023
15.9043
16.5557
17.2563
18.2058
20.4626
22.8641
11.4916
12.1426
12.9655
13.8482
14.6637
15.3871
16.0287
16.6461
17.3012
18.1718
20.4112
23.3501
0.130005
-0.0725828
-0.0148854
-0.231799
-1.23412
-2.51398
-3.89171
-5.06789
-5.91516
-6.34499
-6.34461
-5.92376
1.8571
1.48009
2.08666
2.38364
2.28057
1.89516
1.40471
0.950827
0.605347
0.447323
0.51806
0.835808
3.06239
2.97704
3.03261
2.94432
2.72569
2.4263
2.10359
1.82206
1.64099
1.61412
1.78156
2.15402
2.80243
3.47108
3.70518
3.78659
3.78145
3.72456
3.64353
3.57405
3.5621
3.64224
3.8515
4.2223
2.83236
3.97818
4.41091
4.71047
4.85237
4.90288
4.89111
4.85911
4.87102
4.98129
5.20448
5.57851
3.30092
4.83128
5.30322
5.70214
5.90679
5.99606
6.00793
5.98424
5.99573
6.09434
6.31904
6.69056
4.20493
5.88592
6.40966
6.8452
7.038
7.10446
7.08238
7.02892
7.00081
7.05413
7.23332
7.58661
5.13238
7.33185
7.73528
8.12457
8.24907
8.23689
8.1378
8.01141
7.91139
7.89301
8.01149
8.33166
6.72486
9.1512
9.34634
9.55874
9.53486
9.3942
9.18635
8.96359
8.7717
8.66623
8.70701
8.98264
9.03754
11.2874
11.0724
11.0245
10.8334
10.551
10.2285
9.90718
9.61953
9.42342
9.38121
9.60955
11.8571
13.5994
12.9027
12.4652
12.0914
11.6791
11.2617
10.8624
10.4943
10.2251
10.1147
10.301
14.0752
15.4312
14.4196
13.757
13.2437
12.7498
12.2847
11.8484
11.4292
11.1085
10.9275
11.0467
-5.11711
-3.97396
-2.55968
-0.955181
0.754475
2.48435
4.14125
5.61851
6.83657
7.78074
8.19422
7.96861
1.38701
2.13144
3.0268
4.02158
5.06009
6.07698
6.9948
7.74092
8.31181
8.83634
8.88241
8.0866
2.72235
3.45692
4.30775
5.21805
6.13247
6.99838
7.75765
8.34263
8.70862
8.9513
8.85841
7.68457
4.75279
5.4171
6.16886
6.95088
7.70638
8.37994
8.92852
9.31103
9.48897
9.47884
9.24425
7.7518
6.10369
6.75777
7.48991
8.24061
8.94595
9.5541
10.0289
10.3569
10.5034
10.4474
10.1541
8.63279
7.22743
7.89651
8.64903
9.41729
10.1333
10.7444
11.2215
11.5572
11.7316
11.7548
11.593
10.2601
8.13114
8.8341
9.63189
10.454
11.223
11.8836
12.4111
12.8074
13.0873
13.2719
13.402
12.5116
8.88681
9.63198
10.4885
11.382
12.2242
12.9563
13.5604
14.0476
14.468
14.882
15.4236
15.2271
9.54817
10.3372
11.2467
12.2098
13.1188
13.9111
14.5847
15.1636
15.7255
16.3745
17.4627
18.1983
10.1804
10.99
11.9202
12.9264
13.8695
14.6857
15.3947
16.0343
16.7039
17.565
19.271
21.0595
10.8446
11.6029
12.4993
13.4864
14.3948
15.1908
15.8964
16.5512
17.2537
18.2035
20.4598
22.8625
11.5079
12.1481
12.9577
13.8347
14.6494
15.3763
16.0217
16.6421
17.2988
18.1694
20.4079
23.3464
17.0299
16.7014
15.522
14.7573
14.205
13.6971
13.2262
12.7896
12.3434
11.9921
11.7421
11.7903
16.5865
16.2768
15.8458
15.4327
15.0447
14.6366
14.2365
13.8333
13.3876
13.0174
12.6941
12.6581
16.0361
16.0573
15.9606
15.8284
15.6594
15.4471
15.1912
14.874
14.4828
14.1044
13.7379
13.6332
15.4954
15.8163
16.025
16.192
16.3501
16.4717
16.4805
16.3014
15.9161
15.4784
15.1188
14.9761
12.117
12.5943
13.2657
13.9522
14.6364
15.2404
15.7822
16.3179
16.8494
17.4506
18.3493
19.7171
12.7931
13.0492
13.5146
13.9548
14.4334
14.8786
15.306
15.7454
16.1654
16.6079
16.8569
17.6831
13.5763
13.551
13.615
13.7791
14.0334
14.3168
14.624
14.9748
15.3283
15.7315
15.8644
16.4931
14.429
13.8154
13.4757
13.4257
13.4545
13.5621
13.7364
13.9957
14.3093
14.7204
14.8825
15.4034
17.0584
16.7075
15.5193
14.7574
14.2116
13.7075
13.2439
12.816
12.3786
12.0348
11.7906
11.8353
16.605
16.2842
15.8425
15.4335
15.0498
14.6428
14.249
13.8544
13.417
13.0537
12.7374
12.699
16.0504
16.0683
15.9667
15.8346
15.6618
15.4498
15.1966
14.886
14.501
14.1294
13.7713
13.6664
15.5128
15.8363
16.042
16.2046
16.3577
16.4706
16.4729
16.2942
15.916
15.4871
15.1358
14.999
12.1612
12.6307
13.2852
13.9654
14.6452
15.2477
15.7887
16.3243
16.8563
17.4591
18.361
19.7364
12.8341
13.0871
13.5445
13.9794
14.4534
14.8959
15.3205
15.7575
16.1754
16.6168
16.8653
17.6945
13.612
13.5886
13.6524
13.8113
14.0618
14.3417
14.6448
14.9915
15.3411
15.7408
15.8713
16.4998
14.4677
13.8609
13.5178
13.4641
13.4893
13.5926
13.762
14.0158
14.324
14.7303
14.888
15.4068
17.0724
16.7248
15.5345
14.7692
14.217
13.7082
13.2396
12.8066
12.3636
12.0153
11.7672
11.813
16.6142
16.2955
15.856
15.4437
15.056
14.6463
14.2489
13.85
13.4074
13.04
12.719
12.681
16.056
16.0755
15.9748
15.8416
15.6692
15.4563
15.2019
14.8884
14.4997
14.1237
13.7605
13.6546
15.514
15.8368
16.0438
16.2081
16.3635
16.4809
16.487
16.3089
15.9272
15.4926
15.1355
14.9935
12.1401
12.6175
13.286
13.9725
14.6566
15.2606
15.8018
16.337
16.8681
17.4703
18.3704
19.7392
12.8157
13.0746
13.5395
13.9781
14.456
14.9009
15.3273
15.7652
16.1836
16.6256
16.8727
17.6995
13.5962
13.5754
13.6412
13.8028
14.0565
14.3397
14.6458
14.995
15.3465
15.7485
15.8798
16.5105
14.4486
13.8403
13.5002
13.4492
13.4773
13.5844
13.7579
14.0158
14.3276
14.7374
14.8982
15.4211
17.0522
16.7214
15.5483
14.7873
14.2438
13.7425
13.2783
12.8485
12.4077
12.058
11.8055
11.8405
16.6127
16.3018
15.8683
15.46
15.0782
14.6749
14.2808
13.8853
13.4457
13.0779
12.754
12.7064
16.0644
16.0847
15.9877
15.8574
15.6874
15.4769
15.2248
14.9143
14.5288
14.1545
13.7894
13.6766
15.5287
15.8522
16.0595
16.2228
16.3762
16.4907
16.4969
16.3215
15.9443
15.5129
15.1554
15.0135
12.1583
12.6221
13.2796
13.963
14.645
15.2519
15.796
16.3334
16.8659
17.4671
18.3642
19.7292
12.8343
13.0788
13.5381
13.9742
14.449
14.8948
15.3227
15.762
16.1809
16.621
16.8637
17.6836
13.616
13.5868
13.6483
13.8047
14.0553
14.337
14.6427
14.9919
15.3429
15.7422
15.8682
16.4897
14.4772
13.8656
13.5159
13.4583
13.4816
13.585
13.7563
14.0127
14.3232
14.73
14.8847
15.3965
15.4278
15.8115
16.0888
16.2993
16.4607
16.5903
16.6632
16.6466
16.4679
16.1027
15.7136
15.5025
15.856
16.0814
16.1845
16.2353
16.2558
16.2769
16.2891
16.2688
16.1735
15.9662
15.7672
15.7289
16.1803
16.308
16.2992
16.233
16.1574
16.1213
16.124
16.1372
16.113
16.0152
15.9401
15.9835
16.3784
16.4411
16.3698
16.2411
16.1199
16.0649
16.0743
16.1146
16.1396
16.1166
16.1264
16.2118
15.0015
14.3593
13.8115
13.6099
13.5448
13.573
13.6762
13.8622
14.1234
14.4972
14.697
15.1231
15.3471
14.8648
14.4237
14.2378
14.1667
14.1864
14.2825
14.4575
14.7
15.0294
15.2675
15.6123
15.6129
15.1963
14.8419
14.6906
14.6329
14.656
14.7502
14.9186
15.1511
15.4442
15.6777
15.9735
15.8205
15.4153
15.16
15.0428
15
15.0275
15.119
15.2768
15.4913
15.7497
15.9684
16.2122
15.4417
15.8296
16.1057
16.3122
16.4665
16.5893
16.6556
16.6357
16.4597
16.1027
15.7231
15.5195
15.8601
16.0851
16.1915
16.2416
16.2589
16.2762
16.2841
16.261
16.167
15.9646
15.7712
15.7399
16.1767
16.3033
16.297
16.2319
16.1567
16.1193
16.1194
16.1303
16.1061
16.0108
15.9392
15.988
16.3685
16.4297
16.3606
16.2345
16.1157
16.0611
16.0692
16.1073
16.1315
16.1092
16.1204
16.2102
15.0325
14.3992
13.8535
13.649
13.5805
13.6045
13.7031
13.8838
14.1398
14.5081
14.7048
15.1274
15.3717
14.8952
14.4587
14.2721
14.199
14.2157
14.3081
14.479
14.7173
15.0432
15.2778
15.6209
15.6345
15.2221
14.8723
14.7214
14.6625
14.6834
14.7747
14.9398
15.1691
15.4593
15.6914
15.985
15.8408
15.4401
15.188
15.0714
15.0279
15.0537
15.1429
15.2981
15.5102
15.7669
15.9838
16.2268
15.4439
15.8301
16.1066
16.3152
16.4735
16.6002
16.6703
16.6529
16.4764
16.1149
15.7286
15.5178
15.8676
16.0917
16.1973
16.2477
16.2666
16.2856
16.2955
16.2743
16.1806
15.976
15.779
15.7425
16.1882
16.3145
16.3072
16.2412
16.1653
16.1281
16.1294
16.1422
16.1194
16.0236
15.9504
15.9949
16.3829
16.444
16.3739
16.2461
16.1253
16.0699
16.0789
16.1192
16.1456
16.1242
16.1357
16.2222
15.0188
14.3825
13.8343
13.6319
13.5663
13.594
13.6966
13.8816
14.1415
14.5139
14.7129
15.1407
15.362
14.8846
14.4441
14.2582
14.1869
14.2062
14.3018
14.476
14.7174
15.0459
15.2832
15.629
15.6263
15.2136
14.8602
14.7093
14.6517
14.6745
14.7684
14.9361
15.1678
15.4602
15.6933
15.9896
15.8337
15.4307
15.1767
15.0602
15.0176
15.0451
15.1362
15.2936
15.5075
15.7655
15.9839
16.2282
15.459
15.8464
16.1227
16.3289
16.483
16.6069
16.676
16.6589
16.4852
16.1282
15.7438
15.5353
15.877
16.1027
16.2093
16.2592
16.2764
16.2946
16.3042
16.283
16.19
15.987
15.7905
15.7556
16.1932
16.3209
16.3153
16.2504
16.175
16.138
16.1392
16.1511
16.1275
16.0316
15.9582
16.004
16.3851
16.4475
16.3793
16.2534
16.1343
16.0797
16.0883
16.1271
16.1519
16.1294
16.1398
16.227
15.0439
14.4072
13.8548
13.6455
13.5742
13.5975
13.697
13.8798
14.1378
14.5068
14.7018
15.1177
15.3829
14.904
14.4624
14.2719
14.1962
14.2118
14.3045
14.4767
14.7161
15.0422
15.2754
15.6124
15.6457
15.2312
14.8775
14.7233
14.6622
14.6819
14.7733
14.9392
15.1694
15.4602
15.6914
15.9789
15.8519
15.4487
15.194
15.0748
15.0295
15.0542
15.1433
15.2991
15.5121
15.7698
15.9863
16.2235
16.5145
16.5209
16.4046
16.2403
16.1019
16.0463
16.0682
16.1317
16.1952
16.232
16.3187
16.4455
16.6096
16.5717
16.4246
16.244
16.1053
16.0571
16.0916
16.1722
16.2632
16.3414
16.4628
16.6224
16.6771
16.6081
16.4446
16.2615
16.1304
16.0919
16.1357
16.2271
16.3366
16.4423
16.5835
16.7579
16.7274
16.6393
16.4705
16.293
16.1723
16.1423
16.1915
16.2889
16.4103
16.5336
16.6845
16.8573
16.7697
16.671
16.5041
16.3356
16.225
16.2014
16.2524
16.3524
16.4811
16.616
16.7709
16.9341
16.8076
16.7047
16.5436
16.3852
16.2833
16.2638
16.3137
16.4139
16.5464
16.6892
16.8443
16.9901
16.8442
16.7408
16.5871
16.4384
16.3435
16.3257
16.3724
16.4707
16.6045
16.7531
16.9058
17.0296
16.8815
16.78
16.6334
16.4933
16.4031
16.3849
16.426
16.5204
16.6533
16.8064
16.9554
17.054
16.9252
16.8257
16.6847
16.5496
16.4611
16.4398
16.4726
16.5607
16.6899
16.8456
16.991
17.0664
16.9898
16.8897
16.7477
16.6105
16.5173
16.4899
16.5099
16.5879
16.7099
16.8655
17.0076
17.0705
17.091
16.9841
16.8318
16.6812
16.5739
16.5374
16.5388
16.6033
16.7156
16.8696
17.0078
17.0693
17.1841
17.0768
16.9186
16.7566
16.6415
16.5749
16.5741
16.6288
16.7314
16.8761
17.007
17.065
15.9394
15.6105
15.4195
15.3265
15.2956
15.3276
15.4183
15.5684
15.767
15.9967
16.1957
16.392
16.0472
15.8108
15.6362
15.5549
15.5299
15.564
15.6536
15.7976
15.9834
16.19
16.3706
16.5267
16.1572
15.9541
15.808
15.7356
15.7128
15.7465
15.8342
15.9732
16.1488
16.338
16.501
16.6247
16.2447
16.0737
15.9454
15.8776
15.8539
15.8854
15.9704
16.1054
16.2734
16.4494
16.5983
16.6972
16.3141
16.1677
16.0545
15.9884
15.9625
15.9907
16.0727
16.2046
16.3671
16.5343
16.6718
16.753
16.3668
16.2438
16.1408
16.074
16.0453
16.0706
16.1499
16.2796
16.4383
16.5995
16.7291
16.7986
16.4049
16.3043
16.208
16.1389
16.1081
16.1318
16.2096
16.3385
16.4948
16.6523
16.7761
16.8381
16.4301
16.3512
16.2581
16.1857
16.1548
16.1789
16.2574
16.3876
16.5431
16.6987
16.8185
16.8759
16.4444
16.3842
16.2906
16.2158
16.1874
16.2161
16.2986
16.4328
16.5902
16.7461
16.8637
16.9183
16.45
16.4002
16.304
16.2284
16.2074
16.2466
16.3373
16.4812
16.6465
16.8078
16.9276
16.9818
16.4504
16.4017
16.3041
16.23
16.2193
16.2753
16.3794
16.5403
16.7219
16.8962
17.0264
17.0843
16.4463
16.3963
16.3058
16.2389
16.2376
16.299
16.4279
16.5987
16.7921
16.9746
17.1097
17.1712
16.4982
16.5033
16.39
16.2295
16.0949
16.0409
16.0619
16.1234
16.1853
16.2216
16.3079
16.4362
16.5887
16.5497
16.4062
16.2303
16.0961
16.0501
16.084
16.1625
16.2514
16.3281
16.4482
16.6075
16.6522
16.5826
16.4235
16.2456
16.1193
16.0829
16.1263
16.2157
16.3228
16.4263
16.5653
16.7383
16.7002
16.6118
16.4476
16.2754
16.1594
16.1315
16.1801
16.2756
16.3945
16.5152
16.6632
16.8341
16.7405
16.6419
16.4798
16.3164
16.2102
16.1885
16.239
16.3372
16.4633
16.5954
16.7468
16.9077
16.7772
16.6746
16.5181
16.3645
16.2667
16.2488
16.2984
16.3969
16.5268
16.6667
16.8177
16.9611
16.8126
16.7098
16.5605
16.4163
16.3251
16.3088
16.3552
16.4519
16.5832
16.7289
16.8771
16.9983
16.8489
16.7482
16.6059
16.4698
16.3831
16.3662
16.4071
16.5001
16.6306
16.7808
16.9251
17.0209
16.8916
16.7933
16.6561
16.5249
16.4395
16.4194
16.4521
16.539
16.666
16.8189
16.9597
17.0318
16.9552
16.8564
16.7182
16.5846
16.4943
16.4682
16.4881
16.5651
16.6851
16.838
16.9759
17.0349
17.0551
16.9496
16.801
16.6539
16.5496
16.5143
16.516
16.5796
16.6902
16.8413
16.9759
17.0331
17.147
17.0409
16.8861
16.7279
16.6155
16.5507
16.55
16.604
16.7051
16.847
16.9747
17.029
15.9622
15.6354
15.4464
15.3538
15.3225
15.3531
15.442
15.5901
15.7869
16.0153
16.2139
16.4093
16.0712
15.8359
15.6625
15.5816
15.5563
15.5893
15.6775
15.8199
16.0043
16.2105
16.3905
16.5467
16.1821
15.9796
15.8343
15.7621
15.7389
15.7718
15.8583
15.9962
16.1709
16.3597
16.5231
16.6467
16.2704
16.0997
15.9717
15.904
15.8801
15.9108
15.9949
16.129
16.2964
16.4725
16.6217
16.721
16.3406
16.1943
16.0811
16.015
15.9888
16.0164
16.0977
16.2288
16.391
16.5583
16.6966
16.7782
16.3937
16.2708
16.1677
16.1008
16.0718
16.0966
16.1752
16.3043
16.463
16.6245
16.7548
16.8249
16.4323
16.3317
16.2353
16.1659
16.1349
16.158
16.2352
16.3636
16.5201
16.678
16.8027
16.8653
16.4578
16.3789
16.2856
16.213
16.1817
16.2053
16.2834
16.4131
16.5688
16.7249
16.8457
16.9038
16.4721
16.4121
16.3183
16.2432
16.2145
16.2425
16.3247
16.4584
16.6163
16.7726
16.8915
16.9468
16.4778
16.4281
16.3318
16.2559
16.2345
16.2731
16.3634
16.507
16.6728
16.8347
16.9558
17.011
16.4782
16.4297
16.332
16.2575
16.2464
16.3018
16.4055
16.5661
16.7482
16.9235
17.0551
17.1142
16.4742
16.4243
16.3338
16.2665
16.2646
16.3254
16.4539
16.6246
16.8186
17.0022
17.139
17.2018
16.5156
16.5204
16.4057
16.2428
16.1055
16.0502
16.0721
16.1359
16.2007
16.2389
16.3273
16.4544
16.6086
16.569
16.4238
16.245
16.1078
16.0603
16.095
16.1761
16.2682
16.3476
16.4703
16.6306
16.6743
16.6039
16.4427
16.2616
16.1321
16.0944
16.1386
16.2306
16.3412
16.4479
16.5902
16.7652
16.7239
16.6345
16.4681
16.2925
16.1734
16.1442
16.1939
16.292
16.4145
16.5388
16.6905
16.864
16.7656
16.6658
16.5014
16.3347
16.2256
16.2028
16.2544
16.3552
16.4849
16.6208
16.7764
16.94
16.8034
16.6994
16.5407
16.384
16.2835
16.2647
16.3153
16.4165
16.55
16.6938
16.8493
16.9956
16.8397
16.7356
16.584
16.4369
16.3432
16.3263
16.3737
16.4731
16.6079
16.7575
16.9105
17.0345
16.8768
16.7748
16.6304
16.4916
16.4024
16.3852
16.427
16.5228
16.6566
16.8107
16.9599
17.0585
16.9202
16.8207
16.6814
16.5479
16.4601
16.4399
16.4735
16.5629
16.6933
16.8499
16.9953
17.0706
16.9844
16.8847
16.7446
16.6086
16.5162
16.4899
16.5107
16.5902
16.7134
16.8698
17.0119
17.0744
17.0854
16.9792
16.8288
16.6793
16.5728
16.5373
16.5397
16.6055
16.719
16.8736
17.0119
17.0731
17.1783
17.0718
16.9153
16.7546
16.6402
16.5746
16.5748
16.6308
16.7346
16.8802
17.011
17.0686
15.9524
15.6248
15.4352
15.3429
15.3123
15.3443
15.4348
15.5846
15.7829
16.0124
16.2114
16.4083
16.0602
15.8247
15.6513
15.5707
15.546
15.5801
15.6697
15.8135
15.9991
16.2057
16.3867
16.5435
16.1706
15.968
15.8228
15.7509
15.7284
15.7621
15.8498
15.9888
16.1644
16.3539
16.5174
16.6419
16.2584
16.0879
15.9599
15.8926
15.8692
15.9007
15.9858
16.1208
16.289
16.4654
16.615
16.7149
16.3283
16.1821
16.069
16.0031
15.9775
16.0058
16.088
16.2199
16.3827
16.5505
16.6888
16.771
16.3812
16.2584
16.1553
16.0886
16.0601
16.0855
16.165
16.2949
16.4541
16.6158
16.7463
16.8169
16.4195
16.319
16.2225
16.1534
16.1228
16.1465
16.2246
16.3537
16.5106
16.6687
16.7934
16.8566
16.4449
16.366
16.2726
16.2001
16.1693
16.1936
16.2724
16.4028
16.559
16.7152
16.836
16.8944
16.4593
16.399
16.3052
16.23
16.202
16.2305
16.3136
16.448
16.6062
16.7626
16.8813
16.9369
16.465
16.415
16.3185
16.2428
16.2218
16.2611
16.3522
16.4964
16.6625
16.8243
16.9452
17.0006
16.4654
16.4166
16.3187
16.2444
16.2338
16.2898
16.3943
16.5555
16.7378
16.9128
17.0441
17.1032
16.4614
16.4113
16.3206
16.2534
16.2522
16.3136
16.4428
16.6141
16.8081
16.9913
17.1276
17.1902
16.5153
16.5217
16.4091
16.2487
16.1135
16.0592
16.0804
16.1425
16.2051
16.2415
16.3278
16.4547
16.6064
16.5685
16.4257
16.2497
16.1147
16.0681
16.1021
16.1812
16.2708
16.3479
16.4682
16.627
16.6705
16.602
16.4432
16.265
16.1377
16.1008
16.1442
16.2341
16.3421
16.4461
16.5856
16.7586
16.7189
16.6314
16.4676
16.2948
16.1777
16.1493
16.198
16.294
16.4137
16.5351
16.6837
16.8549
16.7595
16.6617
16.4997
16.3358
16.2286
16.2064
16.257
16.3557
16.4825
16.6154
16.7676
16.9289
16.7964
16.6944
16.5381
16.3839
16.2852
16.2669
16.3166
16.4156
16.5462
16.6869
16.8387
16.9826
16.8319
16.7297
16.5805
16.4357
16.3438
16.3272
16.3736
16.4708
16.6028
16.7493
16.8983
17.02
16.8684
16.7682
16.6259
16.4893
16.4019
16.3848
16.4258
16.5194
16.6504
16.8015
16.9465
17.0428
16.9112
16.8133
16.6761
16.5445
16.4585
16.4383
16.4712
16.5585
16.6861
16.8397
16.9814
17.0539
16.9748
16.8765
16.7383
16.6043
16.5136
16.4874
16.5075
16.5849
16.7054
16.859
16.9976
17.0571
17.0749
16.9699
16.8214
16.674
16.5692
16.5338
16.5357
16.5996
16.7106
16.8624
16.9976
17.0552
17.1669
17.0615
16.9068
16.7482
16.6355
16.5704
16.5699
16.6241
16.7257
16.8682
16.9966
17.0511
15.9718
15.6437
15.4529
15.3584
15.3255
15.3552
15.4439
15.5925
15.7903
16.0197
16.2187
16.4089
16.0803
15.844
15.6694
15.587
15.5604
15.5927
15.6806
15.8236
16.0089
16.2161
16.3968
16.5484
16.1911
15.9878
15.8415
15.7681
15.7439
15.7761
15.8625
16.0008
16.1763
16.3661
16.5305
16.6498
16.2795
16.1082
15.9792
15.9106
15.8857
15.9159
15.9998
16.1344
16.3025
16.4794
16.6294
16.725
16.3499
16.203
16.0889
16.0219
15.9948
16.022
16.1031
16.2348
16.3976
16.5655
16.7047
16.7827
16.4033
16.2798
16.1758
16.108
16.0782
16.1026
16.1812
16.3108
16.47
16.6319
16.7628
16.8299
16.442
16.341
16.2435
16.1733
16.1415
16.1644
16.2416
16.3705
16.5274
16.6856
16.8107
16.8706
16.4677
16.3883
16.2939
16.2206
16.1886
16.212
16.29
16.4203
16.5765
16.7328
16.8537
16.9094
16.4822
16.4216
16.3267
16.2509
16.2214
16.2496
16.3316
16.4662
16.6243
16.7809
16.8995
16.9528
16.4881
16.4377
16.3403
16.2638
16.2416
16.2804
16.3708
16.5151
16.6813
16.8434
16.9642
17.0174
16.4885
16.4395
16.3406
16.2654
16.2538
16.3093
16.4133
16.5748
16.7575
16.933
17.0642
17.1213
16.4845
16.4341
16.3425
16.2746
16.2723
16.3333
16.4622
16.6339
16.8285
17.0125
17.1487
17.2095
)
;

boundaryField
{
    rotor
    {
        type            zeroGradient;
    }
    stator
    {
        type            zeroGradient;
    }
    front
    {
        type            empty;
    }
    back
    {
        type            empty;
    }
}


// ************************************************************************* //
