/*--------------------------------*- C++ -*----------------------------------*\
  =========                 |
  \\      /  F ield         | OpenFOAM: The Open Source CFD Toolbox
   \\    /   O peration     | Website:  https://openfoam.org
    \\  /    A nd           | Version:  6
     \\/     M anipulation  |
\*---------------------------------------------------------------------------*/
FoamFile
{
    version     2.0;
    format      ascii;
    class       surfaceScalarField;
    location    "50";
    object      phi;
}
// * * * * * * * * * * * * * * * * * * * * * * * * * * * * * * * * * * * * * //

dimensions      [0 3 -1 0 0 0 0];

internalField   nonuniform List<scalar> 
5952
(
5.0339e-06
-4.76446e-06
-3.23613e-06
8.28644e-06
-2.21964e-05
1.89516e-05
-4.2981e-05
2.07829e-05
-6.03377e-05
1.7352e-05
-7.48685e-05
1.45253e-05
-8.64295e-05
1.15592e-05
-9.55216e-05
9.08672e-06
-0.000102199
6.67733e-06
-0.000106671
4.46797e-06
-0.000109102
2.4327e-06
5.49175e-07
-0.000109654
-2.05588e-05
1.5802e-05
-3.90179e-05
2.67506e-05
-5.13014e-05
3.12339e-05
-6.02953e-05
2.97749e-05
-6.88491e-05
2.59028e-05
-7.64591e-05
2.21316e-05
-8.30059e-05
1.81038e-05
-8.81046e-05
1.41817e-05
-9.1748e-05
1.03197e-05
-9.3939e-05
6.65625e-06
-9.47145e-05
3.20857e-06
1.17715e-08
-9.41784e-05
-1.86943e-05
3.4502e-05
-3.40666e-05
4.21254e-05
-4.51912e-05
4.23578e-05
-5.37442e-05
3.83263e-05
-6.15161e-05
3.36726e-05
-6.82113e-05
2.88238e-05
-7.37988e-05
2.36896e-05
-7.81221e-05
1.85024e-05
-8.11301e-05
1.33268e-05
-8.27699e-05
8.29456e-06
-8.30314e-05
3.47002e-06
-1.10365e-06
-8.19164e-05
-1.65578e-05
5.10619e-05
-2.89044e-05
5.44728e-05
-3.87081e-05
5.21609e-05
-4.70801e-05
4.66961e-05
-5.4357e-05
4.09477e-05
-6.045e-05
3.49143e-05
-6.53903e-05
2.86285e-05
-6.91169e-05
2.2227e-05
-7.15671e-05
1.57765e-05
-7.26573e-05
9.38354e-06
-7.23308e-05
3.14343e-06
-2.85872e-06
-7.05761e-05
-1.41195e-05
6.5181e-05
-2.43089e-05
6.46616e-05
-3.25366e-05
6.0387e-05
-3.97133e-05
5.38705e-05
-4.59866e-05
4.72191e-05
-5.13493e-05
4.02745e-05
-5.57562e-05
3.30342e-05
-5.90768e-05
2.55456e-05
-6.12082e-05
1.79073e-05
-6.2026e-05
1.01999e-05
-6.1385e-05
2.50255e-06
-5.01633e-06
-5.92282e-05
-1.02007e-05
7.53804e-05
-1.85133e-05
7.29732e-05
-2.51447e-05
6.70164e-05
-3.0999e-05
5.97238e-05
-3.62018e-05
5.24191e-05
-4.07797e-05
4.48521e-05
-4.46497e-05
3.69015e-05
-4.76438e-05
2.85402e-05
-4.95869e-05
1.98481e-05
-5.02419e-05
1.08563e-05
-4.93919e-05
1.65096e-06
-7.45649e-06
-4.69496e-05
-6.85951e-06
8.22374e-05
-1.17247e-05
7.78355e-05
-1.6495e-05
7.17855e-05
-2.08842e-05
6.411e-05
-2.49076e-05
5.64423e-05
-2.85835e-05
4.85253e-05
-3.17878e-05
4.01067e-05
-3.43516e-05
3.11019e-05
-3.60145e-05
2.15129e-05
-3.64889e-05
1.13293e-05
-3.55142e-05
6.78818e-07
-1.00687e-05
-3.2902e-05
-1.79446e-06
8.40279e-05
-4.64681e-06
8.06845e-05
-6.97698e-06
7.41117e-05
-9.49965e-06
6.66295e-05
-1.21469e-05
5.90868e-05
-1.47703e-05
5.11468e-05
-1.71636e-05
4.24987e-05
-1.91014e-05
3.3039e-05
-2.03209e-05
2.27322e-05
-2.05176e-05
1.15264e-05
-1.93776e-05
-4.60487e-07
-1.28503e-05
-1.65949e-05
2.33357e-06
8.16835e-05
3.98012e-06
7.90301e-05
4.17873e-06
7.39066e-05
3.30658e-06
6.74963e-05
1.97188e-06
6.04166e-05
4.31086e-07
5.26842e-05
-1.04316e-06
4.39701e-05
-2.19096e-06
3.41852e-05
-2.77269e-06
2.33129e-05
-2.48202e-06
1.12354e-05
-9.78241e-07
-1.96403e-06
-1.59756e-05
2.14758e-06
7.97677e-06
7.37028e-05
1.25136e-05
7.44863e-05
1.59142e-05
7.05002e-05
1.70071e-05
6.63975e-05
1.69833e-05
6.04356e-05
1.6486e-05
5.31779e-05
1.59481e-05
4.4505e-05
1.5691e-05
3.44406e-05
1.59279e-05
2.30745e-05
1.69868e-05
1.01764e-05
1.92173e-05
-4.19469e-06
-1.9869e-05
2.31116e-05
1.62308e-05
5.74616e-05
2.54526e-05
6.52578e-05
2.96141e-05
6.63333e-05
3.1664e-05
6.43417e-05
3.24789e-05
5.96153e-05
3.27795e-05
5.28725e-05
3.3058e-05
4.4223e-05
3.36931e-05
3.38025e-05
3.48726e-05
2.18934e-05
3.70196e-05
8.02827e-06
4.05057e-05
-7.68088e-06
-2.52197e-05
4.58569e-05
2.34818e-05
3.39751e-05
3.66429e-05
5.2094e-05
4.33906e-05
5.95823e-05
4.63689e-05
6.13602e-05
4.77652e-05
5.82154e-05
4.86596e-05
5.19748e-05
4.96119e-05
4.32679e-05
5.11294e-05
3.2283e-05
5.34109e-05
1.96107e-05
5.71132e-05
4.32522e-06
6.25834e-05
-1.31511e-05
7.01321e-05
-3.27676e-05
-0.0001085
-1.15188e-06
-0.000105796
-2.70324e-06
-0.000101604
-4.18909e-06
-9.59598e-05
-5.64219e-06
-8.88594e-05
-7.09673e-06
-8.0249e-05
-8.60723e-06
-7.00383e-05
-1.02066e-05
-5.81196e-05
-1.19143e-05
-4.43528e-05
-1.37628e-05
-2.8755e-05
-1.55928e-05
-1.21192e-05
-1.66255e-05
-1.21157e-05
-9.24126e-05
-2.91624e-06
-8.95213e-05
-5.59425e-06
-8.56244e-05
-8.08343e-06
-8.08569e-05
-1.04077e-05
-7.52894e-05
-1.26609e-05
-6.89514e-05
-1.49422e-05
-6.17792e-05
-1.73747e-05
-5.35761e-05
-2.0113e-05
-4.40763e-05
-2.32579e-05
-3.27782e-05
-2.68863e-05
-1.89986e-05
-3.03985e-05
-3.11125e-05
-7.95058e-05
-5.32609e-06
-7.59855e-05
-9.11387e-06
-7.16016e-05
-1.24659e-05
-6.65768e-05
-1.5431e-05
-6.11041e-05
-1.81316e-05
-5.52723e-05
-2.07719e-05
-4.90458e-05
-2.35984e-05
-4.22746e-05
-2.6881e-05
-3.46498e-05
-3.08793e-05
-2.59651e-05
-3.55679e-05
-1.51596e-05
-4.12008e-05
-4.62718e-05
-6.75025e-05
-8.39926e-06
-6.33087e-05
-1.33073e-05
-5.82823e-05
-1.74915e-05
-5.27473e-05
-2.09649e-05
-4.70109e-05
-2.38665e-05
-4.13196e-05
-2.64614e-05
-3.58044e-05
-2.91116e-05
-3.04476e-05
-3.22354e-05
-2.49445e-05
-3.63805e-05
-1.89077e-05
-4.16035e-05
-1.15194e-05
-4.85886e-05
-5.7789e-05
-5.56439e-05
-1.19829e-05
-5.08753e-05
-1.8076e-05
-4.52799e-05
-2.30858e-05
-3.92856e-05
-2.69582e-05
-3.33355e-05
-2.98149e-05
-2.78162e-05
-3.19789e-05
-2.29893e-05
-3.39363e-05
-1.89548e-05
-3.62683e-05
-1.55164e-05
-3.98175e-05
-1.19806e-05
-4.5137e-05
-7.27812e-06
-5.3285e-05
-6.50651e-05
-4.29723e-05
-1.59608e-05
-3.77333e-05
-2.33125e-05
-3.16804e-05
-2.91377e-05
-2.5337e-05
-3.32986e-05
-1.92729e-05
-3.58764e-05
-1.39998e-05
-3.72486e-05
-9.89107e-06
-3.8042e-05
-7.0914e-06
-3.90647e-05
-5.54632e-06
-4.1357e-05
-4.68396e-06
-4.59946e-05
-3.52482e-06
-5.4439e-05
-6.85828e-05
-2.86407e-05
-2.02193e-05
-2.30534e-05
-2.88984e-05
-1.66867e-05
-3.55006e-05
-1.01581e-05
-3.98241e-05
-4.13839e-06
-4.18915e-05
7.52366e-07
-4.21352e-05
4.05293e-06
-4.13376e-05
5.50467e-06
-4.05107e-05
5.09371e-06
-4.0944e-05
3.22195e-06
-4.41157e-05
9.76844e-07
-5.21815e-05
-6.76038e-05
-1.20742e-05
-2.47387e-05
-6.20453e-06
-3.47658e-05
3.20373e-07
-4.20231e-05
6.8204e-06
-4.63202e-05
1.25522e-05
-4.76197e-05
1.68229e-05
-4.64013e-05
1.91373e-05
-4.36482e-05
1.91606e-05
-4.05318e-05
1.67604e-05
-3.85374e-05
1.21011e-05
-3.94529e-05
6.14665e-06
-4.62236e-05
-6.14477e-05
7.07472e-06
-2.96645e-05
1.3269e-05
-4.09582e-05
1.97951e-05
-4.85461e-05
2.59782e-05
-5.25001e-05
3.10935e-05
-5.27312e-05
3.44147e-05
-4.97191e-05
3.55178e-05
-4.47485e-05
3.40614e-05
-3.90717e-05
2.97578e-05
-3.42346e-05
2.24771e-05
-3.21686e-05
1.25193e-05
-3.62538e-05
-4.89291e-05
2.88529e-05
-3.54046e-05
3.55696e-05
-4.76728e-05
4.19333e-05
-5.49069e-05
4.74345e-05
-5.79985e-05
5.14814e-05
-5.67747e-05
5.34142e-05
-5.16496e-05
5.30437e-05
-4.43758e-05
5.01248e-05
-3.61528e-05
4.41992e-05
-2.83061e-05
3.46754e-05
-2.26427e-05
2.07565e-05
-2.23366e-05
-2.81641e-05
5.30194e-05
-4.25653e-05
6.04075e-05
-5.50582e-05
6.63806e-05
-6.08765e-05
7.08292e-05
-6.24438e-05
7.32182e-05
-5.91607e-05
7.32769e-05
-5.17061e-05
7.119e-05
-4.22874e-05
6.69239e-05
-3.18853e-05
5.99548e-05
-2.13381e-05
4.9378e-05
-1.20654e-05
3.22809e-05
-5.23344e-06
4.10997e-06
7.88938e-05
-5.13257e-05
8.63652e-05
-6.25273e-05
9.15552e-05
-6.60642e-05
9.45731e-05
-6.54592e-05
9.48434e-05
-5.94295e-05
9.28135e-05
-4.96748e-05
8.90213e-05
-3.84948e-05
8.36754e-05
-2.654e-05
7.63835e-05
-1.40454e-05
6.61699e-05
-1.85322e-06
4.83002e-05
1.2632e-05
5.2413e-05
4.62022e-06
-4.62239e-06
-3.95753e-06
8.58534e-06
-2.30406e-05
1.90836e-05
-4.36092e-05
2.05693e-05
-6.08699e-05
1.7262e-05
-7.52864e-05
1.44143e-05
-8.67746e-05
1.14901e-05
-9.5813e-05
9.0354e-06
-0.000102446
6.6355e-06
-0.000106884
4.43478e-06
-0.000109288
2.40618e-06
5.27174e-07
-0.000109817
-2.08448e-05
1.62228e-05
-3.91704e-05
2.69116e-05
-5.13002e-05
3.12129e-05
-6.03566e-05
2.96251e-05
-6.89209e-05
2.58261e-05
-7.65554e-05
2.20472e-05
-8.31229e-05
1.80577e-05
-8.82018e-05
1.41124e-05
-9.18317e-05
1.02659e-05
-9.40076e-05
6.60904e-06
-9.47696e-05
3.16923e-06
-2.05108e-08
-9.42229e-05
-1.87149e-05
3.49359e-05
-3.40255e-05
4.22213e-05
-4.51232e-05
4.23091e-05
-5.37197e-05
3.82198e-05
-6.15205e-05
3.36257e-05
-6.8235e-05
2.87596e-05
-7.38095e-05
2.36319e-05
-7.81319e-05
1.84331e-05
-8.11287e-05
1.32631e-05
-8.27574e-05
8.23668e-06
-8.30075e-05
3.41998e-06
-1.14189e-06
-8.18864e-05
-1.65242e-05
5.14583e-05
-2.8854e-05
5.45487e-05
-3.86522e-05
5.21054e-05
-4.70615e-05
4.66259e-05
-5.43334e-05
4.08959e-05
-6.0419e-05
3.48427e-05
-6.53384e-05
2.85506e-05
-6.90485e-05
2.21415e-05
-7.14807e-05
1.56954e-05
-7.25564e-05
9.31137e-06
-7.22184e-05
3.08275e-06
-2.89934e-06
-7.04614e-05
-1.40708e-05
6.55264e-05
-2.42492e-05
6.47263e-05
-3.24855e-05
6.03384e-05
-3.96714e-05
5.38105e-05
-4.59306e-05
4.71509e-05
-5.12691e-05
4.01809e-05
-5.56446e-05
3.29218e-05
-5.89298e-05
2.54282e-05
-6.10353e-05
1.77966e-05
-6.18263e-05
1.01051e-05
-6.11725e-05
2.42536e-06
-5.05399e-06
-5.90143e-05
-1.01719e-05
7.56976e-05
-1.84843e-05
7.30356e-05
-2.51074e-05
6.69609e-05
-3.09462e-05
5.96441e-05
-3.61152e-05
5.23203e-05
-4.06572e-05
4.47163e-05
-4.44751e-05
3.67423e-05
-4.74211e-05
2.83674e-05
-4.93135e-05
1.96932e-05
-4.99377e-05
1.07231e-05
-4.90681e-05
1.56115e-06
-7.48813e-06
-4.66377e-05
-6.86525e-06
8.25582e-05
-1.17158e-05
7.78838e-05
-1.64661e-05
7.1707e-05
-2.08214e-05
6.39965e-05
-2.47988e-05
5.62925e-05
-2.84159e-05
4.83324e-05
-3.15601e-05
3.9882e-05
-3.40596e-05
3.08674e-05
-3.56648e-05
2.12951e-05
-3.60939e-05
1.11542e-05
-3.51067e-05
5.72558e-07
-1.00819e-05
-3.25099e-05
-1.82409e-06
8.43755e-05
-4.66468e-06
8.0719e-05
-6.96651e-06
7.40021e-05
-9.43864e-06
6.64635e-05
-1.2023e-05
5.88727e-05
-1.45763e-05
5.08821e-05
-1.68963e-05
4.21994e-05
-1.87628e-05
3.2732e-05
-1.99202e-05
2.24513e-05
-2.00759e-05
1.13097e-05
-1.89271e-05
-5.7549e-07
-1.28338e-05
-1.61741e-05
2.30218e-06
8.2069e-05
3.9563e-06
7.90575e-05
4.18543e-06
7.37698e-05
3.36508e-06
6.72765e-05
2.09835e-06
6.01336e-05
6.32509e-07
5.2343e-05
-7.64864e-07
4.35932e-05
-1.84148e-06
3.38057e-05
-2.3661e-06
2.29743e-05
-2.0449e-06
1.0988e-05
-5.46724e-07
-2.07345e-06
-1.5908e-05
2.52865e-06
7.93854e-06
7.41215e-05
1.24859e-05
7.45065e-05
1.59121e-05
7.03325e-05
1.70529e-05
6.61301e-05
1.7096e-05
6.00846e-05
1.66727e-05
5.27616e-05
1.62076e-05
4.40546e-05
1.60152e-05
3.3995e-05
1.62984e-05
2.26897e-05
1.737e-05
9.91559e-06
1.95712e-05
-4.274e-06
-1.97178e-05
2.33821e-05
1.62776e-05
5.78417e-05
2.54298e-05
6.53467e-05
2.95917e-05
6.61711e-05
3.16854e-05
6.40292e-05
3.25661e-05
5.9197e-05
3.29351e-05
5.23869e-05
3.32772e-05
4.37073e-05
3.39674e-05
3.33013e-05
3.51789e-05
2.14755e-05
3.7317e-05
7.77639e-06
4.07414e-05
-7.69851e-06
-2.49419e-05
4.59665e-05
2.35494e-05
3.42897e-05
3.66484e-05
5.22492e-05
4.335e-05
5.94599e-05
4.63694e-05
6.10058e-05
4.783e-05
5.7732e-05
4.87831e-05
5.1429e-05
4.97879e-05
4.26987e-05
5.13484e-05
3.17378e-05
5.36448e-05
1.91772e-05
5.73081e-05
4.11236e-06
6.26753e-05
-1.30654e-05
7.00608e-05
-3.23261e-05
-0.000108648
-1.16722e-06
-0.000105929
-2.71947e-06
-0.000101725
-4.20135e-06
-9.60679e-05
-5.65696e-06
-8.89577e-05
-7.10813e-06
-8.03329e-05
-8.62357e-06
-7.011e-05
-1.02209e-05
-5.81756e-05
-1.19327e-05
-4.43919e-05
-1.37821e-05
-2.87785e-05
-1.56115e-05
-1.21265e-05
-1.66488e-05
-1.21252e-05
-9.24487e-05
-2.94013e-06
-8.95547e-05
-5.61353e-06
-8.5656e-05
-8.09836e-06
-8.08913e-05
-1.04209e-05
-7.53236e-05
-1.26741e-05
-6.89889e-05
-1.49571e-05
-6.18164e-05
-1.73915e-05
-5.36138e-05
-2.01334e-05
-4.4112e-05
-2.3282e-05
-3.28063e-05
-2.69155e-05
-1.90223e-05
-3.04303e-05
-3.11469e-05
-7.94749e-05
-5.35069e-06
-7.59604e-05
-9.12772e-06
-7.15857e-05
-1.2472e-05
-6.65723e-05
-1.54335e-05
-6.11109e-05
-1.81344e-05
-5.52886e-05
-2.07783e-05
-4.90687e-05
-2.36104e-05
-4.23003e-05
-2.69003e-05
-3.46747e-05
-3.0906e-05
-2.5985e-05
-3.56036e-05
-1.51718e-05
-4.12423e-05
-4.63184e-05
-6.73945e-05
-8.41635e-06
-6.32165e-05
-1.33056e-05
-5.82111e-05
-1.7476e-05
-5.26998e-05
-2.09441e-05
-4.69859e-05
-2.3847e-05
-4.1314e-05
-2.64493e-05
-3.58128e-05
-2.911e-05
-3.04639e-05
-3.22478e-05
-2.49627e-05
-3.64058e-05
-1.89247e-05
-4.16404e-05
-1.15318e-05
-4.86347e-05
-5.78473e-05
-5.54489e-05
-1.19838e-05
-5.07083e-05
-1.8043e-05
-4.51513e-05
-2.30331e-05
-3.91955e-05
-2.68972e-05
-3.32818e-05
-2.97593e-05
-2.77918e-05
-3.1937e-05
-2.29865e-05
-3.39132e-05
-1.89658e-05
-3.62669e-05
-1.55336e-05
-3.98355e-05
-1.19988e-05
-4.51744e-05
-7.28684e-06
-5.33372e-05
-6.51322e-05
-4.26884e-05
-1.59282e-05
-3.74995e-05
-2.32324e-05
-3.15013e-05
-2.9027e-05
-2.5215e-05
-3.31812e-05
-1.91996e-05
-3.57709e-05
-1.39645e-05
-3.71685e-05
-9.88132e-06
-3.79933e-05
-7.09667e-06
-3.90477e-05
-5.56021e-06
-4.13691e-05
-4.69533e-06
-4.60281e-05
-3.53401e-06
-5.44958e-05
-6.8656e-05
-2.8297e-05
-2.01402e-05
-2.27763e-05
-2.87494e-05
-1.64849e-05
-3.53152e-05
-1.00267e-05
-3.96348e-05
-4.0657e-06
-4.17273e-05
7.82827e-07
-4.20124e-05
4.05682e-06
-4.12628e-05
5.49427e-06
-4.04806e-05
5.0817e-06
-4.09492e-05
3.20823e-06
-4.41534e-05
9.7346e-07
-5.22398e-05
-6.76804e-05
-1.17188e-05
-2.45933e-05
-5.93467e-06
-3.4531e-05
5.02187e-07
-4.17482e-05
6.9229e-06
-4.60518e-05
1.25962e-05
-4.73962e-05
1.68293e-05
-4.62418e-05
1.91251e-05
-4.35547e-05
1.91433e-05
-4.04954e-05
1.67422e-05
-3.85462e-05
1.20906e-05
-3.94896e-05
6.13805e-06
-4.62877e-05
-6.15325e-05
7.36809e-06
-2.9431e-05
1.34615e-05
-4.06215e-05
1.98951e-05
-4.81785e-05
2.60038e-05
-5.21568e-05
3.10742e-05
-5.24633e-05
3.43766e-05
-4.95412e-05
3.54797e-05
-4.46553e-05
3.40316e-05
-3.90454e-05
2.97419e-05
-3.4253e-05
2.2468e-05
-3.22183e-05
1.25169e-05
-3.63224e-05
-4.90187e-05
2.90082e-05
-3.50551e-05
3.56128e-05
-4.72231e-05
4.18927e-05
-5.44556e-05
4.73384e-05
-5.75993e-05
5.13698e-05
-5.64923e-05
5.33158e-05
-5.14851e-05
5.29731e-05
-4.43113e-05
5.00848e-05
-3.61562e-05
4.41834e-05
-2.83526e-05
3.46784e-05
-2.27082e-05
2.07624e-05
-2.24132e-05
-2.82562e-05
5.29888e-05
-4.20751e-05
6.02706e-05
-5.45021e-05
6.61813e-05
-6.0363e-05
7.06036e-05
-6.20192e-05
7.30146e-05
-5.89013e-05
7.31238e-05
-5.15928e-05
7.10942e-05
-4.2281e-05
6.68774e-05
-3.19392e-05
5.9948e-05
-2.14228e-05
4.93942e-05
-1.21589e-05
3.22974e-05
-5.31681e-06
4.03814e-06
7.86868e-05
-5.06991e-05
8.60956e-05
-6.19088e-05
9.12558e-05
-6.55208e-05
9.42863e-05
-6.50484e-05
9.46141e-05
-5.9228e-05
9.26523e-05
-4.96307e-05
8.89267e-05
-3.85553e-05
8.36388e-05
-2.66519e-05
7.63918e-05
-1.41777e-05
6.62076e-05
-1.97615e-06
4.83451e-05
1.2542e-05
5.23745e-05
4.60738e-06
-4.62544e-06
-4.01383e-06
8.6146e-06
-2.31356e-05
1.91191e-05
-4.3725e-05
2.05839e-05
-6.10029e-05
1.72777e-05
-7.54291e-05
1.44193e-05
-8.69185e-05
1.14898e-05
-9.59569e-05
9.03186e-06
-0.000102587
6.63081e-06
-0.000107017
4.42578e-06
-0.00010941
2.39503e-06
5.15162e-07
-0.000109927
-2.08783e-05
1.62487e-05
-3.92198e-05
2.69542e-05
-5.1356e-05
3.12538e-05
-6.04366e-05
2.96613e-05
-6.9018e-05
2.58577e-05
-7.66695e-05
2.20669e-05
-8.32507e-05
1.80699e-05
-8.83403e-05
1.41176e-05
-9.19753e-05
1.02658e-05
-9.41543e-05
6.60241e-06
-9.49149e-05
3.1569e-06
-3.83087e-08
-9.43623e-05
-1.87423e-05
3.49886e-05
-3.4077e-05
4.22869e-05
-4.51934e-05
4.23687e-05
-5.3812e-05
3.82775e-05
-6.16299e-05
3.36743e-05
-6.83642e-05
2.87983e-05
-7.3957e-05
2.36618e-05
-7.82954e-05
1.84536e-05
-8.13029e-05
1.32733e-05
-8.29367e-05
8.2351e-06
-8.31865e-05
3.40728e-06
-1.16683e-06
-8.20581e-05
-1.65415e-05
5.15276e-05
-2.88971e-05
5.46402e-05
-3.87218e-05
5.21916e-05
-4.71569e-05
4.67099e-05
-5.44552e-05
4.0971e-05
-6.05677e-05
3.49083e-05
-6.55117e-05
2.86048e-05
-6.92422e-05
2.21822e-05
-7.1688e-05
1.57189e-05
-7.27702e-05
9.31623e-06
-7.24334e-05
3.07073e-06
-2.93234e-06
-7.06682e-05
-1.40932e-05
6.56165e-05
-2.42989e-05
6.4842e-05
-3.25616e-05
6.0451e-05
-3.97741e-05
5.39187e-05
-4.60617e-05
4.72558e-05
-5.14339e-05
4.02776e-05
-5.58403e-05
3.30095e-05
-5.91551e-05
2.5495e-05
-6.12764e-05
1.78392e-05
-6.20802e-05
1.01186e-05
-6.14261e-05
2.41618e-06
-5.10052e-06
-5.92589e-05
-1.01781e-05
7.57871e-05
-1.85509e-05
7.32093e-05
-2.51876e-05
6.70816e-05
-3.10466e-05
5.97729e-05
-3.62485e-05
5.24524e-05
-4.08221e-05
4.48479e-05
-4.46795e-05
3.68632e-05
-4.76583e-05
2.84721e-05
-4.95847e-05
1.97627e-05
-5.02237e-05
1.07572e-05
-4.93594e-05
1.54955e-06
-7.54887e-06
-4.69105e-05
-6.77622e-06
8.25497e-05
-1.18054e-05
7.82293e-05
-1.65354e-05
7.18045e-05
-2.09119e-05
6.41419e-05
-2.49232e-05
5.64586e-05
-2.85821e-05
4.85011e-05
-3.1765e-05
4.00433e-05
-3.43044e-05
3.10072e-05
-3.59417e-05
2.1399e-05
-3.63952e-05
1.12077e-05
-3.54093e-05
5.64e-07
-1.01633e-05
-3.27968e-05
-2.09884e-06
8.46418e-05
-4.41604e-06
8.05377e-05
-6.93256e-06
7.4314e-05
-9.49494e-06
6.66971e-05
-1.21294e-05
5.90872e-05
-1.47259e-05
5.10927e-05
-1.70873e-05
4.24004e-05
-1.89925e-05
3.29094e-05
-2.01832e-05
2.2587e-05
-2.03602e-05
1.1383e-05
-1.9214e-05
-5.83715e-07
-1.29375e-05
-1.64406e-05
2.54255e-06
8.20853e-05
3.70585e-06
7.93649e-05
4.11075e-06
7.39014e-05
3.30611e-06
6.74944e-05
2.01183e-06
6.03752e-05
5.09698e-07
5.25891e-05
-9.24449e-07
4.383e-05
-2.03449e-06
3.40155e-05
-2.58653e-06
2.3136e-05
-2.28052e-06
1.10745e-05
-7.79321e-07
-2.08688e-06
-1.60414e-05
2.32318e-06
7.87179e-06
7.42085e-05
1.25974e-05
7.46335e-05
1.59244e-05
7.05677e-05
1.70305e-05
6.63833e-05
1.70423e-05
6.03575e-05
1.65869e-05
5.304e-05
1.60917e-05
4.43206e-05
1.58747e-05
3.4229e-05
1.61403e-05
2.28671e-05
1.72084e-05
1.00041e-05
1.9425e-05
-4.30561e-06
-1.98958e-05
2.32781e-05
1.63238e-05
5.7875e-05
2.54808e-05
6.54711e-05
2.96334e-05
6.6411e-05
3.17006e-05
6.43111e-05
3.25506e-05
5.95018e-05
3.28906e-05
5.26946e-05
3.32088e-05
4.39971e-05
3.38827e-05
3.35504e-05
3.50878e-05
2.16579e-05
3.72377e-05
7.85073e-06
4.06978e-05
-7.76823e-06
-2.51898e-05
4.59899e-05
2.35875e-05
3.42869e-05
3.67169e-05
5.23413e-05
4.3435e-05
5.96923e-05
4.64245e-05
6.13191e-05
4.78514e-05
5.80725e-05
4.87762e-05
5.17658e-05
4.97601e-05
4.30097e-05
5.13107e-05
3.19962e-05
5.36113e-05
1.93544e-05
5.73066e-05
4.15285e-06
6.27355e-05
-1.31989e-05
7.02121e-05
-3.26674e-05
-0.000108744
-1.17967e-06
-0.000106011
-2.73299e-06
-0.000101793
-4.21493e-06
-9.6121e-05
-5.66976e-06
-8.89977e-05
-7.11966e-06
-8.03616e-05
-8.63353e-06
-7.01292e-05
-1.02288e-05
-5.81874e-05
-1.19383e-05
-4.43997e-05
-1.37845e-05
-2.87858e-05
-1.56101e-05
-1.21328e-05
-1.66453e-05
-1.21301e-05
-9.25772e-05
-2.96269e-06
-8.96696e-05
-5.64001e-06
-8.57551e-05
-8.12667e-06
-8.09742e-05
-1.04488e-05
-7.53906e-05
-1.27002e-05
-6.90422e-05
-1.49795e-05
-6.18576e-05
-1.74099e-05
-5.36453e-05
-2.01471e-05
-4.41341e-05
-2.32919e-05
-3.28191e-05
-2.69214e-05
-1.90241e-05
-3.04352e-05
-3.11529e-05
-7.96329e-05
-5.38669e-06
-7.61002e-05
-9.17198e-06
-7.17049e-05
-1.25205e-05
-6.66703e-05
-1.54821e-05
-6.1189e-05
-1.81795e-05
-5.53493e-05
-2.08175e-05
-4.91145e-05
-2.36424e-05
-4.23344e-05
-2.69247e-05
-3.46994e-05
-3.09243e-05
-2.60024e-05
-3.56161e-05
-1.51801e-05
-4.12552e-05
-4.63329e-05
-6.75842e-05
-8.47016e-06
-6.3382e-05
-1.33738e-05
-5.83489e-05
-1.75527e-05
-5.28088e-05
-2.10212e-05
-4.70681e-05
-2.3919e-05
-4.13725e-05
-2.65116e-05
-3.58524e-05
-2.91609e-05
-3.049e-05
-3.22853e-05
-2.49807e-05
-3.64321e-05
-1.89344e-05
-4.16616e-05
-1.15352e-05
-4.86544e-05
-5.78663e-05
-5.56681e-05
-1.20607e-05
-5.08965e-05
-1.81457e-05
-4.53012e-05
-2.31472e-05
-3.93086e-05
-2.70131e-05
-3.33602e-05
-2.98658e-05
-2.78419e-05
-3.20285e-05
-2.30142e-05
-3.39869e-05
-1.89772e-05
-3.63212e-05
-1.55347e-05
-3.98736e-05
-1.19946e-05
-4.52002e-05
-7.28591e-06
-5.33581e-05
-6.51508e-05
-4.29334e-05
-1.60392e-05
-3.77004e-05
-2.33773e-05
-3.16565e-05
-2.91908e-05
-2.53228e-05
-3.33445e-05
-1.92671e-05
-3.59198e-05
-1.40001e-05
-3.72929e-05
-9.89457e-06
-3.809e-05
-7.09561e-06
-3.91176e-05
-5.54941e-06
-4.14152e-05
-4.68625e-06
-4.60596e-05
-3.52635e-06
-5.45141e-05
-6.86709e-05
-2.85459e-05
-2.02889e-05
-2.29754e-05
-2.89479e-05
-1.66272e-05
-3.55367e-05
-1.01158e-05
-3.98541e-05
-4.11005e-06
-4.19222e-05
7.70854e-07
-4.21708e-05
4.06554e-06
-4.13809e-05
5.5145e-06
-4.05619e-05
5.10255e-06
-4.10019e-05
3.22957e-06
-4.41807e-05
9.82741e-07
-5.22564e-05
-6.76865e-05
-1.19427e-05
-2.47872e-05
-6.10114e-06
-3.47887e-05
3.96074e-07
-4.20329e-05
6.87286e-06
-4.63284e-05
1.25888e-05
-4.76358e-05
1.68501e-05
-4.64287e-05
1.916e-05
-4.36881e-05
1.91817e-05
-4.05821e-05
1.67802e-05
-3.85951e-05
1.21186e-05
-3.95162e-05
6.15869e-06
-4.62939e-05
-6.15191e-05
7.21152e-06
-2.9676e-05
1.33659e-05
-4.09429e-05
1.98581e-05
-4.85238e-05
2.60168e-05
-5.24854e-05
3.11203e-05
-5.27369e-05
3.44384e-05
-4.97445e-05
3.55438e-05
-4.47915e-05
3.40906e-05
-3.91261e-05
2.97888e-05
-3.42943e-05
2.25057e-05
-3.223e-05
1.25379e-05
-3.63149e-05
-4.8982e-05
2.89633e-05
-3.53619e-05
3.56305e-05
-4.76099e-05
4.19587e-05
-5.48509e-05
4.7439e-05
-5.79643e-05
5.14828e-05
-5.67787e-05
5.34237e-05
-5.1684e-05
5.30665e-05
-4.44329e-05
5.01595e-05
-3.62194e-05
4.42414e-05
-2.83739e-05
3.47179e-05
-2.27048e-05
2.07859e-05
-2.23847e-05
-2.81881e-05
5.30851e-05
-4.24577e-05
6.04247e-05
-5.49492e-05
6.63661e-05
-6.0791e-05
7.0799e-05
-6.23956e-05
7.31932e-05
-5.91713e-05
7.32717e-05
-5.17613e-05
7.12086e-05
-4.23689e-05
6.69618e-05
-3.19717e-05
6.00068e-05
-2.14201e-05
4.94362e-05
-1.21339e-05
3.23274e-05
-5.27029e-06
4.13257e-06
7.89132e-05
-5.11594e-05
8.63569e-05
-6.23924e-05
9.15291e-05
-6.59627e-05
9.45409e-05
-6.54063e-05
9.48232e-05
-5.9453e-05
9.28136e-05
-4.9751e-05
8.90437e-05
-3.85992e-05
8.37187e-05
-2.66475e-05
7.64438e-05
-1.41447e-05
6.62404e-05
-1.93169e-06
4.83604e-05
1.26053e-05
5.24956e-05
4.67216e-06
-4.67592e-06
-3.75409e-06
8.43255e-06
-2.27643e-05
1.90104e-05
-4.33908e-05
2.06265e-05
-6.06865e-05
1.72969e-05
-7.51469e-05
1.44577e-05
-8.66671e-05
1.1522e-05
-9.57372e-05
9.06667e-06
-0.000102401
6.666e-06
-0.000106867
4.46289e-06
-0.000109296
2.43056e-06
5.49115e-07
-0.000109847
-2.0733e-05
1.60569e-05
-3.90986e-05
2.67985e-05
-5.12747e-05
3.11858e-05
-6.03083e-05
2.96592e-05
-6.88677e-05
2.58559e-05
-7.65004e-05
2.20884e-05
-8.30761e-05
1.80977e-05
-8.81715e-05
1.41599e-05
-9.18193e-05
1.03142e-05
-9.40154e-05
6.65706e-06
-9.47977e-05
3.21368e-06
1.87337e-08
-9.42686e-05
-1.86875e-05
3.47424e-05
-3.40063e-05
4.2116e-05
-4.51043e-05
4.22822e-05
-5.36825e-05
3.82353e-05
-6.14756e-05
3.36477e-05
-6.81886e-05
2.8799e-05
-7.37731e-05
2.36817e-05
-7.81101e-05
1.84949e-05
-8.1127e-05
1.33313e-05
-8.27777e-05
8.30643e-06
-8.30508e-05
3.48741e-06
-1.08197e-06
-8.19507e-05
-1.65e-05
5.12403e-05
-2.88199e-05
5.44332e-05
-3.86065e-05
5.20666e-05
-4.70008e-05
4.66262e-05
-5.42721e-05
4.0917e-05
-6.03646e-05
3.48888e-05
-6.53006e-05
2.86168e-05
-6.90321e-05
2.22244e-05
-7.14892e-05
1.57882e-05
-7.25921e-05
9.40811e-06
-7.2283e-05
3.17894e-06
-2.81544e-06
-7.05503e-05
-1.40321e-05
6.52695e-05
-2.41961e-05
6.45962e-05
-3.24168e-05
6.02836e-05
-3.95929e-05
5.38007e-05
-4.58536e-05
4.71732e-05
-5.12033e-05
4.02379e-05
-5.5601e-05
3.30098e-05
-5.89156e-05
2.55402e-05
-6.1051e-05
1.79191e-05
-6.18767e-05
1.02365e-05
-6.12584e-05
2.55646e-06
-4.94141e-06
-5.91288e-05
-1.01397e-05
7.5408e-05
-1.84195e-05
7.28725e-05
-2.5022e-05
6.68853e-05
-3.08532e-05
5.96262e-05
-3.60251e-05
5.23452e-05
-4.05808e-05
4.47865e-05
-4.44235e-05
3.6855e-05
-4.74038e-05
2.85131e-05
-4.93331e-05
1.98526e-05
-4.99978e-05
1.08944e-05
-4.91678e-05
1.73187e-06
-7.34324e-06
-4.67704e-05
-6.83713e-06
8.224e-05
-1.16521e-05
7.76848e-05
-1.63746e-05
7.16032e-05
-2.0718e-05
6.39664e-05
-2.46968e-05
5.63184e-05
-2.83262e-05
4.84148e-05
-3.14928e-05
4.00167e-05
-3.4023e-05
3.10436e-05
-3.56718e-05
2.14976e-05
-3.61469e-05
1.13713e-05
-3.52013e-05
7.84509e-07
-9.90135e-06
-3.26403e-05
-1.7919e-06
8.40247e-05
-4.59773e-06
8.04849e-05
-6.87148e-06
7.38699e-05
-9.32919e-06
6.64186e-05
-1.19124e-05
5.88971e-05
-1.44753e-05
5.09738e-05
-1.68148e-05
4.23532e-05
-1.87098e-05
3.29365e-05
-1.99051e-05
2.26913e-05
-2.0102e-05
1.15677e-05
-1.89938e-05
-3.23271e-07
-1.26173e-05
-1.6277e-05
2.32623e-06
8.16937e-05
4.00926e-06
7.87941e-05
4.27503e-06
7.36006e-05
3.47385e-06
6.72121e-05
2.21164e-06
6.01531e-05
7.40002e-07
5.24402e-05
-6.71843e-07
4.37612e-05
-1.77049e-06
3.40319e-05
-2.32362e-06
2.32424e-05
-2.03475e-06
1.1278e-05
-5.70364e-07
-1.78777e-06
-1.566e-05
2.47328e-06
7.95701e-06
7.37272e-05
1.25292e-05
7.42178e-05
1.5985e-05
7.01332e-05
1.71496e-05
6.60415e-05
1.72018e-05
6.00947e-05
1.67779e-05
5.2859e-05
1.63045e-05
4.42306e-05
1.60978e-05
3.42352e-05
1.6362e-05
2.29765e-05
1.74112e-05
1.02276e-05
1.95882e-05
-3.96449e-06
-1.94482e-05
2.33772e-05
1.62089e-05
5.75156e-05
2.5411e-05
6.50075e-05
2.9634e-05
6.59104e-05
3.17571e-05
6.39106e-05
3.2651e-05
5.91933e-05
3.30254e-05
5.24786e-05
3.3365e-05
4.38854e-05
3.4047e-05
3.35491e-05
3.52461e-05
2.17742e-05
3.73683e-05
8.10396e-06
4.07769e-05
-7.37354e-06
-2.46647e-05
4.59942e-05
2.34703e-05
3.40419e-05
3.65707e-05
5.1908e-05
4.33284e-05
5.91425e-05
4.63938e-05
6.08406e-05
4.78759e-05
5.77065e-05
4.88422e-05
5.15071e-05
4.98488e-05
4.28745e-05
5.14036e-05
3.1991e-05
5.36892e-05
1.94862e-05
5.73382e-05
4.45382e-06
6.26972e-05
-1.27326e-05
7.00939e-05
-3.20604e-05
-0.000108694
-1.15102e-06
-0.000105986
-2.70875e-06
-0.00010179
-4.19431e-06
-9.61351e-05
-5.65447e-06
-8.90222e-05
-7.11085e-06
-8.03924e-05
-8.6288e-06
-7.01609e-05
-1.02297e-05
-5.82164e-05
-1.19429e-05
-4.44212e-05
-1.37938e-05
-2.87965e-05
-1.56229e-05
-1.21348e-05
-1.66587e-05
-1.21337e-05
-9.25088e-05
-2.90955e-06
-8.9626e-05
-5.59188e-06
-8.57328e-05
-8.086e-06
-8.09689e-05
-1.04178e-05
-7.53991e-05
-1.26789e-05
-6.9058e-05
-1.4969e-05
-6.1877e-05
-1.74089e-05
-5.36637e-05
-2.01547e-05
-4.41501e-05
-2.33055e-05
-3.2832e-05
-2.69394e-05
-1.90346e-05
-3.04538e-05
-3.11677e-05
-7.95555e-05
-5.30395e-06
-7.60509e-05
-9.09639e-06
-7.16792e-05
-1.24567e-05
-6.66631e-05
-1.54333e-05
-6.11939e-05
-1.81471e-05
-5.5361e-05
-2.0801e-05
-4.91288e-05
-2.36402e-05
-4.23478e-05
-2.69345e-05
-3.47093e-05
-3.09425e-05
-2.60076e-05
-3.56397e-05
-1.51829e-05
-4.12775e-05
-4.63504e-05
-6.75005e-05
-8.35259e-06
-6.33309e-05
-1.32661e-05
-5.83251e-05
-1.74612e-05
-5.2806e-05
-2.0952e-05
-4.70788e-05
-2.38731e-05
-4.13907e-05
-2.64883e-05
-3.58727e-05
-2.91567e-05
-3.05086e-05
-3.22975e-05
-2.4994e-05
-3.64558e-05
-1.8943e-05
-4.16898e-05
-1.15405e-05
-4.86797e-05
-5.78885e-05
-5.55825e-05
-1.19015e-05
-5.08488e-05
-1.79964e-05
-4.52879e-05
-2.30228e-05
-3.93182e-05
-2.69189e-05
-3.33846e-05
-2.98058e-05
-2.78716e-05
-3.19989e-05
-2.30444e-05
-3.39825e-05
-1.90043e-05
-3.63359e-05
-1.55569e-05
-3.99014e-05
-1.20108e-05
-4.52352e-05
-7.29252e-06
-5.33901e-05
-6.51795e-05
-4.28418e-05
-1.5825e-05
-3.76595e-05
-2.31798e-05
-3.16537e-05
-2.9024e-05
-2.53487e-05
-3.32221e-05
-1.93063e-05
-3.58441e-05
-1.40427e-05
-3.72595e-05
-9.93321e-06
-3.80887e-05
-7.12745e-06
-3.91386e-05
-5.57526e-06
-4.14508e-05
-4.7012e-06
-4.60997e-05
-3.53368e-06
-5.45556e-05
-6.87044e-05
-2.84507e-05
-2.00142e-05
-2.29359e-05
-2.86908e-05
-1.66349e-05
-3.53222e-05
-1.01547e-05
-3.96976e-05
-4.16301e-06
-4.18315e-05
7.18108e-07
-4.2136e-05
4.02032e-06
-4.13869e-05
5.47905e-06
-4.05931e-05
5.07953e-06
-4.10451e-05
3.21244e-06
-4.42318e-05
9.77766e-07
-5.23027e-05
-6.77252e-05
-1.18452e-05
-2.4444e-05
-6.06555e-06
-3.44681e-05
3.82071e-07
-4.1766e-05
6.82399e-06
-4.61359e-05
1.25286e-05
-4.75318e-05
1.67936e-05
-4.63974e-05
1.91156e-05
-4.37052e-05
1.91516e-05
-4.06261e-05
1.67594e-05
-3.86514e-05
1.21087e-05
-3.95707e-05
6.15235e-06
-4.63477e-05
-6.15653e-05
7.29278e-06
-2.9262e-05
1.33882e-05
-4.05608e-05
1.9836e-05
-4.82105e-05
2.5962e-05
-5.22582e-05
3.10605e-05
-5.26271e-05
3.43885e-05
-4.97225e-05
3.55097e-05
-4.48241e-05
3.40716e-05
-3.91863e-05
2.97831e-05
-3.43603e-05
2.25036e-05
-3.2294e-05
1.25387e-05
-3.63718e-05
-4.90299e-05
2.89939e-05
-3.48769e-05
3.56166e-05
-4.71806e-05
4.19208e-05
-5.45119e-05
4.73813e-05
-5.77155e-05
5.14332e-05
-5.66769e-05
5.33924e-05
-5.16797e-05
5.3053e-05
-4.44837e-05
5.01618e-05
-3.62946e-05
4.42526e-05
-2.84522e-05
3.4734e-05
-2.27717e-05
2.07976e-05
-2.24418e-05
-2.82337e-05
5.30252e-05
-4.19057e-05
6.03496e-05
-5.45023e-05
6.62962e-05
-6.04551e-05
7.07416e-05
-6.21583e-05
7.31674e-05
-5.91006e-05
7.32725e-05
-5.17834e-05
7.12269e-05
-4.24377e-05
6.69915e-05
-3.20593e-05
6.00425e-05
-2.15032e-05
4.94702e-05
-1.22032e-05
3.23507e-05
-5.32382e-06
4.1113e-06
7.87539e-05
-5.05638e-05
8.62304e-05
-6.19767e-05
9.14344e-05
-6.56568e-05
9.44945e-05
-6.52172e-05
9.48321e-05
-5.94371e-05
9.2855e-05
-4.98063e-05
8.91014e-05
-3.86842e-05
8.37822e-05
-2.6741e-05
7.65062e-05
-1.4229e-05
6.62977e-05
-1.99629e-06
4.8406e-05
1.25631e-05
5.25127e-05
6.31501e-05
4.99466e-05
-7.91244e-05
6.00461e-05
5.51974e-05
6.06849e-05
5.89427e-05
6.17799e-05
6.02633e-05
6.29057e-05
5.70871e-05
6.40197e-05
5.08583e-05
6.54657e-05
4.18192e-05
6.78836e-05
2.98629e-05
7.15533e-05
1.59391e-05
7.74222e-05
-1.54493e-06
8.54173e-05
-2.1147e-05
-4.24049e-05
9.50546e-05
9.06691e-05
5.5253e-05
-9.59762e-05
8.51814e-05
6.06861e-05
8.10962e-05
6.30285e-05
7.89853e-05
6.23745e-05
7.84066e-05
5.76656e-05
7.88687e-05
5.03954e-05
8.06419e-05
4.00449e-05
8.40673e-05
2.64364e-05
8.96542e-05
1.03513e-05
9.82956e-05
-1.01872e-05
0.000108661
-3.15131e-05
-5.30695e-05
0.000119326
0.000104343
5.75432e-05
-0.000106632
0.000101352
6.36796e-05
9.82165e-05
6.61654e-05
9.57405e-05
6.48517e-05
9.42296e-05
5.91768e-05
9.391e-05
5.07146e-05
9.56682e-05
3.82857e-05
0.000100322
2.17806e-05
0.000108987
1.68489e-06
0.000120599
-2.18007e-05
0.000131997
-4.29122e-05
-6.27289e-05
0.000141657
0.00011229
-0.000113724
5.89769e-05
0.000110682
6.52887e-05
0.000109004
6.78454e-05
0.000107366
6.64916e-05
0.000106274
6.02701e-05
0.000107136
4.98534e-05
0.000111282
3.414e-05
0.000120205
1.28567e-05
0.000133225
-1.13362e-05
0.00014539
-3.3966e-05
0.000153935
-5.14579e-05
0.000158956
-6.77496e-05
0.000104414
-6.06842e-05
0.000110906
-6.90166e-05
0.000114848
-7.00047e-05
0.000115856
-6.64644e-05
0.000113826
-5.73982e-05
0.000110023
-4.58711e-05
0.00010505
-3.35209e-05
9.92006e-05
-2.06903e-05
9.24324e-05
-7.27873e-06
8.45188e-05
6.06028e-06
7.67042e-05
2.04461e-05
5.02717e-05
7.8841e-05
0.000127757
-6.9114e-05
0.000132365
-7.36231e-05
0.000133917
-7.1556e-05
0.000131959
-6.4505e-05
0.00012802
-5.3459e-05
0.000123242
-4.10936e-05
0.000117885
-2.81636e-05
0.0001121
-1.49061e-05
0.000106006
-1.18526e-06
9.96165e-05
1.24465e-05
9.43994e-05
2.56609e-05
4.894e-05
9.57312e-05
0.000146797
-7.42533e-05
0.000147761
-7.45867e-05
0.000145837
-6.96306e-05
0.000141607
-6.02737e-05
0.000136778
-4.86291e-05
0.000131811
-3.61261e-05
0.000126754
-2.31063e-05
0.000121553
-9.70562e-06
0.000116298
4.06874e-06
0.000110989
1.77562e-05
0.000106321
3.03276e-05
4.88278e-05
0.000106432
0.000159093
-7.43887e-05
0.000156422
-7.19146e-05
0.000151468
-6.46765e-05
0.000145951
-5.4756e-05
0.000140932
-4.36108e-05
0.000136332
-3.15259e-05
0.000131915
-1.86907e-05
0.000127474
-5.26499e-06
0.000123096
8.44588e-06
0.00011884
2.20086e-05
0.000114775
3.43926e-05
0.000113574
5.00293e-05
6.30643e-05
5.00671e-05
6.00155e-05
5.52954e-05
6.06488e-05
5.88305e-05
6.17859e-05
5.98651e-05
6.29796e-05
5.65347e-05
6.41396e-05
5.02649e-05
6.56278e-05
4.12068e-05
6.80719e-05
2.929e-05
7.17237e-05
1.55229e-05
7.75029e-05
-1.66834e-06
8.53494e-05
-2.09124e-05
-4.17992e-05
9.4823e-05
9.05169e-05
5.52825e-05
8.51233e-05
6.06931e-05
8.11286e-05
6.28209e-05
7.90573e-05
6.19363e-05
7.85163e-05
5.70744e-05
7.90124e-05
4.97672e-05
8.08144e-05
3.9403e-05
8.42347e-05
2.58679e-05
8.97496e-05
1.00068e-05
9.82397e-05
-1.0159e-05
0.000108437
-3.11101e-05
-5.23422e-05
0.000118981
0.000104191
5.75248e-05
0.000101288
6.3595e-05
9.82364e-05
6.58766e-05
9.58465e-05
6.43261e-05
9.43618e-05
5.85583e-05
9.40816e-05
5.0046e-05
9.58472e-05
3.76351e-05
0.000100452
2.1261e-05
0.000108974
1.48229e-06
0.000120399
-2.15848e-05
0.000131656
-4.23683e-05
-6.19725e-05
0.000141286
0.00011217
5.89294e-05
0.000110647
6.51209e-05
0.000109028
6.74952e-05
0.000107441
6.59139e-05
0.000106422
5.95789e-05
0.000107338
4.91294e-05
0.000111484
3.34883e-05
0.000120294
1.24507e-05
0.0001331
-1.13244e-05
0.000145104
-3.35895e-05
0.000153611
-5.08752e-05
0.000158671
-6.70318e-05
0.000104084
-5.9959e-05
0.000110566
-6.83885e-05
0.000114537
-6.94905e-05
0.000115617
-6.61277e-05
0.000113661
-5.72713e-05
0.00010992
-4.58884e-05
0.000104999
-3.36345e-05
9.91961e-05
-2.08496e-05
9.24657e-05
-7.44826e-06
8.45787e-05
5.90838e-06
7.67771e-05
2.03384e-05
5.02238e-05
7.89282e-05
0.000127413
-6.8389e-05
0.000132076
-7.30506e-05
0.000133698
-7.11121e-05
0.000131838
-6.42674e-05
0.000127963
-5.33963e-05
0.00012323
-4.11549e-05
0.000117902
-2.83076e-05
0.000112141
-1.50895e-05
0.000106067
-1.3758e-06
9.96946e-05
1.2278e-05
9.44874e-05
2.55436e-05
4.88807e-05
9.58287e-05
0.000146503
-7.36051e-05
0.000147543
-7.40899e-05
0.00014572
-6.92889e-05
0.000141581
-6.01271e-05
0.000136809
-4.86244e-05
0.000131874
-3.62196e-05
0.000126831
-2.32645e-05
0.000121637
-9.89544e-06
0.000116386
3.87449e-06
0.00011108
1.75828e-05
0.000106415
3.02068e-05
4.87686e-05
0.000106528
0.000158893
-7.38253e-05
0.000156316
-7.15113e-05
0.000151478
-6.44505e-05
0.000146027
-5.46765e-05
0.000141041
-4.36382e-05
0.000136452
-3.16312e-05
0.000132035
-1.8848e-05
0.000127588
-5.44897e-06
0.000123202
8.25951e-06
0.000118938
2.1845e-05
0.000114866
3.42765e-05
0.00011366
4.99766e-05
6.31425e-05
5.00741e-05
6.01105e-05
5.53752e-05
6.07572e-05
5.90469e-05
6.18671e-05
6.02086e-05
6.30229e-05
5.69149e-05
6.41539e-05
5.06318e-05
6.56209e-05
4.15393e-05
6.80608e-05
2.95525e-05
7.17313e-05
1.56807e-05
7.75702e-05
-1.68874e-06
8.5503e-05
-2.1134e-05
-4.22381e-05
9.5072e-05
9.0607e-05
5.52982e-05
8.52001e-05
6.07862e-05
8.11947e-05
6.30547e-05
7.91145e-05
6.22915e-05
7.85533e-05
5.74768e-05
7.90242e-05
5.01607e-05
8.08089e-05
3.97533e-05
8.42356e-05
2.61245e-05
8.97924e-05
1.01226e-05
9.83712e-05
-1.02687e-05
0.000108664
-3.14276e-05
-5.28619e-05
0.000119287
0.000104278
5.75516e-05
0.000101358
6.37091e-05
9.82911e-05
6.61255e-05
9.58789e-05
6.47064e-05
9.43838e-05
5.89726e-05
9.40832e-05
5.04611e-05
9.58393e-05
3.79956e-05
0.000100462
2.15004e-05
0.000109057
1.52502e-06
0.000120587
-2.18e-05
0.000131928
-4.27709e-05
-6.25389e-05
0.000141603
0.000112247
5.89672e-05
0.000110705
6.52543e-05
0.000109066
6.77686e-05
0.000107467
6.6309e-05
0.000106418
6.00257e-05
0.000107307
4.9573e-05
0.000111447
3.38561e-05
0.000120307
1.26402e-05
0.000133226
-1.13929e-05
0.000145327
-3.39014e-05
0.000153889
-5.1334e-05
0.000158974
-6.76234e-05
0.0001044
-6.04882e-05
0.000110889
-6.88814e-05
0.000114833
-6.99063e-05
0.00011586
-6.64317e-05
0.000113847
-5.74397e-05
0.000110056
-4.59592e-05
0.000105093
-3.36362e-05
9.92564e-05
-2.08107e-05
9.25016e-05
-7.39132e-06
8.46026e-05
5.96675e-06
7.68136e-05
2.03939e-05
5.02762e-05
7.90285e-05
0.000127724
-6.89253e-05
0.000132357
-7.35143e-05
0.000133938
-7.14871e-05
0.000132015
-6.45089e-05
0.000128091
-5.35156e-05
0.000123316
-4.1184e-05
0.000117955
-2.82759e-05
0.000112169
-1.50255e-05
0.000106079
-1.30187e-06
9.97008e-05
1.2342e-05
9.4509e-05
2.55835e-05
4.89025e-05
9.58827e-05
0.000146792
-7.41149e-05
0.00014779
-7.45114e-05
0.000145904
-6.96013e-05
0.0001417
-6.03045e-05
0.00013688
-4.86952e-05
0.000131909
-3.6213e-05
0.000126841
-2.32079e-05
0.00012163
-9.81484e-06
0.000116371
3.95716e-06
0.000111064
1.76488e-05
0.00010641
3.02369e-05
4.87641e-05
0.000106547
0.000159151
-7.42919e-05
0.000156506
-7.18663e-05
0.000151579
-6.46739e-05
0.000146068
-5.47934e-05
0.000141044
-4.36724e-05
0.000136434
-3.16026e-05
0.000132004
-1.87792e-05
0.000127551
-5.36242e-06
0.000123165
8.34218e-06
0.000118906
2.19046e-05
0.000114846
3.42972e-05
0.000113662
4.99485e-05
6.31274e-05
4.99436e-05
5.99939e-05
5.50385e-05
6.06038e-05
5.85362e-05
6.17554e-05
5.9685e-05
6.2962e-05
5.64958e-05
6.41437e-05
5.03209e-05
6.56364e-05
4.13778e-05
6.80729e-05
2.95506e-05
7.17109e-05
1.58454e-05
7.74778e-05
-1.31494e-06
8.53323e-05
-2.05879e-05
-4.15712e-05
9.48434e-05
9.06428e-05
5.51844e-05
8.51897e-05
6.04955e-05
8.11077e-05
6.26131e-05
7.90026e-05
6.17896e-05
7.8455e-05
5.70416e-05
7.89556e-05
4.98185e-05
8.07486e-05
3.95826e-05
8.41548e-05
2.61424e-05
8.9653e-05
1.03456e-05
9.81441e-05
-9.80707e-06
0.000108382
-3.0826e-05
-5.21884e-05
0.000119
0.000104312
5.74204e-05
0.000101364
6.34422e-05
9.82472e-05
6.57342e-05
9.57886e-05
6.42477e-05
9.42832e-05
5.85457e-05
9.39744e-05
5.01257e-05
9.57143e-05
3.78401e-05
0.000100287
2.15669e-05
0.000108795
1.83497e-06
0.00012026
-2.12733e-05
0.000131604
-4.21707e-05
-6.19231e-05
0.000141338
0.000112266
5.88169e-05
0.000110723
6.49884e-05
0.000109063
6.73926e-05
0.00010743
6.58813e-05
0.000106357
5.96198e-05
0.000107213
4.92693e-05
0.0001113
3.37524e-05
0.000120061
1.28045e-05
0.000132897
-1.1002e-05
0.000145011
-3.33884e-05
0.000153638
-5.07974e-05
0.00015879
-6.70743e-05
0.000104184
-5.9903e-05
0.000110735
-6.85262e-05
0.000114742
-6.96624e-05
0.000115855
-6.63286e-05
0.000113897
-5.74791e-05
0.000110135
-4.60433e-05
0.000105185
-3.37342e-05
9.93489e-05
-2.09062e-05
9.25907e-05
-7.47176e-06
8.46855e-05
5.90666e-06
7.68906e-05
2.03548e-05
5.02768e-05
0.000127525
-6.84266e-05
0.000132226
-7.32265e-05
0.00013388
-7.13155e-05
0.000132045
-6.44933e-05
0.000128162
-5.35961e-05
0.000123412
-4.12941e-05
0.000118063
-2.8386e-05
0.000112278
-1.51224e-05
0.000106184
-1.3792e-06
9.97998e-05
1.22886e-05
9.46017e-05
2.55503e-05
4.89012e-05
0.000146629
-7.3717e-05
0.000147692
-7.42884e-05
0.000145893
-6.95164e-05
0.000141755
-6.03543e-05
0.000136963
-4.88041e-05
0.000132007
-3.63385e-05
0.000126947
-2.33255e-05
0.000121737
-9.9132e-06
0.000116476
3.88165e-06
0.000111166
1.75977e-05
0.000106506
3.02097e-05
4.87735e-05
0.000159042
-7.39669e-05
0.000156467
-7.17132e-05
0.000151622
-6.4671e-05
0.000146146
-5.48784e-05
0.000141136
-4.37941e-05
0.000136527
-3.17304e-05
0.000132095
-1.88948e-05
0.000127639
-5.45813e-06
0.00012325
8.26928e-06
0.00011899
2.18566e-05
0.000114925
3.42727e-05
4.99757e-05
-4.19613e-05
5.99692e-05
4.09723e-05
-4.29897e-05
6.63198e-05
-4.36244e-05
6.84838e-05
-4.30055e-05
6.58762e-05
-3.99152e-05
5.71824e-05
-3.29135e-05
4.28528e-05
-2.19072e-05
2.31335e-05
-9.59938e-06
5.47672e-07
2.10473e-07
-2.11479e-05
5.68693e-06
-3.94439e-05
8.31669e-06
-5.40891e-05
-6.79746e-05
8.54223e-06
-4.08298e-05
6.04501e-05
4.03484e-05
-4.06848e-05
6.61764e-05
-3.92634e-05
6.70649e-05
-3.55106e-05
6.2126e-05
-2.87947e-05
5.04689e-05
-1.90484e-05
3.31078e-05
-8.10181e-06
1.21873e-05
1.00057e-06
-8.55496e-06
6.54182e-06
-2.66895e-05
8.94695e-06
-4.18497e-05
9.23274e-06
-5.43746e-05
-6.55735e-05
6.83103e-06
-3.74484e-05
5.9996e-05
3.79063e-05
-3.57484e-05
6.44795e-05
-3.22803e-05
6.36002e-05
-2.64314e-05
5.62807e-05
-1.82266e-05
4.22668e-05
-8.70515e-06
2.3588e-05
-1.48014e-07
3.63053e-06
5.65939e-06
-1.43628e-05
8.55785e-06
-2.95889e-05
9.24315e-06
-4.25361e-05
8.21701e-06
-5.33503e-05
-6.25679e-05
5.21069e-06
-3.23296e-05
3.38505e-05
5.84738e-05
-2.92802e-05
6.14305e-05
-2.43663e-05
5.86873e-05
-1.74799e-05
4.93957e-05
-9.32188e-06
3.41101e-05
-1.38063e-06
1.56477e-05
4.6093e-06
-2.35908e-06
8.00157e-06
-1.7755e-05
9.20417e-06
-3.07917e-05
8.78128e-06
-4.21137e-05
7.03216e-06
-5.16015e-05
3.22912e-06
-5.8765e-05
3.17428e-06
-6.9021e-05
-3.5313e-06
-6.52087e-05
-9.48399e-06
-5.87235e-05
-1.44924e-05
-4.97475e-05
-1.88657e-05
-3.92376e-05
-2.28576e-05
-2.75339e-05
-2.66702e-05
-1.48782e-05
-3.03641e-05
-1.57122e-06
-3.38467e-05
1.19275e-05
-3.69801e-05
2.51437e-05
-3.99364e-05
3.73474e-05
5.11527e-05
-4.10607e-05
-1.93566e-07
-6.19949e-05
-6.49779e-06
-5.89043e-05
-1.20966e-05
-5.31248e-05
-1.69435e-05
-4.49014e-05
-2.11971e-05
-3.49847e-05
-2.50278e-05
-2.37044e-05
-2.85595e-05
-1.13478e-05
-3.18169e-05
1.68447e-06
-3.47355e-05
1.4845e-05
-3.72675e-05
2.7672e-05
-3.95009e-05
3.95811e-05
5.20117e-05
-4.03595e-05
-1.9903e-06
-5.47957e-05
-7.86971e-06
-5.30253e-05
-1.29805e-05
-4.80144e-05
-1.75424e-05
-4.03399e-05
-2.16367e-05
-3.08908e-05
-2.53233e-05
-2.00182e-05
-2.86343e-05
-8.03704e-06
-3.15628e-05
4.61247e-06
-3.40533e-05
1.73347e-05
-3.6053e-05
2.96735e-05
-3.75658e-05
4.10923e-05
5.22552e-05
-3.78102e-05
-3.69698e-06
-4.78682e-05
-8.4307e-06
-4.82915e-05
-1.2968e-05
-4.34778e-05
-1.71828e-05
-3.6126e-05
-2.10436e-05
-2.70313e-05
-2.45123e-05
-1.65509e-05
-2.75449e-05
-5.00621e-06
-3.00906e-05
7.15626e-06
-3.2092e-05
1.93345e-05
-3.34713e-05
3.1049e-05
-3.41909e-05
4.18121e-05
-3.36772e-05
5.17418e-05
-4.20322e-05
5.99014e-05
-4.29659e-05
6.60551e-05
-4.35063e-05
6.80395e-05
-4.279e-05
6.51996e-05
-3.96312e-05
5.64213e-05
-3.26242e-05
4.21223e-05
-2.17329e-05
2.2596e-05
-9.62972e-06
3.45543e-07
2.41238e-08
-2.09801e-05
5.45699e-06
-3.90237e-05
8.08834e-06
-5.35073e-05
-6.72812e-05
8.33655e-06
-4.07771e-05
6.03199e-05
-4.0557e-05
6.58374e-05
-3.90182e-05
6.65018e-05
-3.51948e-05
6.13794e-05
-2.84696e-05
4.96985e-05
-1.88041e-05
3.24584e-05
-8.02637e-06
1.18188e-05
9.14238e-07
-8.59474e-06
6.38445e-06
-2.64502e-05
8.77733e-06
-4.14165e-05
9.06871e-06
-5.37988e-05
-6.48824e-05
6.67369e-06
-3.72806e-05
5.97903e-05
-3.55166e-05
6.40741e-05
-3.19802e-05
6.29694e-05
-2.61041e-05
5.55058e-05
-1.79383e-05
4.15345e-05
-8.54165e-06
2.30627e-05
-1.36845e-07
3.4141e-06
5.56991e-06
-1.43018e-05
8.43486e-06
-2.93159e-05
9.12011e-06
-4.21025e-05
8.09271e-06
-5.27713e-05
-6.18385e-05
5.04563e-06
-3.20948e-05
5.82087e-05
-2.89961e-05
6.09772e-05
-2.40507e-05
5.80253e-05
-1.71841e-05
4.86421e-05
-9.10811e-06
3.34613e-05
-1.29596e-06
1.52523e-05
4.58371e-06
-2.46412e-06
7.92002e-06
-1.76373e-05
9.11162e-06
-3.05067e-05
8.69657e-06
-4.16868e-05
6.95273e-06
-5.10277e-05
3.09873e-06
-5.79796e-05
3.10845e-06
-6.85955e-05
-3.4907e-06
-6.49112e-05
-9.38766e-06
-5.85533e-05
-1.43679e-05
-4.96963e-05
-1.87295e-05
-3.92767e-05
-2.27199e-05
-2.76408e-05
-2.65381e-05
-1.50297e-05
-3.02428e-05
-1.74435e-06
-3.37388e-05
1.17555e-05
-3.68885e-05
2.49943e-05
-3.98573e-05
3.72467e-05
5.11151e-05
-4.09958e-05
-2.34398e-07
-6.16856e-05
-6.44951e-06
-5.86952e-05
-1.19977e-05
-5.30051e-05
-1.68221e-05
-4.48722e-05
-2.10677e-05
-3.50316e-05
-2.48991e-05
-2.38099e-05
-2.84382e-05
-1.14915e-05
-3.17083e-05
1.52487e-06
-3.46433e-05
1.46895e-05
-3.71913e-05
2.75416e-05
-3.94419e-05
3.94951e-05
5.1998e-05
-4.03215e-05
-2.02681e-06
-5.4611e-05
-7.8266e-06
-5.28945e-05
-1.28965e-05
-4.79351e-05
-1.74392e-05
-4.03296e-05
-2.15264e-05
-3.09447e-05
-2.52137e-05
-2.01227e-05
-2.85318e-05
-8.17358e-06
-3.14724e-05
4.46553e-06
-3.39799e-05
1.71969e-05
-3.60006e-05
2.95622e-05
-3.75371e-05
4.10342e-05
5.22743e-05
-3.7814e-05
-3.70394e-06
-4.78069e-05
-8.39123e-06
-4.82066e-05
-1.28994e-05
-4.34268e-05
-1.70991e-05
-3.61303e-05
-2.09542e-05
-2.70901e-05
-2.4424e-05
-1.66536e-05
-2.74635e-05
-5.13488e-06
-3.00215e-05
7.02226e-06
-3.20408e-05
1.92151e-05
-3.3442e-05
3.09627e-05
-3.41901e-05
4.17799e-05
-3.37115e-05
5.17988e-05
-4.19828e-05
5.99578e-05
-4.29462e-05
6.62228e-05
-4.35251e-05
6.83534e-05
-4.28561e-05
6.56457e-05
-3.97375e-05
5.6911e-05
-3.2739e-05
4.25765e-05
-2.17913e-05
2.2909e-05
-9.58156e-06
4.29886e-07
1.69202e-07
-2.11443e-05
5.65892e-06
-3.93928e-05
8.34092e-06
-5.40182e-05
-6.7918e-05
8.62801e-06
-4.07684e-05
6.04073e-05
-4.05973e-05
6.60562e-05
-3.91146e-05
6.68764e-05
-3.53311e-05
6.18687e-05
-2.86172e-05
5.02022e-05
-1.8917e-05
3.28803e-05
-8.05639e-06
1.20507e-05
9.75511e-07
-8.6e-06
6.5084e-06
-2.6676e-05
8.93975e-06
-4.18239e-05
9.26699e-06
-5.43488e-05
-6.55602e-05
6.91337e-06
-3.73249e-05
5.99222e-05
-3.5607e-05
6.43437e-05
-3.2111e-05
6.33868e-05
-2.62547e-05
5.60185e-05
-1.80772e-05
4.20293e-05
-8.62499e-06
2.3431e-05
-1.4141e-07
3.5686e-06
5.63128e-06
-1.43719e-05
8.53643e-06
-2.95813e-05
9.24556e-06
-4.25342e-05
8.24501e-06
-5.33496e-05
-6.25822e-05
5.25455e-06
-3.21702e-05
5.8383e-05
-2.91105e-05
6.12878e-05
-2.41896e-05
5.84712e-05
-1.73215e-05
4.91559e-05
-9.21445e-06
3.39271e-05
-1.34181e-06
1.55618e-05
4.60146e-06
-2.37187e-06
7.98105e-06
-1.77496e-05
9.19481e-06
-3.07932e-05
8.78856e-06
-4.21273e-05
7.04932e-06
-5.16139e-05
3.22962e-06
-5.87554e-05
3.27971e-06
-6.89428e-05
-3.426e-06
-6.51601e-05
-9.37839e-06
-5.87215e-05
-1.43905e-05
-4.97814e-05
-1.8771e-05
-3.9292e-05
-2.2771e-05
-2.76026e-05
-2.65918e-05
-1.49587e-05
-3.02929e-05
-1.66134e-06
-3.37809e-05
1.18294e-05
-3.69177e-05
2.50431e-05
-3.98724e-05
3.72506e-05
5.10638e-05
-4.09884e-05
-1.07086e-07
-6.19235e-05
-6.40986e-06
-5.8857e-05
-1.20082e-05
-5.31232e-05
-1.68598e-05
-4.49304e-05
-2.11196e-05
-3.50328e-05
-2.49567e-05
-2.37666e-05
-2.84942e-05
-1.14222e-05
-3.17567e-05
1.59966e-06
-3.46794e-05
1.47511e-05
-3.72135e-05
2.75739e-05
-3.94469e-05
3.94845e-05
5.19214e-05
-4.0304e-05
-1.93009e-06
-5.47366e-05
-7.80121e-06
-5.29854e-05
-1.29109e-05
-4.80135e-05
-1.74766e-05
-4.03649e-05
-2.15756e-05
-3.09341e-05
-2.5267e-05
-2.00756e-05
-2.85825e-05
-8.10695e-06
-3.15147e-05
4.53151e-06
-3.4009e-05
1.72447e-05
-3.60126e-05
2.95795e-05
-3.75302e-05
4.10008e-05
5.21732e-05
-3.77827e-05
-3.6615e-06
-4.78493e-05
-8.38027e-06
-4.8267e-05
-1.2915e-05
-4.34793e-05
-1.71322e-05
-3.61484e-05
-2.09969e-05
-2.70705e-05
-2.44696e-05
-1.6604e-05
-2.75063e-05
-5.07179e-06
-3.00562e-05
7.07982e-06
-3.20627e-05
1.92497e-05
-3.34482e-05
3.09616e-05
-3.41766e-05
4.17297e-05
-3.36773e-05
5.16743e-05
-4.19613e-05
5.97904e-05
-4.29207e-05
6.59479e-05
-4.35044e-05
6.79802e-05
-4.28474e-05
6.52258e-05
-3.97615e-05
5.65345e-05
-3.28289e-05
4.23364e-05
-2.19696e-05
2.28917e-05
-9.81105e-06
6.43605e-07
-4.35431e-08
-2.07717e-05
5.49569e-06
-3.89292e-05
8.20137e-06
-5.35041e-05
-6.73713e-05
8.49764e-06
-4.07349e-05
6.02221e-05
-4.05528e-05
6.57681e-05
-3.90699e-05
6.64978e-05
-3.53076e-05
6.14664e-05
-2.86425e-05
4.98715e-05
-1.9012e-05
3.27072e-05
-8.20588e-06
1.20859e-05
8.19998e-07
-8.3822e-06
6.37783e-06
-2.63296e-05
8.83262e-06
-4.13842e-05
9.16745e-06
-5.38388e-05
-6.50062e-05
6.80505e-06
-3.72774e-05
5.97168e-05
-3.55537e-05
6.40449e-05
-3.20683e-05
6.30163e-05
-2.62438e-05
5.5644e-05
-1.81153e-05
4.17445e-05
-8.71481e-06
2.33074e-05
-2.57514e-07
3.62842e-06
5.51953e-06
-1.41598e-05
8.44022e-06
-2.92514e-05
9.16517e-06
-4.211e-05
8.16738e-06
-5.28414e-05
-6.19897e-05
5.14831e-06
-3.21229e-05
5.81631e-05
-2.90631e-05
6.09868e-05
-2.41618e-05
5.81157e-05
-1.73305e-05
4.88153e-05
-9.26535e-06
3.36819e-05
-1.42693e-06
1.54706e-05
4.50356e-06
-2.30075e-06
7.88949e-06
-1.75451e-05
9.1188e-06
-3.048e-05
8.72909e-06
-4.17199e-05
7.00058e-06
-5.1113e-05
3.15732e-06
-5.81427e-05
3.25419e-06
-6.87225e-05
-3.37163e-06
-6.50868e-05
-9.29565e-06
-5.8747e-05
-1.43026e-05
-4.98717e-05
-1.86874e-05
-3.94096e-05
-2.26963e-05
-2.77219e-05
-2.65267e-05
-1.50646e-05
-3.02358e-05
-1.74939e-06
-3.37285e-05
1.17617e-05
-3.68696e-05
2.49972e-05
-3.98321e-05
3.7237e-05
5.11149e-05
-1.22225e-07
-6.17937e-05
-6.35824e-06
-5.88503e-05
-1.19312e-05
-5.31743e-05
-1.67815e-05
-4.50219e-05
-2.10504e-05
-3.51416e-05
-2.49005e-05
-2.38725e-05
-2.84529e-05
-1.15136e-05
-3.17298e-05
1.52622e-06
-3.46651e-05
1.46956e-05
-3.72082e-05
2.75396e-05
-3.94573e-05
3.94834e-05
5.20077e-05
-1.93835e-06
-5.47061e-05
-7.75761e-06
-5.30306e-05
-1.28496e-05
-4.80825e-05
-1.74152e-05
-4.04565e-05
-2.15239e-05
-3.10334e-05
-2.52298e-05
-2.0167e-05
-2.85629e-05
-8.1809e-06
-3.15144e-05
4.47738e-06
-3.4029e-05
1.72098e-05
-3.60578e-05
2.95679e-05
-3.76075e-05
4.10356e-05
5.23051e-05
-3.6502e-06
-4.78975e-05
-8.344e-06
-4.83366e-05
-1.28694e-05
-4.35572e-05
-1.70886e-05
-3.6238e-05
-2.09627e-05
-2.716e-05
-2.44501e-05
-1.66807e-05
-2.7506e-05
-5.12627e-06
-3.00794e-05
7.0491e-06
-3.21146e-05
1.92435e-05
-3.35345e-05
3.09867e-05
-3.43056e-05
4.18036e-05
5.18516e-05
-2.62313e-05
5.59451e-05
2.87623e-05
-2.21349e-05
5.73354e-05
-1.64195e-05
5.29739e-05
-9.43545e-06
4.24138e-05
-2.21778e-06
2.68943e-05
3.8306e-06
9.60047e-06
7.68798e-06
-6.21607e-06
9.38375e-06
-1.9451e-05
9.41672e-06
-3.08254e-05
8.16248e-06
-4.08605e-05
5.41655e-06
-4.88573e-05
-5.33524e-05
-1.98176e-05
5.25634e-05
2.31968e-05
-1.50364e-05
5.25531e-05
-9.0759e-06
4.70128e-05
-2.57399e-06
3.59119e-05
3.37293e-06
2.09478e-05
7.6769e-06
5.29682e-06
9.90993e-06
-8.44894e-06
1.04038e-05
-1.99449e-05
9.61868e-06
-3.00404e-05
7.84763e-06
-3.909e-05
5.05776e-06
-4.60685e-05
-4.82941e-05
-1.36007e-05
4.85383e-05
1.76264e-05
-8.45568e-06
4.74085e-05
-2.62059e-06
4.11787e-05
3.13147e-06
3.01611e-05
7.80023e-06
1.62803e-05
1.06694e-05
2.42847e-06
1.17033e-05
-9.48254e-06
1.13314e-05
-1.95731e-05
9.94806e-06
-2.86575e-05
7.80531e-06
-3.6948e-05
4.84489e-06
-4.31096e-05
-4.34548e-05
-7.90751e-06
4.40539e-05
1.23891e-05
-2.63663e-06
4.21358e-05
2.86994e-06
3.56707e-05
7.81152e-06
2.52188e-05
1.13598e-05
1.27317e-05
1.31274e-05
6.60855e-07
1.32945e-05
-9.64981e-06
1.22909e-05
-1.85697e-05
1.04484e-05
-2.68152e-05
8.0119e-06
-3.4512e-05
4.95227e-06
-4.00513e-05
-3.85014e-05
-2.92169e-06
3.92661e-05
7.70944e-06
2.32316e-06
3.68909e-05
7.42381e-06
3.05707e-05
1.162e-05
2.10233e-05
1.42759e-05
1.00767e-05
1.52492e-05
-3.12344e-07
1.48072e-05
-9.20742e-06
1.33379e-05
-1.71006e-05
1.11156e-05
-2.45933e-05
8.38724e-06
-3.17836e-05
5.12566e-06
-3.67908e-05
-3.33816e-05
1.26622e-06
3.42733e-05
3.72381e-06
6.41163e-06
3.1744e-05
1.11188e-05
2.58621e-05
1.47067e-05
1.74348e-05
1.67155e-05
8.06704e-06
1.71597e-05
-7.5682e-07
1.63081e-05
-8.35642e-06
1.44914e-05
-1.52842e-05
1.1931e-05
-2.20332e-05
8.88353e-06
-2.87363e-05
5.364e-06
-3.32725e-05
-2.80173e-05
4.63018e-06
2.91345e-05
5.07825e-07
9.67181e-06
2.67015e-05
1.40623e-05
2.14725e-05
1.72137e-05
1.42827e-05
1.88062e-05
6.47538e-06
1.89375e-05
-8.88959e-07
1.78277e-05
-7.24596e-06
1.57454e-05
-1.32027e-05
1.28604e-05
-1.91482e-05
9.43233e-06
-2.53088e-05
5.54592e-06
-2.93866e-05
-2.24759e-05
7.19785e-06
2.38518e-05
-1.91771e-06
1.21904e-05
2.17087e-05
1.63833e-05
1.72786e-05
1.92763e-05
1.13899e-05
2.06465e-05
5.10386e-06
2.06296e-05
-8.72213e-07
1.93695e-05
-5.98694e-06
1.70734e-05
-1.09068e-05
1.3857e-05
-1.59327e-05
9.96468e-06
-2.14159e-05
5.59034e-06
-2.50138e-05
-1.68856e-05
9.04602e-06
1.83872e-05
-3.58197e-06
1.40888e-05
1.66616e-05
1.82279e-05
1.31439e-05
2.10216e-05
8.58997e-06
2.23146e-05
3.81608e-06
2.22601e-05
-8.22694e-07
2.09171e-05
-4.63942e-06
1.84301e-05
-8.42423e-06
1.4861e-05
-1.23599e-05
1.04013e-05
-1.69607e-05
5.34263e-06
-1.99526e-05
-1.15465e-05
1.02883e-05
1.26534e-05
-4.55953e-06
1.55178e-05
1.14302e-05
1.97389e-05
8.92229e-06
2.25444e-05
5.78237e-06
2.38333e-05
2.52719e-06
2.38062e-05
-7.9679e-07
2.24073e-05
-3.24036e-06
1.97358e-05
-5.75409e-06
1.57923e-05
-8.41644e-06
1.06526e-05
-1.18217e-05
4.66077e-06
-1.39607e-05
-6.88505e-06
1.10573e-05
6.52866e-06
-4.94261e-06
1.66031e-05
5.87922e-06
2.09981e-05
4.52601e-06
2.38785e-05
2.89794e-06
2.515e-05
1.25527e-06
2.51158e-05
-7.65712e-07
2.36077e-05
-1.73217e-06
2.07613e-05
-2.90988e-06
1.64731e-05
-4.1278e-06
1.06478e-05
-5.99757e-06
3.70058e-06
-7.01206e-06
-3.18341e-06
1.11719e-05
-4.64664e-06
1.70509e-05
2.15761e-05
2.4474e-05
2.57286e-05
2.4963e-05
2.32304e-05
2.03207e-05
1.61927e-05
1.01953e-05
3.18341e-06
-4.3012e-06
-4.35666e-05
-8.3626e-06
-4.42302e-05
-1.24508e-05
-3.939e-05
-1.63252e-05
-3.22522e-05
-1.99031e-05
-2.3454e-05
-2.30832e-05
-1.33714e-05
-2.57674e-05
-2.32264e-06
-2.78674e-05
9.25575e-06
-2.93095e-05
2.07756e-05
-3.00086e-05
3.17497e-05
-2.98954e-05
4.16971e-05
5.039e-05
-2.85446e-05
-3.69627e-06
-3.98694e-05
-7.90434e-06
-4.00223e-05
-1.16995e-05
-3.55955e-05
-1.52643e-05
-2.86886e-05
-1.85294e-05
-2.01902e-05
-2.13669e-05
-1.05356e-05
-2.36436e-05
-4.77168e-08
-2.52435e-05
1.08534e-05
-2.60821e-05
2.16125e-05
-2.6074e-05
3.17379e-05
-2.51352e-05
4.07584e-05
4.82234e-05
-2.29684e-05
-3.91895e-06
-3.59488e-05
-7.50841e-06
-3.64329e-05
-1.09641e-05
-3.214e-05
-1.42191e-05
-2.54344e-05
-1.71526e-05
-1.72573e-05
-1.96121e-05
-8.07689e-06
-2.14426e-05
1.78204e-06
-2.25103e-05
1.19203e-05
-2.2729e-05
2.18302e-05
-2.20178e-05
3.1028e-05
-2.03058e-05
3.90444e-05
4.53295e-05
-1.7413e-05
-3.82642e-06
-3.2123e-05
-7.20515e-06
-3.30543e-05
-1.0371e-05
-2.89752e-05
-1.33398e-05
-2.24666e-05
-1.59436e-05
-1.46552e-05
-1.80108e-05
-6.01119e-06
-1.93762e-05
3.14545e-06
-1.98992e-05
1.24414e-05
-1.95016e-05
2.14309e-05
-1.81196e-05
2.96428e-05
-1.57117e-05
3.66364e-05
4.18275e-05
-1.22096e-05
-3.95847e-06
-2.81617e-05
-7.06625e-06
-2.99471e-05
-1.00036e-05
-2.60376e-05
-1.27332e-05
-1.97385e-05
-1.50307e-05
-1.23579e-05
-1.67117e-05
-4.33158e-06
-1.76117e-05
4.04475e-06
-1.75941e-05
1.24229e-05
-1.65996e-05
2.04351e-05
-1.45911e-05
2.76355e-05
-1.15729e-05
3.36164e-05
3.78275e-05
-7.57421e-06
-4.09646e-06
-2.40666e-05
-7.09446e-06
-2.69493e-05
-9.90928e-06
-2.32238e-05
-1.24725e-05
-1.71764e-05
-1.45075e-05
-1.03243e-05
-1.58257e-05
-3.01491e-06
-1.62779e-05
4.49532e-06
-1.57381e-05
1.18813e-05
-1.41759e-05
1.88716e-05
-1.15917e-05
2.50487e-05
-8.04068e-06
3.00651e-05
3.34247e-05
-3.63805e-06
-4.27584e-06
-1.97901e-05
-7.28787e-06
-2.3938e-05
-1.01171e-05
-2.03951e-05
-1.26074e-05
-1.46873e-05
-1.44384e-05
-8.49417e-06
-1.54317e-05
-2.02281e-06
-1.54665e-05
4.52901e-06
-1.4435e-05
1.08488e-05
-1.23424e-05
1.67775e-05
-9.23043e-06
2.19373e-05
-5.21096e-06
2.60439e-05
2.86828e-05
-4.70292e-07
-4.40286e-06
-1.53896e-05
-7.62783e-06
-2.07142e-05
-1.06435e-05
-1.73798e-05
-1.31674e-05
-1.21652e-05
-1.48596e-05
-6.80292e-06
-1.5573e-05
-1.3111e-06
-1.52318e-05
4.18664e-06
-1.37496e-05
9.36497e-06
-1.11678e-05
1.41943e-05
-7.57283e-06
1.83405e-05
-3.13068e-06
2.16006e-05
2.36387e-05
1.91254e-06
-4.38388e-06
-1.10101e-05
-8.09169e-06
-1.70068e-05
-1.14938e-05
-1.39805e-05
-1.41612e-05
-9.49748e-06
-1.57828e-05
-5.18337e-06
-1.62594e-05
-8.34955e-07
-1.55909e-05
3.51595e-06
-1.37074e-05
7.48101e-06
-1.06803e-05
1.11648e-05
-6.63858e-06
1.42993e-05
-1.79992e-06
1.67608e-05
1.82946e-05
3.54289e-06
-4.09955e-06
-6.91683e-06
-8.65839e-06
-1.24514e-05
-1.26538e-05
-9.98684e-06
-1.55601e-05
-6.59365e-06
-1.71816e-05
-3.56343e-06
-1.74716e-05
-5.47847e-07
-1.65348e-05
2.57693e-06
-1.42966e-05
5.24031e-06
-1.08695e-05
7.73465e-06
-6.41229e-06
9.84169e-06
-1.18083e-06
1.15281e-05
1.26171e-05
4.49531e-06
-3.69217e-06
-3.23566e-06
-9.35041e-06
-6.79898e-06
-1.40744e-05
-5.26696e-06
-1.72721e-05
-3.39972e-06
-1.89789e-05
-1.8606e-06
-1.91087e-05
-4.23826e-07
-1.79597e-05
1.42295e-06
-1.54327e-05
2.70786e-06
-1.16798e-05
3.97617e-06
-6.85809e-06
5.01829e-06
-1.22603e-06
5.89325e-06
6.52728e-06
4.86068e-06
-3.23734e-06
-1.00373e-05
-1.5305e-05
-1.87055e-05
-2.05671e-05
-2.0992e-05
-1.95701e-05
-1.68634e-05
-1.28875e-05
-7.86974e-06
-1.97715e-06
4.54987e-06
-2.59707e-05
5.56345e-05
-2.1848e-05
5.68551e-05
-1.61376e-05
5.2318e-05
-9.20873e-06
4.17153e-05
-2.08891e-06
2.63431e-05
3.85139e-06
9.31311e-06
7.63786e-06
-6.24996e-06
9.30617e-06
-1.93053e-05
9.34091e-06
-3.05415e-05
8.10204e-06
-4.04482e-05
5.37974e-06
-4.83048e-05
-5.26037e-05
-1.95657e-05
5.22322e-05
-1.47827e-05
5.20734e-05
-8.856e-06
4.63921e-05
-2.42808e-06
3.52899e-05
3.42358e-06
2.04937e-05
7.64651e-06
5.09207e-06
9.83817e-06
-8.44021e-06
1.03229e-05
-1.97888e-05
9.54807e-06
-2.97657e-05
7.79621e-06
-3.86954e-05
5.02123e-06
-4.55295e-05
-4.7578e-05
-1.33827e-05
4.82016e-05
-8.25663e-06
4.69477e-05
-2.47372e-06
4.06118e-05
3.19759e-06
2.96201e-05
7.78275e-06
1.591e-05
1.05953e-05
2.28058e-06
1.16087e-05
-9.45273e-06
1.12402e-05
-1.94196e-05
9.87396e-06
-2.83992e-05
7.75576e-06
-3.65769e-05
4.82012e-06
-4.2593e-05
-4.27609e-05
-7.73861e-06
4.3731e-05
-2.50137e-06
4.17114e-05
2.94239e-06
3.51685e-05
7.80458e-06
2.47602e-05
1.12837e-05
1.24329e-05
1.3014e-05
5.5193e-07
1.31748e-05
-9.61214e-06
1.21832e-05
-1.84269e-05
1.03635e-05
-2.65784e-05
7.95645e-06
-3.41689e-05
4.9222e-06
-3.9558e-05
-3.78341e-05
-2.80939e-06
3.89658e-05
2.39251e-06
3.65099e-05
7.42644e-06
3.01371e-05
1.15487e-05
2.0639e-05
1.4149e-05
9.8341e-06
1.50991e-05
-3.97335e-07
1.46601e-05
-9.17191e-06
1.32087e-05
-1.69747e-05
1.10141e-05
-2.43832e-05
8.32117e-06
-3.1475e-05
5.09337e-06
-3.63292e-05
-3.27425e-05
1.32072e-06
3.40071e-05
6.4186e-06
3.14129e-05
1.1059e-05
2.5497e-05
1.45805e-05
1.71201e-05
1.65451e-05
7.87122e-06
1.69751e-05
-8.25512e-07
1.61319e-05
-8.32759e-06
1.43367e-05
-1.51782e-05
1.18077e-05
-2.18533e-05
8.80173e-06
-2.84678e-05
5.32342e-06
-3.28499e-05
-2.74144e-05
4.63068e-06
2.89055e-05
9.62314e-06
2.64208e-05
1.39496e-05
2.1173e-05
1.70418e-05
1.40283e-05
1.85984e-05
6.31694e-06
1.87202e-05
-9.47132e-07
1.76211e-05
-7.22626e-06
1.55618e-05
-1.31186e-05
1.27107e-05
-1.90007e-05
9.32984e-06
-2.50863e-05
5.50035e-06
-2.90187e-05
-2.19142e-05
7.15203e-06
2.36659e-05
1.20951e-05
2.14787e-05
1.6227e-05
1.70414e-05
1.90668e-05
1.11914e-05
2.04061e-05
4.97911e-06
2.03814e-05
-9.20146e-07
1.91318e-05
-5.97588e-06
1.68586e-05
-1.08436e-05
1.36772e-05
-1.58189e-05
9.83713e-06
-2.12442e-05
5.53829e-06
-2.47189e-05
-1.63718e-05
8.96284e-06
1.82453e-05
1.39564e-05
1.64857e-05
1.80361e-05
1.29642e-05
2.07804e-05
8.44298e-06
2.20451e-05
3.72161e-06
2.1982e-05
-8.6136e-07
2.06479e-05
-4.63426e-06
1.81821e-05
-8.38153e-06
1.46484e-05
-1.22792e-05
1.02427e-05
-1.68416e-05
5.29237e-06
-1.97641e-05
-1.10798e-05
1.01783e-05
1.25619e-05
1.53563e-05
1.13089e-05
1.95189e-05
8.79964e-06
2.22774e-05
5.68445e-06
2.35388e-05
2.46361e-06
2.35008e-05
-8.21517e-07
2.21078e-05
-3.23753e-06
1.9455e-05
-5.72707e-06
1.5547e-05
-8.36869e-06
1.04544e-05
-1.17474e-05
4.6402e-06
-1.39467e-05
-6.43359e-06
1.09301e-05
6.49157e-06
1.64209e-05
5.81859e-06
2.0756e-05
4.46262e-06
2.35898e-05
2.85053e-06
2.48342e-05
1.22485e-06
2.47866e-05
-7.70355e-07
2.32822e-05
-1.72682e-06
2.04507e-05
-2.89295e-06
1.61984e-05
-4.1114e-06
1.03954e-05
-5.94128e-06
3.66657e-06
-7.21015e-06
-2.7525e-06
1.10416e-05
1.68598e-05
2.13223e-05
2.41739e-05
2.53992e-05
2.46303e-05
2.29038e-05
2.00118e-05
1.59008e-05
9.96056e-06
2.7525e-06
-4.29138e-06
-4.35115e-05
-8.32679e-06
-4.41701e-05
-1.23955e-05
-3.93578e-05
-1.62588e-05
-3.2267e-05
-1.98328e-05
-2.35161e-05
-2.30151e-05
-1.34716e-05
-2.57065e-05
-2.44361e-06
-2.78189e-05
9.13443e-06
-2.92783e-05
2.06743e-05
-3.00005e-05
3.16847e-05
-2.99148e-05
4.16966e-05
5.04809e-05
-2.85978e-05
-3.68307e-06
-3.98278e-05
-7.87441e-06
-3.99782e-05
-1.16557e-05
-3.55766e-05
-1.52126e-05
-2.87104e-05
-1.84758e-05
-2.02536e-05
-2.13167e-05
-1.06314e-05
-2.36013e-05
-1.60146e-07
-2.52132e-05
1.07452e-05
-2.60686e-05
2.15283e-05
-2.60813e-05
3.16966e-05
-2.51683e-05
4.07813e-05
4.83437e-05
-2.30288e-05
-3.90772e-06
-3.59153e-05
-7.48448e-06
-3.64005e-05
-1.09297e-05
-3.21306e-05
-1.41794e-05
-2.54608e-05
-1.71127e-05
-1.73201e-05
-1.9577e-05
-8.16753e-06
-2.1416e-05
1.67869e-06
-2.24957e-05
1.18245e-05
-2.27295e-05
2.17618e-05
-2.20372e-05
3.10041e-05
-2.03451e-05
3.90909e-05
4.54699e-05
-1.74723e-05
-3.81715e-06
-3.20982e-05
-7.18608e-06
-3.30311e-05
-1.03441e-05
-2.89729e-05
-1.33096e-05
-2.24955e-05
-1.59149e-05
-1.47155e-05
-1.7988e-05
-6.09521e-06
-1.93624e-05
3.05206e-06
-1.98971e-05
1.2358e-05
-1.95129e-05
2.13764e-05
-1.81458e-05
2.9636e-05
-1.57527e-05
3.66961e-05
4.19799e-05
-1.22613e-05
-3.9503e-06
-2.81421e-05
-7.05088e-06
-2.993e-05
-9.98254e-06
-2.60401e-05
-1.27106e-05
-1.97681e-05
-1.50109e-05
-1.24146e-05
-1.66987e-05
-4.40818e-06
-1.76081e-05
3.96143e-06
-1.76016e-05
1.23508e-05
-1.66182e-05
2.03925e-05
-1.46212e-05
2.7639e-05
-1.1611e-05
3.36869e-05
3.79827e-05
-7.61447e-06
-4.08922e-06
-2.40532e-05
-7.08189e-06
-2.69368e-05
-9.89277e-06
-2.32296e-05
-1.24559e-05
-1.72053e-05
-1.4495e-05
-1.03764e-05
-1.58207e-05
-3.08316e-06
-1.62822e-05
4.42191e-06
-1.57525e-05
1.18202e-05
-1.41992e-05
1.88381e-05
-1.16221e-05
2.50611e-05
-8.0732e-06
3.01369e-05
3.35745e-05
-3.66414e-06
-4.2688e-06
-1.97809e-05
-7.27723e-06
-2.39282e-05
-1.01041e-05
-2.04024e-05
-1.25957e-05
-1.47141e-05
-1.44317e-05
-8.5403e-06
-1.54331e-05
-2.08249e-06
-1.54771e-05
4.46579e-06
-1.44549e-05
1.07971e-05
-1.23685e-05
1.67514e-05
-9.26007e-06
2.19523e-05
-5.23627e-06
2.61136e-05
2.88193e-05
-4.81612e-07
-4.39617e-06
-1.53848e-05
-7.61854e-06
-2.07062e-05
-1.06332e-05
-1.73877e-05
-1.31596e-05
-1.2189e-05
-1.48581e-05
-6.84244e-06
-1.55802e-05
-1.36143e-06
-1.52481e-05
4.13293e-06
-1.37742e-05
9.32237e-06
-1.11966e-05
1.41728e-05
-7.60127e-06
1.83567e-05
-3.14958e-06
2.16612e-05
2.37554e-05
1.91442e-06
-4.37802e-06
-1.10087e-05
-8.08343e-06
-1.70002e-05
-1.14855e-05
-1.39878e-05
-1.41567e-05
-9.51727e-06
-1.57857e-05
-5.21371e-06
-1.62721e-05
-8.76237e-07
-1.56126e-05
3.47425e-06
-1.37374e-05
7.44496e-06
-1.07124e-05
1.1149e-05
-6.66805e-06
1.43107e-05
-1.81521e-06
1.68087e-05
1.83865e-05
3.55375e-06
-4.09533e-06
-6.91606e-06
-8.65097e-06
-1.24464e-05
-1.2647e-05
-9.99302e-06
-1.55581e-05
-6.60746e-06
-1.71886e-05
-3.58372e-06
-1.74892e-05
-5.77395e-07
-1.65625e-05
2.547e-06
-1.43328e-05
5.21368e-06
-1.09078e-05
7.72321e-06
-6.44604e-06
9.84811e-06
-1.19747e-06
1.15596e-05
1.26799e-05
4.50858e-06
-3.69016e-06
-3.2313e-06
-9.34378e-06
-6.79587e-06
-1.40685e-05
-5.27124e-06
-1.72722e-05
-3.40587e-06
-1.89892e-05
-1.8686e-06
-1.91312e-05
-4.38957e-07
-1.79934e-05
1.40754e-06
-1.54766e-05
2.69351e-06
-1.17266e-05
3.97167e-06
-6.90056e-06
5.02e-06
-1.25058e-06
5.90808e-06
6.55938e-06
4.86859e-06
-3.23216e-06
-1.00288e-05
-1.53004e-05
-1.87066e-05
-2.05759e-05
-2.10152e-05
-1.96083e-05
-1.69151e-05
-1.29438e-05
-7.92411e-06
-2.01632e-06
4.54286e-06
-2.60582e-05
5.58461e-05
-2.19624e-05
5.71959e-05
-1.626e-05
5.27735e-05
-9.31355e-06
4.2214e-05
-2.1524e-06
2.67696e-05
3.84428e-06
9.56766e-06
7.67759e-06
-6.2035e-06
9.37125e-06
-1.94423e-05
9.41365e-06
-3.08352e-05
8.17045e-06
-4.08849e-05
5.42936e-06
-4.8873e-05
-5.33376e-05
-1.9651e-05
5.24693e-05
-1.48817e-05
5.24291e-05
-8.94844e-06
4.68437e-05
-2.49158e-06
3.57612e-05
3.40614e-06
2.08755e-05
7.67778e-06
5.29913e-06
9.90131e-06
-8.42484e-06
1.03975e-05
-1.99365e-05
9.61952e-06
-3.00555e-05
7.85594e-06
-3.91196e-05
5.06947e-06
-4.60883e-05
-4.82597e-05
-1.34559e-05
4.84546e-05
-8.33066e-06
4.73065e-05
-2.52949e-06
4.10458e-05
3.17939e-06
3.00555e-05
7.81174e-06
1.6246e-05
1.06644e-05
2.44851e-06
1.16975e-05
-9.45631e-06
1.13297e-05
-1.95676e-05
9.95174e-06
-2.86768e-05
7.81333e-06
-3.69813e-05
4.85441e-06
-4.31285e-05
-4.34152e-05
-7.79341e-06
4.39872e-05
-2.54554e-06
4.20602e-05
2.92681e-06
3.55758e-05
7.83262e-06
2.51525e-05
1.13577e-05
1.27236e-05
1.31202e-05
6.88288e-07
1.32911e-05
-9.62534e-06
1.22923e-05
-1.85671e-05
1.04541e-05
-2.68366e-05
8.02052e-06
-3.45459e-05
4.96034e-06
-4.00685e-05
-3.84457e-05
-2.84205e-06
3.92158e-05
2.38109e-06
3.68389e-05
7.45166e-06
3.05078e-05
1.16216e-05
2.09848e-05
1.42653e-05
1.00821e-05
1.52408e-05
-2.85641e-07
1.48052e-05
-9.18824e-06
1.3341e-05
-1.71018e-05
1.11224e-05
-2.4617e-05
8.39589e-06
-3.18189e-05
5.13318e-06
-3.68041e-05
-3.33199e-05
1.31204e-06
3.424e-05
6.44009e-06
3.17119e-05
1.11236e-05
2.58259e-05
1.46946e-05
1.74156e-05
1.66992e-05
8.07939e-06
1.71499e-05
-7.34749e-07
1.63058e-05
-8.34272e-06
1.44943e-05
-1.52887e-05
1.19373e-05
-2.20582e-05
8.89155e-06
-2.87707e-05
5.3693e-06
-3.32811e-05
-2.7941e-05
4.64555e-06
2.91133e-05
9.67571e-06
2.66832e-05
1.40492e-05
2.14538e-05
1.71917e-05
1.42753e-05
1.87848e-05
6.48776e-06
1.89251e-05
-8.7337e-07
1.78228e-05
-7.23895e-06
1.57459e-05
-1.32105e-05
1.28639e-05
-1.91743e-05
9.43765e-06
-2.53433e-05
5.54976e-06
-2.93902e-05
-2.23933e-05
7.18727e-06
2.38409e-05
1.21736e-05
2.16976e-05
1.63559e-05
1.72736e-05
1.92457e-05
1.13866e-05
2.06193e-05
5.11594e-06
2.06124e-05
-8.65156e-07
1.93596e-05
-5.98477e-06
1.70687e-05
-1.09179e-05
1.38546e-05
-1.59582e-05
9.96457e-06
-2.14503e-05
5.58993e-06
-2.50133e-05
-1.67918e-05
9.0123e-06
1.83815e-05
1.40544e-05
1.66582e-05
1.81865e-05
1.31399e-05
2.09829e-05
8.5947e-06
2.22793e-05
3.81934e-06
2.22362e-05
-8.19409e-07
2.08988e-05
-4.64484e-06
1.84171e-05
-8.43548e-06
1.48483e-05
-1.23849e-05
1.03919e-05
-1.69928e-05
5.33393e-06
-1.99491e-05
-1.14542e-05
1.02343e-05
1.26556e-05
1.54653e-05
1.14279e-05
1.96849e-05
8.92175e-06
2.2495e-05
5.78747e-06
2.3789e-05
2.52765e-06
2.37717e-05
-7.98713e-07
2.2378e-05
-3.24804e-06
1.971e-05
-5.76442e-06
1.57653e-05
-8.43512e-06
1.06263e-05
-1.18483e-05
4.6357e-06
-1.39498e-05
-6.80126e-06
1.09845e-05
6.53903e-06
1.65334e-05
5.8809e-06
2.09301e-05
4.52747e-06
2.38169e-05
2.90565e-06
2.50934e-05
1.25537e-06
2.50662e-05
-7.64489e-07
2.35612e-05
-1.73753e-06
2.07161e-05
-2.9136e-06
1.64259e-05
-4.13582e-06
1.0595e-05
-6.00693e-06
3.65217e-06
-6.98434e-06
-3.12461e-06
1.10823e-05
1.69636e-05
2.1492e-05
2.43984e-05
2.56549e-05
2.48916e-05
2.3155e-05
2.02428e-05
1.61086e-05
1.01047e-05
3.12461e-06
-4.27842e-06
-4.35695e-05
-8.32688e-06
-4.42184e-05
-1.24117e-05
-3.93947e-05
-1.62874e-05
-3.2273e-05
-1.98686e-05
-2.34899e-05
-2.30526e-05
-1.34205e-05
-2.57412e-05
-2.3837e-06
-2.78465e-05
9.18458e-06
-2.92951e-05
2.06975e-05
-3.00027e-05
3.16709e-05
-2.99016e-05
4.16271e-05
5.03404e-05
-2.85685e-05
-3.68639e-06
-3.9888e-05
-7.88058e-06
-4.00254e-05
-1.16717e-05
-3.56045e-05
-1.52373e-05
-2.87086e-05
-1.85055e-05
-2.02229e-05
-2.13472e-05
-1.05802e-05
-2.3629e-05
-1.0355e-07
-2.52351e-05
1.07887e-05
-2.60817e-05
2.15426e-05
-2.60839e-05
3.16698e-05
-2.51587e-05
4.07024e-05
4.81923e-05
-2.30103e-05
-3.91178e-06
-3.5975e-05
-7.4927e-06
-3.64449e-05
-1.09452e-05
-3.21522e-05
-1.42013e-05
-2.54533e-05
-1.71379e-05
-1.72867e-05
-1.96022e-05
-8.11691e-06
-2.14384e-05
1.73202e-06
-2.25133e-05
1.18629e-05
-2.27409e-05
2.17694e-05
-2.20409e-05
3.0971e-05
-2.03427e-05
3.90026e-05
4.53154e-05
-1.74667e-05
-3.82445e-06
-3.21572e-05
-7.19623e-06
-3.30745e-05
-1.03598e-05
-2.89901e-05
-1.33301e-05
-2.2484e-05
-1.59374e-05
-1.46811e-05
-1.80096e-05
-6.04597e-06
-1.93812e-05
3.10174e-06
-1.99121e-05
1.23921e-05
-1.95237e-05
2.13795e-05
-1.81529e-05
2.95974e-05
-1.57576e-05
3.66074e-05
4.18273e-05
-1.22694e-05
-3.9588e-06
-2.8197e-05
-7.0628e-06
-2.99716e-05
-9.99929e-06
-2.60535e-05
-1.27311e-05
-1.97539e-05
-1.50323e-05
-1.23801e-05
-1.67186e-05
-4.36117e-06
-1.76249e-05
4.00762e-06
-1.76154e-05
1.23815e-05
-1.66298e-05
2.03931e-05
-1.46318e-05
2.76003e-05
-1.16242e-05
3.35985e-05
3.78378e-05
-7.63566e-06
-4.09923e-06
-2.41048e-05
-7.09605e-06
-2.69763e-05
-9.91159e-06
-2.32398e-05
-1.24777e-05
-1.7189e-05
-1.45166e-05
-1.03428e-05
-1.58402e-05
-3.03879e-06
-1.62985e-05
4.46439e-06
-1.57664e-05
1.1848e-05
-1.42124e-05
1.8838e-05
-1.16373e-05
2.50231e-05
-8.0944e-06
3.00555e-05
3.34414e-05
-3.69801e-06
-4.27997e-06
-1.98263e-05
-7.29424e-06
-2.39639e-05
-1.01258e-05
-2.04086e-05
-1.26198e-05
-1.4697e-05
-1.44545e-05
-8.5084e-06
-1.54533e-05
-2.04182e-06
-1.54937e-05
4.50438e-06
-1.44695e-05
1.08224e-05
-1.23838e-05
1.67515e-05
-9.2794e-06
2.19189e-05
-5.26528e-06
2.60402e-05
2.87023e-05
-5.27034e-07
-4.40841e-06
-1.54279e-05
-7.63902e-06
-2.07358e-05
-1.06588e-05
-1.73908e-05
-1.31868e-05
-1.21709e-05
-1.48826e-05
-6.81419e-06
-1.56012e-05
-1.32462e-06
-1.52652e-05
4.16714e-06
-1.37894e-05
9.34549e-06
-1.12135e-05
1.41744e-05
-7.62428e-06
1.83285e-05
-3.18491e-06
2.16e-05
2.36576e-05
1.85927e-06
-4.39111e-06
-1.10426e-05
-8.10855e-06
-1.70228e-05
-1.15151e-05
-1.39836e-05
-1.41875e-05
-9.50328e-06
-1.58117e-05
-5.18796e-06
-1.6294e-05
-8.46729e-07
-1.56297e-05
3.50419e-06
-1.37524e-05
7.46479e-06
-1.07296e-05
1.11518e-05
-6.69267e-06
1.42901e-05
-1.85455e-06
1.67612e-05
1.83105e-05
3.49192e-06
-4.11212e-06
-6.94831e-06
-8.68108e-06
-1.24598e-05
-1.26814e-05
-9.9865e-06
-1.55919e-05
-6.59728e-06
-1.72161e-05
-3.56522e-06
-1.7511e-05
-5.55673e-07
-1.65786e-05
2.57024e-06
-1.4346e-05
5.22904e-06
-1.0923e-05
7.72679e-06
-6.46952e-06
9.83514e-06
-1.23737e-06
1.15275e-05
1.26281e-05
4.44427e-06
-3.71503e-06
-3.26017e-06
-9.38015e-06
-6.80692e-06
-1.41071e-05
-5.26607e-06
-1.73086e-05
-3.40331e-06
-1.90176e-05
-1.86017e-06
-1.91524e-05
-4.29049e-07
-1.80069e-05
1.42095e-06
-1.54854e-05
2.70125e-06
-1.17364e-05
3.97362e-06
-6.91889e-06
5.01382e-06
-1.28643e-06
5.89143e-06
6.53307e-06
4.80673e-06
-3.26387e-06
-1.00723e-05
-1.53399e-05
-1.87439e-05
-2.06056e-05
-2.10354e-05
-1.96157e-05
-1.69153e-05
-1.29424e-05
-7.92926e-06
-2.03824e-06
4.49476e-06
-2.60224e-05
5.56167e-05
-2.19335e-05
5.68983e-05
-1.6255e-05
5.24402e-05
-9.34328e-06
4.19053e-05
-2.21596e-06
2.6556e-05
3.75736e-06
9.49819e-06
7.5851e-06
-6.12807e-06
9.28781e-06
-1.92476e-05
9.34726e-06
-3.05398e-05
8.1234e-06
-4.04964e-05
5.40376e-06
-4.83931e-05
-5.27427e-05
-1.96322e-05
5.22391e-05
-1.48751e-05
5.21422e-05
-8.96734e-06
4.65328e-05
-2.54178e-06
3.54821e-05
3.3276e-06
2.06887e-05
7.58265e-06
5.24492e-06
9.80567e-06
-8.34977e-06
1.03139e-05
-1.97548e-05
9.55486e-06
-2.97799e-05
7.81159e-06
-3.87524e-05
5.03971e-06
-4.56211e-05
-4.76994e-05
-1.34562e-05
4.82283e-05
-8.34723e-06
4.70335e-05
-2.57168e-06
4.07596e-05
3.10784e-06
2.98038e-05
7.71553e-06
1.60822e-05
1.05564e-05
2.40502e-06
1.15929e-05
-9.38565e-06
1.124e-05
-1.94014e-05
9.88312e-06
-2.8423e-05
7.76837e-06
-3.66375e-05
4.83103e-06
-4.26833e-05
-4.28716e-05
-7.81247e-06
4.37717e-05
-2.58413e-06
4.1806e-05
2.86155e-06
3.53142e-05
7.73899e-06
2.49283e-05
1.1242e-05
1.25811e-05
1.2996e-05
6.52487e-07
1.31736e-05
-9.56189e-06
1.2192e-05
-1.84188e-05
1.03768e-05
-2.66068e-05
7.96966e-06
-3.42295e-05
4.93239e-06
-3.96456e-05
-3.79355e-05
-2.87906e-06
3.90148e-05
2.32124e-06
3.66059e-05
7.36405e-06
3.02734e-05
1.15057e-05
2.07876e-05
1.41293e-05
9.95873e-06
1.50989e-05
-3.16396e-07
1.46719e-05
-9.13401e-06
1.32264e-05
-1.69727e-05
1.10328e-05
-2.44129e-05
8.33667e-06
-3.15325e-05
5.10277e-06
-3.6411e-05
-3.2835e-05
1.2581e-06
3.40588e-05
6.36033e-06
3.15043e-05
1.10145e-05
2.56195e-05
1.45572e-05
1.7247e-05
1.65433e-05
7.97416e-06
1.69895e-05
-7.60938e-07
1.6155e-05
-8.29852e-06
1.43629e-05
-1.51796e-05
1.18323e-05
-2.18815e-05
8.82081e-06
-2.85199e-05
5.33445e-06
-3.2924e-05
-2.74967e-05
4.57615e-06
2.89551e-05
9.57758e-06
2.65031e-05
1.39207e-05
2.12783e-05
1.70345e-05
1.41336e-05
1.86106e-05
6.39989e-06
1.87462e-05
-8.9631e-07
1.76536e-05
-7.20425e-06
1.55958e-05
-1.31214e-05
1.27413e-05
-1.90259e-05
9.35304e-06
-2.51312e-05
5.51246e-06
-2.90822e-05
-2.19852e-05
7.10489e-06
2.37094e-05
1.20601e-05
2.15484e-05
1.62105e-05
1.71281e-05
1.90715e-05
1.12749e-05
2.04286e-05
5.04385e-06
2.0416e-05
-8.81846e-07
1.91718e-05
-5.9595e-06
1.68991e-05
-1.08472e-05
1.3713e-05
-1.58396e-05
9.86423e-06
-2.12807e-05
5.55223e-06
-2.47697e-05
-1.64298e-05
8.92082e-06
1.82801e-05
1.3929e-05
1.65406e-05
1.80282e-05
1.3031e-05
2.07934e-05
8.506e-06
2.20746e-05
3.76859e-06
2.2023e-05
-8.33966e-07
2.06934e-05
-4.62377e-06
1.82278e-05
-8.38463e-06
1.46883e-05
-1.22954e-05
1.02727e-05
-1.68681e-05
5.3083e-06
-1.98017e-05
-1.11224e-05
1.01381e-05
1.25861e-05
1.53327e-05
1.13472e-05
1.95161e-05
8.84592e-06
2.22953e-05
5.72672e-06
2.35725e-05
2.49387e-06
2.35455e-05
-8.05501e-07
2.2157e-05
-3.23236e-06
1.95038e-05
-5.73011e-06
1.55894e-05
-8.37948e-06
1.0486e-05
-1.17634e-05
4.65694e-06
-1.39702e-05
-6.46095e-06
1.08887e-05
6.50401e-06
1.63981e-05
5.83832e-06
2.07558e-05
4.48675e-06
2.36105e-05
2.87175e-06
2.48698e-05
1.23878e-06
2.48322e-05
-7.65346e-07
2.33317e-05
-1.72693e-06
2.04995e-05
-2.89592e-06
1.62405e-05
-4.11706e-06
1.04263e-05
-5.9468e-06
3.68245e-06
-7.22045e-06
-2.76747e-06
1.09989e-05
1.6837e-05
2.13235e-05
2.41961e-05
2.54353e-05
2.4671e-05
2.29444e-05
2.00491e-05
1.59323e-05
9.98633e-06
2.76747e-06
-4.25902e-06
-4.36356e-05
-8.29808e-06
-4.42969e-05
-1.23801e-05
-3.94751e-05
-1.62597e-05
-3.23585e-05
-1.98503e-05
-2.35697e-05
-2.30484e-05
-1.3483e-05
-2.57562e-05
-2.41893e-06
-2.78865e-05
9.17882e-06
-2.93669e-05
2.07234e-05
-3.01149e-05
3.17338e-05
-3.00581e-05
4.17488e-05
5.05539e-05
-3.67074e-06
-3.99647e-05
-7.861e-06
-4.01064e-05
-1.16526e-05
-3.5684e-05
-1.52231e-05
-2.87884e-05
-1.85006e-05
-2.02932e-05
-2.13551e-05
-1.06295e-05
-2.36547e-05
-1.20886e-07
-2.52846e-05
1.08071e-05
-2.61627e-05
2.15996e-05
-2.62032e-05
3.1773e-05
-2.53198e-05
4.08621e-05
4.84316e-05
-3.90416e-06
-3.60569e-05
-7.48217e-06
-3.65278e-05
-1.09366e-05
-3.22291e-05
-1.41982e-05
-2.55271e-05
-1.71436e-05
-1.73479e-05
-1.9619e-05
-8.15465e-06
-2.14704e-05
1.7301e-06
-2.25658e-05
1.19018e-05
-2.28205e-05
2.18536e-05
-2.21538e-05
3.11053e-05
-2.0488e-05
3.91971e-05
4.55677e-05
-3.82028e-06
-3.22372e-05
-7.19258e-06
-3.31554e-05
-1.03595e-05
-2.90627e-05
-1.33357e-05
-2.25514e-05
-1.5951e-05
-1.47335e-05
-1.80324e-05
-6.07416e-06
-1.94159e-05
3.11219e-06
-1.99623e-05
1.24465e-05
-1.95946e-05
2.14843e-05
-1.82475e-05
2.97564e-05
-1.58747e-05
3.68212e-05
4.20819e-05
-3.95894e-06
-2.82738e-05
-7.06474e-06
-3.00495e-05
-1.00057e-05
-2.61209e-05
-1.27434e-05
-1.98145e-05
-1.50518e-05
-1.24247e-05
-1.67452e-05
-4.38166e-06
-1.76597e-05
4.0265e-06
-1.76598e-05
1.24457e-05
-1.66869e-05
2.05102e-05
-1.47026e-05
2.77709e-05
-1.17052e-05
3.38238e-05
3.80838e-05
-4.10173e-06
-2.41731e-05
-7.10241e-06
-2.70487e-05
-9.92343e-06
-2.33004e-05
-1.24954e-05
-1.72431e-05
-1.45407e-05
-1.03802e-05
-1.58692e-05
-3.05414e-06
-1.63319e-05
4.48813e-06
-1.58034e-05
1.19157e-05
-1.42538e-05
1.8959e-05
-1.16811e-05
2.51964e-05
-8.13704e-06
3.02768e-05
3.36699e-05
-4.28462e-06
-1.98871e-05
-7.30417e-06
-2.40293e-05
-1.01424e-05
-2.04625e-05
-1.26421e-05
-1.47437e-05
-1.44827e-05
-8.54025e-06
-1.54841e-05
-2.05321e-06
-1.55256e-05
4.52872e-06
-1.44991e-05
1.08884e-05
-1.24096e-05
1.68677e-05
-9.29755e-06
2.2083e-05
-5.27062e-06
2.62493e-05
2.89049e-05
-4.41411e-06
-1.54741e-05
-7.65194e-06
-2.07925e-05
-1.06795e-05
-1.74349e-05
-1.32135e-05
-1.22117e-05
-1.49147e-05
-6.83935e-06
-1.56344e-05
-1.33522e-06
-1.52962e-05
4.18996e-06
-1.38131e-05
9.4034e-06
-1.12259e-05
1.42787e-05
-7.61962e-06
1.84747e-05
-3.15775e-06
2.17853e-05
2.38281e-05
-4.39779e-06
-1.10838e-05
-8.12311e-06
-1.70658e-05
-1.15402e-05
-1.40236e-05
-1.42176e-05
-9.53079e-06
-1.58486e-05
-5.2129e-06
-1.63296e-05
-8.52179e-07
-1.56617e-05
3.51808e-06
-1.37722e-05
7.51507e-06
-1.07323e-05
1.12351e-05
-6.66967e-06
1.44123e-05
-1.80059e-06
1.69153e-05
1.84429e-05
-4.11751e-06
-6.97238e-06
-8.69744e-06
-1.24899e-05
-1.27089e-05
-1.00148e-05
-1.56261e-05
-6.61551e-06
-1.72569e-05
-3.58391e-06
-1.75506e-05
-5.60778e-07
-1.66125e-05
2.57782e-06
-1.43651e-05
5.26549e-06
-1.09193e-05
7.78552e-06
-6.43282e-06
9.92425e-06
-1.16173e-06
1.16424e-05
1.27171e-05
-3.71859e-06
-3.26552e-06
-9.39682e-06
-6.81809e-06
-1.41369e-05
-5.28043e-06
-1.73458e-05
-3.40948e-06
-1.90629e-05
-1.87112e-06
-1.91963e-05
-4.31805e-07
-1.80454e-05
1.42192e-06
-1.55066e-05
2.72184e-06
-1.17308e-05
4.00241e-06
-6.87232e-06
5.06192e-06
-1.19207e-06
5.95638e-06
6.57162e-06
-3.26728e-06
-1.00869e-05
-1.53678e-05
-1.87781e-05
-2.065e-05
-2.1083e-05
-1.96619e-05
-1.69415e-05
-1.29398e-05
-7.87895e-06
-1.92497e-06
)
;

boundaryField
{
    rotor
    {
        type            calculated;
        value           uniform 0;
    }
    stator
    {
        type            calculated;
        value           uniform 0;
    }
    front
    {
        type            empty;
        value           nonuniform 0();
    }
    back
    {
        type            empty;
        value           nonuniform 0();
    }
}


// ************************************************************************* //
