/*--------------------------------*- C++ -*----------------------------------*\
  =========                 |
  \\      /  F ield         | OpenFOAM: The Open Source CFD Toolbox
   \\    /   O peration     | Website:  https://openfoam.org
    \\  /    A nd           | Version:  6
     \\/     M anipulation  |
\*---------------------------------------------------------------------------*/
FoamFile
{
    version     2.0;
    format      ascii;
    class       volVectorField;
    location    "50";
    object      U;
}
// * * * * * * * * * * * * * * * * * * * * * * * * * * * * * * * * * * * * * //

dimensions      [0 1 -1 0 0 0 0];

internalField   nonuniform List<vector> 
3072
(
(-0.15089 2.36951 0)
(0.403755 2.09159 0)
(1.61112 2.21795 2.64678e-19)
(2.31037 3.17654 5.48647e-19)
(2.57175 3.70476 -1.22735e-18)
(2.95746 4.20664 7.04245e-19)
(3.31821 4.50867 6.267e-19)
(3.71529 4.71277 3.70311e-18)
(4.09298 4.77028 -5.86105e-18)
(4.445 4.73511 2.95616e-18)
(4.74975 4.60165 -6.91274e-19)
(5.00129 4.39713 7.59863e-20)
(0.764532 3.19348 -1.64987e-19)
(1.69131 3.52227 -4.05129e-19)
(2.3317 4.00283 2.26527e-19)
(2.59054 4.22968 0)
(2.68423 4.48125 6.02804e-19)
(2.8504 4.70121 -8.2528e-19)
(3.03891 4.86692 0)
(3.26559 4.97413 0)
(3.49349 5.01351 0)
(3.72479 4.98375 8.51668e-19)
(3.94482 4.88692 3.65636e-19)
(4.14495 4.72746 5.20285e-19)
(1.49447 3.14824 9.27031e-20)
(2.41605 3.61796 0)
(2.86269 3.9543 0)
(3.02012 4.15012 -1.24103e-18)
(3.16024 4.32743 7.28654e-19)
(3.3189 4.46986 -8.41742e-19)
(3.47283 4.57493 1.0147e-18)
(3.63054 4.63801 0)
(3.78305 4.65467 0)
(3.92823 4.62124 -1.78683e-19)
(4.05856 4.5381 -1.9051e-19)
(4.16661 4.40737 8.87915e-19)
(2.46893 3.20172 -3.36856e-19)
(2.99204 3.71105 -6.62374e-19)
(3.22537 3.9049 5.52123e-19)
(3.30794 4.09205 -6.17579e-19)
(3.39176 4.24688 2.06048e-18)
(3.47704 4.37224 -1.87369e-18)
(3.56301 4.46605 -8.65009e-19)
(3.65227 4.52632 -2.0719e-18)
(3.73957 4.54973 -1.35119e-20)
(3.82129 4.53367 1.12955e-18)
(3.89077 4.47465 1.46193e-18)
(3.94059 4.37253 -1.16226e-18)
(2.99854 3.34548 0)
(3.33064 3.81568 2.66592e-19)
(3.46021 3.90257 -6.58916e-19)
(3.48908 4.04067 1.2235e-18)
(3.5294 4.14762 1.44757e-19)
(3.57423 4.2395 8.81836e-19)
(3.62078 4.31293 7.77427e-19)
(3.6676 4.36771 6.69158e-19)
(3.70828 4.39538 -1.40914e-18)
(3.74299 4.39538 1.40345e-18)
(3.76268 4.36088 -2.19149e-18)
(3.75983 4.2908 3.18588e-18)
(3.38019 3.42292 -2.97752e-19)
(3.55756 3.87618 2.39541e-19)
(3.59063 3.86931 1.22672e-18)
(3.58407 3.95476 0)
(3.59229 4.01209 -2.49935e-18)
(3.60537 4.06943 2.40181e-18)
(3.61755 4.12309 0)
(3.62644 4.17306 -1.80752e-18)
(3.62964 4.2083 1.6937e-18)
(3.62152 4.22866 0)
(3.59161 4.22567 7.50671e-20)
(3.53981 4.19212 2.07638e-18)
(3.46932 3.5485 0)
(3.59431 3.91632 -9.1425e-19)
(3.61277 3.81024 1.01532e-18)
(3.59357 3.83395 0)
(3.57916 3.83895 -1.50252e-18)
(3.56895 3.8583 3.14833e-19)
(3.55425 3.88689 2.4246e-18)
(3.53198 3.92416 2.25671e-18)
(3.49841 3.96398 -2.1614e-18)
(3.44718 4.00153 2.2287e-18)
(3.37253 4.02937 -2.02378e-18)
(3.27443 4.03607 -6.33379e-18)
(3.43717 3.64412 0)
(3.56083 3.96868 5.97281e-19)
(3.55873 3.73483 -1.52164e-18)
(3.52423 3.68294 2.00266e-18)
(3.49664 3.62889 0)
(3.46961 3.60444 -2.84276e-18)
(3.43204 3.6026 2.75804e-18)
(3.38017 3.62181 -3.66166e-20)
(3.31046 3.65776 -4.95915e-18)
(3.21736 3.70698 -2.39479e-18)
(3.09773 3.76271 -1.68115e-19)
(2.95132 3.81059 4.94771e-18)
(3.22701 3.74605 0)
(3.39663 4.01621 -1.38175e-18)
(3.40472 3.61342 -2.42215e-18)
(3.38191 3.48866 -2.03443e-18)
(3.35149 3.3807 4.32409e-18)
(3.31315 3.31376 0)
(3.25508 3.28014 0)
(3.17411 3.27729 0)
(3.06812 3.30264 0)
(2.93241 3.35553 2.6069e-18)
(2.76542 3.43166 -2.77264e-18)
(2.56553 3.51597 2.76071e-18)
(2.89926 3.82968 0)
(3.09259 4.05464 1.2581e-18)
(3.14616 3.4939 -4.32165e-19)
(3.17561 3.26919 3.0251e-18)
(3.1577 3.10876 2.97979e-18)
(3.1132 3.00228 -4.30132e-18)
(3.03606 2.93945 0)
(2.92557 2.91432 -2.10137e-19)
(2.78266 2.92524 -9.86075e-18)
(2.60177 2.97461 0)
(2.38219 3.06064 6.43417e-18)
(2.11893 3.1693 -3.32061e-18)
(2.42504 3.89801 0)
(2.79001 3.84265 2.08157e-18)
(2.84616 3.28769 6.47844e-18)
(2.91973 3.00543 -6.01113e-18)
(2.92916 2.81953 -8.24153e-18)
(2.88603 2.68697 1.20548e-17)
(2.79252 2.60318 -2.68755e-19)
(2.65261 2.56016 -4.53583e-18)
(2.47262 2.55662 3.27683e-18)
(2.2427 2.59724 -7.39472e-18)
(1.9619 2.67993 -1.04951e-17)
(1.61804 2.79365 1.15168e-17)
(1.2915 3.89809 -1.73263e-18)
(2.16542 3.83646 -1.11391e-17)
(2.52631 3.0746 2.27226e-18)
(2.66792 2.74187 0)
(2.69792 2.53446 0)
(2.65442 2.38663 4.65985e-19)
(2.5458 2.29069 1.54082e-17)
(2.37528 2.23507 8.83275e-18)
(2.15595 2.21777 0)
(1.86452 2.24484 7.75896e-18)
(1.4988 2.31249 0)
(1.04111 2.41649 5.3092e-19)
(5.18788 4.13212 3.05616e-18)
(5.31735 3.81544 -1.60289e-18)
(5.37711 3.4653 2.58584e-19)
(5.36354 3.09514 -4.64323e-19)
(5.27189 2.71957 -3.56935e-19)
(5.09991 2.34884 0)
(4.84375 1.99436 0)
(4.50432 1.66818 2.10419e-18)
(4.07796 1.3755 -2.52946e-18)
(3.52841 1.08901 0)
(2.96853 0.749813 0)
(2.67437 0.0431926 -9.5297e-21)
(4.31848 4.51101 1.22965e-20)
(4.4524 4.25431 0)
(4.54024 3.9677 -7.59842e-19)
(4.58171 3.66415 3.35015e-19)
(4.57439 3.35493 3.3789e-19)
(4.51793 3.05307 3.31517e-18)
(4.41129 2.76966 -5.87453e-18)
(4.25355 2.51704 1.14417e-18)
(4.03949 2.30761 0)
(3.68442 2.13862 0)
(3.32134 2.02605 0)
(3.27935 1.7341 1.44531e-18)
(4.24668 4.23258 6.62487e-19)
(4.29665 4.01842 -1.66942e-18)
(4.31633 3.77831 5.7106e-19)
(4.30652 3.5238 1.7928e-18)
(4.26849 3.26847 -1.84946e-18)
(4.20216 3.02834 0)
(4.10587 2.81772 0)
(3.97842 2.65181 -9.20585e-20)
(3.82108 2.544 1.35606e-18)
(3.5877 2.49291 0)
(3.32406 2.49834 0)
(3.36138 2.44618 -9.52266e-19)
(3.96912 4.22755 9.37365e-20)
(3.9756 4.04345 1.99992e-18)
(3.96175 3.8282 1.78554e-18)
(3.92986 3.59354 -1.78981e-18)
(3.88303 3.35452 0)
(3.82438 3.12852 1.30168e-18)
(3.75592 2.93405 0)
(3.68024 2.78911 2.56919e-18)
(3.59902 2.71085 -1.01786e-18)
(3.49568 2.69586 0)
(3.31857 2.77855 -6.22902e-19)
(3.51064 2.96243 1.11924e-18)
(3.73797 4.17928 -1.45477e-18)
(3.70045 4.0259 0)
(3.65194 3.83544 0)
(3.59818 3.61726 0)
(3.54461 3.3857 0)
(3.49677 3.15953 -2.53179e-18)
(3.45916 2.95985 -5.958e-20)
(3.43398 2.80718 -1.31861e-18)
(3.42416 2.73521 0)
(3.42198 2.74501 -1.21379e-18)
(3.33358 2.87322 7.37614e-19)
(3.65167 3.15932 -3.20642e-19)
(3.47122 4.11855 -2.94361e-20)
(3.39387 3.99879 -4.16741e-18)
(3.31662 3.83365 2.31398e-18)
(3.24777 3.62989 1.88034e-19)
(3.19549 3.40007 2.25361e-19)
(3.16629 3.16355 4.03946e-18)
(3.16503 2.94389 4.6831e-21)
(3.19416 2.76714 -4.70906e-18)
(3.2544 2.66583 -1.9146e-18)
(3.34166 2.67002 1.11344e-18)
(3.38309 2.81904 -1.61924e-18)
(3.78348 3.19236 -8.69922e-19)
(3.15989 4.00535 6.607e-18)
(3.04373 3.92358 2.43596e-18)
(2.94093 3.78704 0)
(2.86211 3.59967 0)
(2.81744 3.37085 2.18942e-19)
(2.81379 3.11964 -2.82717e-18)
(2.85467 2.8718 4.72627e-18)
(2.94186 2.65733 -5.51893e-20)
(3.07586 2.51368 1.70755e-18)
(3.25722 2.48189 0)
(3.41516 2.61849 -2.35215e-19)
(3.8865 3.02704 -9.87763e-20)
(2.78733 3.82581 -2.48355e-18)
(2.63058 3.78501 -2.59104e-18)
(2.50467 3.67997 2.94669e-18)
(2.4214 3.51245 -3.07815e-18)
(2.39191 3.28724 -1.97283e-19)
(2.42261 3.02274 6.33004e-18)
(2.51308 2.7454 -3.09352e-18)
(2.66293 2.48758 1.74167e-18)
(2.87146 2.29062 0)
(3.14633 2.20477 1.13758e-18)
(3.42439 2.30965 8.33397e-19)
(3.95582 2.7065 -1.32478e-18)
(2.34377 3.57439 3.08618e-18)
(2.1412 3.57215 -3.02369e-18)
(1.99459 3.49798 -3.18617e-18)
(1.91427 3.35368 -7.02435e-18)
(1.91009 3.13671 6.86692e-18)
(1.98629 2.86348 -6.68172e-18)
(2.13466 2.56141 0)
(2.34994 2.26113 -1.68607e-18)
(2.63041 2.00488 0)
(2.99465 1.84855 0)
(3.38277 1.88233 0)
(3.9704 2.19183 7.04321e-19)
(1.82522 3.2586 3.3579e-18)
(1.5683 3.28434 -7.66452e-18)
(1.40484 3.23351 8.03207e-18)
(1.33895 3.1131 7.86654e-18)
(1.37343 2.91117 3.78615e-18)
(1.50996 2.63716 0)
(1.72579 2.3204 0)
(2.00675 1.98644 3.71626e-18)
(2.34942 1.67185 0)
(2.78842 1.43158 -1.15533e-18)
(3.26441 1.35459 8.29053e-19)
(3.89663 1.44227 -1.99979e-18)
(1.23157 2.8952 -8.42418e-18)
(0.913286 2.93563 8.36523e-18)
(0.746558 2.89229 -8.70174e-18)
(0.711938 2.79264 -2.15305e-17)
(0.800175 2.61398 -9.12254e-20)
(1.01577 2.34761 1.35805e-19)
(1.30649 2.02991 -4.00657e-18)
(1.64933 1.67755 -3.74908e-18)
(2.0374 1.31428 0)
(2.51805 0.988075 3.26404e-18)
(3.00371 0.740836 9.85243e-19)
(3.67889 0.574352 -3.06742e-18)
(0.548527 2.51821 -4.3472e-19)
(0.202651 2.55801 0)
(0.077958 2.50925 0)
(0.0876529 2.42757 3.50319e-18)
(0.253813 2.26038 1.16535e-17)
(0.556602 2.00901 -4.1201e-18)
(0.915851 1.70576 1.32241e-20)
(1.30544 1.35543 -1.89143e-18)
(1.716 0.964 -1.85038e-18)
(2.18758 0.56687 -2.01948e-18)
(2.66107 0.118945 0)
(3.40773 -0.904767 2.22592e-18)
(2.385 0.17841 1.75618e-20)
(2.07994 -0.4265 0)
(2.25347 -1.64433 -2.67793e-19)
(3.20482 -2.29907 0)
(3.72798 -2.57557 -8.47776e-19)
(4.22432 -2.95502 6.92315e-19)
(4.52807 -3.31998 0)
(4.72146 -3.71993 2.99583e-18)
(4.78067 -4.09795 -5.09663e-18)
(4.74192 -4.44898 3.66776e-18)
(4.60823 -4.75423 -4.29753e-20)
(4.40205 -5.00514 -7.88021e-20)
(3.20243 -0.779871 -2.95177e-19)
(3.51748 -1.69764 -2.33879e-19)
(4.00591 -2.32392 4.35483e-19)
(4.23227 -2.5773 0)
(4.48633 -2.67608 -6.22653e-19)
(4.70665 -2.84422 5.60715e-19)
(4.87149 -3.03733 0)
(4.98009 -3.26191 3.04391e-19)
(5.01844 -3.4917 -4.5526e-19)
(4.98781 -3.72333 2.14194e-19)
(4.89032 -3.94388 -5.85953e-19)
(4.7302 -4.14421 -1.29764e-18)
(3.1517 -1.5217 -9.70231e-20)
(3.61101 -2.42102 0)
(3.95005 -2.8589 -5.81876e-19)
(4.14831 -3.01029 0)
(4.32787 -3.15691 0)
(4.47096 -3.31508 -3.62416e-19)
(4.57638 -3.47017 1.93325e-18)
(4.63971 -3.62723 -1.1303e-18)
(4.65618 -3.7801 2.16169e-19)
(4.62241 -3.92543 0)
(4.53886 -4.05584 6.76341e-19)
(4.40776 -4.16404 -5.27722e-19)
(3.19968 -2.49506 1.52667e-19)
(3.70483 -2.99963 3.20703e-19)
(3.90171 -3.22441 5.26761e-19)
(4.09041 -3.30452 1.11754e-18)
(4.2462 -3.38937 -1.04615e-18)
(4.37179 -3.47324 -7.17889e-19)
(4.46564 -3.55884 0)
(4.52575 -3.64731 0)
(4.54881 -3.73437 7.12748e-19)
(4.53235 -3.81595 0)
(4.47293 -3.88552 2.57947e-19)
(4.37042 -3.93566 4.58063e-19)
(3.34127 -3.01894 1.69249e-19)
(3.81113 -3.3352 -1.96978e-19)
(3.90058 -3.45816 -6.63281e-19)
(4.03902 -3.48629 0)
(4.14608 -3.52641 0)
(4.23779 -3.56971 1.12413e-18)
(4.31099 -3.61508 0)
(4.36506 -3.66085 -1.55483e-18)
(4.39194 -3.70085 -6.24426e-19)
(4.39118 -3.73537 1.415e-18)
(4.35621 -3.75455 -2.19375e-18)
(4.28556 -3.7523 1.49035e-18)
(3.41974 -3.39646 -1.37269e-19)
(3.87432 -3.56068 -2.60854e-19)
(3.86864 -3.58893 5.59027e-19)
(3.95338 -3.58119 1.10371e-19)
(4.01003 -3.58822 1.28625e-18)
(4.06692 -3.59928 -2.31137e-18)
(4.11995 -3.60963 2.06668e-18)
(4.16881 -3.61697 1.52302e-19)
(4.20245 -3.61937 0)
(4.22179 -3.61045 0)
(4.21788 -3.58035 3.78328e-18)
(4.18353 -3.52959 1.26436e-19)
(3.54712 -3.48356 -9.50473e-20)
(3.91617 -3.59782 -5.66102e-19)
(3.81001 -3.61026 0)
(3.83305 -3.58961 -1.43141e-18)
(3.83678 -3.57346 1.62707e-18)
(3.8552 -3.56072 4.09729e-18)
(3.88268 -3.54379 2.60588e-18)
(3.91862 -3.51951 3.27795e-19)
(3.95675 -3.48479 -4.46562e-18)
(3.99275 -3.43288 2.0944e-18)
(4.01903 -3.35877 2.39312e-18)
(4.02461 -3.26235 1.54635e-19)
(3.64331 -3.45079 4.18372e-20)
(3.97049 -3.56247 5.98958e-19)
(3.73582 -3.55531 0)
(3.68263 -3.51877 -2.00826e-18)
(3.62703 -3.48887 -1.60828e-18)
(3.60132 -3.45907 1.95475e-19)
(3.59817 -3.41887 -5.40564e-18)
(3.61579 -3.36496 1.46012e-19)
(3.64999 -3.29402 -1.59136e-19)
(3.6973 -3.20086 2.52535e-18)
(3.75113 -3.0825 -2.22474e-18)
(3.79732 -2.93891 6.30049e-20)
(3.74511 -3.24038 -7.2237e-19)
(4.0184 -3.39816 4.05659e-19)
(3.61468 -3.40035 -3.5283e-18)
(3.48878 -3.37478 2.04219e-18)
(3.37944 -3.3417 0)
(3.31127 -3.30041 0)
(3.27634 -3.23968 3.36408e-18)
(3.27191 -3.15681 6.03418e-18)
(3.29549 -3.05003 -2.83855e-18)
(3.34635 -2.91508 -2.60861e-18)
(3.42028 -2.7505 -2.61385e-18)
(3.50249 -2.55489 0)
(3.82913 -2.9134 1.76747e-20)
(4.05739 -3.09362 1.88836e-18)
(3.49535 -3.141 5.36377e-18)
(3.27001 -3.16719 0)
(3.10856 -3.14626 5.06999e-18)
(3.00106 -3.09874 0)
(2.9371 -3.01916 1.3161e-19)
(2.91057 -2.90715 -3.30856e-18)
(2.91975 -2.7642 3.43036e-18)
(2.96703 -2.58516 0)
(3.05064 -2.36947 0)
(3.15704 -2.11238 -6.66431e-18)
(3.89503 -2.43874 -2.168e-18)
(3.84257 -2.79116 2.07147e-18)
(3.29056 -2.841 4.25015e-19)
(3.00699 -2.91037 -6.74408e-18)
(2.8207 -2.91637 -2.62282e-18)
(2.68742 -2.87035 -2.46113e-18)
(2.6028 -2.77483 -4.4541e-18)
(2.55859 -2.63398 -1.19853e-17)
(2.55337 -2.45489 -3.30377e-18)
(2.59177 -2.22814 -7.44815e-18)
(2.67191 -1.95292 7.47482e-18)
(2.78347 -1.61766 7.28769e-18)
(3.89835 -1.30684 3.25644e-18)
(3.83355 -2.17061 -1.28803e-18)
(3.07754 -2.522 3.43686e-19)
(2.74409 -2.6582 6.43338e-18)
(2.53684 -2.6844 0)
(2.3885 -2.63806 -5.95888e-18)
(2.29208 -2.52785 4.8978e-18)
(2.23561 -2.35697 3.78863e-18)
(2.21684 -2.13933 -1.34576e-17)
(2.24164 -1.85263 7.81611e-18)
(2.30667 -1.4947 -7.5025e-18)
(2.40851 -1.04877 0)
(4.13633 -5.19212 -1.46254e-18)
(3.81929 -5.32095 3.51135e-18)
(3.46842 -5.38084 -1.53912e-18)
(3.09819 -5.36684 -1.63873e-19)
(2.7219 -5.27519 -3.05603e-19)
(2.35141 -5.10279 3.33354e-19)
(1.9962 -4.84634 1.11111e-20)
(1.67014 -4.50668 -6.70438e-19)
(1.37714 -4.07951 -2.53195e-18)
(1.09034 -3.52965 0)
(0.751569 -2.96892 0)
(0.0433928 -2.67428 -9.32948e-21)
(4.51329 -4.31806 -2.73087e-19)
(4.25625 -4.45215 7.47093e-19)
(3.96949 -4.54022 -7.59865e-19)
(3.66586 -4.58192 0)
(3.35662 -4.57484 1.66141e-18)
(3.0548 -4.5186 0)
(2.77142 -4.41221 1.85597e-18)
(2.51888 -4.25462 3.88468e-18)
(2.30942 -4.0406 -3.35593e-18)
(2.14041 -3.68556 0)
(2.02778 -3.32222 0)
(1.73607 -3.27993 8.28856e-21)
(4.23263 -4.24448 3.94005e-19)
(4.0184 -4.29486 -2.76814e-19)
(3.77834 -4.31503 5.72695e-19)
(3.52404 -4.30571 0)
(3.26899 -4.26815 -9.10498e-19)
(3.02922 -4.20221 2.56317e-18)
(2.81893 -4.10623 -3.65446e-18)
(2.65336 -3.97898 -4.89762e-18)
(2.54585 -3.82171 3.89585e-18)
(2.49516 -3.58828 0)
(2.50085 -3.32458 8.20223e-19)
(2.44884 -3.36141 3.19716e-19)
(4.22516 -3.96479 5.21165e-19)
(4.04111 -3.97199 -1.44056e-18)
(3.82613 -3.95898 1.78318e-18)
(3.59197 -3.92789 -1.78754e-18)
(3.35358 -3.88182 0)
(3.12827 -3.8238 1.29849e-18)
(2.93448 -3.75583 1.25574e-18)
(2.79019 -3.68047 8.44554e-19)
(2.71248 -3.59939 -2.00161e-18)
(2.69803 -3.4961 0)
(2.78114 -3.319 -5.04188e-19)
(2.96562 -3.51074 9.39647e-19)
(4.17381 -3.73137 1.72572e-18)
(4.02057 -3.69511 -8.88083e-19)
(3.83066 -3.64788 0)
(3.61334 -3.59537 0)
(3.38282 -3.54286 1.22969e-18)
(3.1578 -3.49588 -1.183e-18)
(2.95917 -3.45887 -1.59227e-19)
(2.80761 -3.43408 0)
(2.73647 -3.42447 -8.49718e-19)
(2.74709 -3.42258 1.21182e-18)
(2.87594 -3.33406 -1.56395e-18)
(3.16283 -3.65154 -4.36074e-19)
(4.10966 -3.46266 -3.88625e-18)
(3.99013 -3.38719 1.96959e-18)
(3.82586 -3.31189 4.62674e-18)
(3.62337 -3.24471 1.85822e-19)
(3.39513 -3.19377 -6.27604e-18)
(3.16023 -3.1655 -2.83011e-18)
(2.94212 -3.16481 -1.53031e-19)
(2.76675 -3.19425 0)
(2.66662 -3.25466 0)
(2.67181 -3.34211 -1.11173e-18)
(2.82183 -3.3835 -9.13981e-19)
(3.19592 -3.7835 3.94131e-19)
(3.99328 -3.15038 2.32095e-18)
(3.91187 -3.03695 -4.70241e-18)
(3.7764 -2.93667 -2.35402e-18)
(3.59072 -2.85989 -1.90669e-20)
(3.36398 -2.81663 2.79917e-18)
(3.11495 -2.81381 2.89106e-18)
(2.86919 -2.85505 1.64078e-18)
(2.65649 -2.94236 1.62616e-18)
(2.51425 -3.07629 -1.77642e-18)
(2.48365 -3.25762 0)
(2.62117 -3.41562 1.5328e-18)
(3.03052 -3.88615 -5.51418e-19)
(3.81165 -2.77864 0)
(3.77111 -2.62555 2.5681e-18)
(3.66732 -2.50261 0)
(3.50186 -2.42146 -2.29565e-19)
(3.27917 -2.39313 -1.95073e-19)
(3.01727 -2.4242 6.27466e-18)
(2.74234 -2.51451 -6.39911e-18)
(2.48651 -2.66396 0)
(2.2911 -2.87218 -1.8885e-18)
(2.2064 -3.14676 1.13485e-18)
(2.3122 -3.42473 -2.74898e-18)
(2.70969 -3.95588 1.75949e-18)
(3.55978 -2.33836 3.06165e-18)
(3.55779 -2.14034 -2.9946e-18)
(3.48494 -1.99691 -3.3559e-18)
(3.34284 -1.91839 3.45415e-18)
(3.12867 -1.91456 3.50238e-18)
(2.85827 -1.99015 -1.01191e-17)
(2.55867 -2.13746 3.30523e-18)
(2.26037 -2.35165 0)
(2.00558 -2.63122 1.76753e-18)
(1.85018 -2.99485 0)
(1.88482 -3.38292 2.90345e-18)
(2.19504 -3.97008 -3.15758e-18)
(3.2453 -1.82562 0)
(3.27146 -1.57403 -7.58906e-18)
(3.222 -1.4134 -4.16834e-18)
(3.1037 -1.34851 -7.86453e-18)
(2.90472 -1.38201 3.73103e-18)
(2.63342 -1.51649 3.67198e-18)
(2.31893 -1.73002 0)
(1.98663 -2.00897 0)
(1.67315 -2.35021 0)
(1.43358 -2.78823 0)
(1.357 -3.26386 -7.92567e-19)
(1.44527 -3.89612 -5.47088e-20)
(2.88416 -1.23967 4.22604e-18)
(2.92526 -0.927056 4.19804e-18)
(2.88343 -0.761624 1.7589e-17)
(2.78567 -0.726793 4.20035e-18)
(2.61007 -0.812451 1.71462e-17)
(2.34618 -1.02437 -4.08425e-18)
(2.0304 -1.31158 -3.96394e-18)
(1.67921 -1.65169 0)
(1.31659 -2.03784 -3.76406e-18)
(0.990566 -2.51722 -2.12298e-18)
(0.743279 -3.00248 -1.76994e-18)
(0.576473 -3.67815 -1.92669e-25)
(2.50905 -0.56492 0)
(2.55022 -0.222998 0)
(2.50247 -0.0968967 -1.69804e-17)
(2.42271 -0.105113 -1.10984e-17)
(2.25881 -0.26643 -3.95299e-18)
(2.01003 -0.564692 0)
(1.70842 -0.920209 4.03514e-18)
(1.35864 -1.3071 0)
(0.967395 -1.71565 4.09826e-20)
(0.570019 -2.18588 2.01058e-18)
(0.121361 -2.65884 6.89291e-19)
(-0.90367 -3.4051 4.48788e-18)
(0.180803 -2.38744 3.33427e-19)
(-0.426955 -2.08024 3.58911e-20)
(-1.64809 -2.25701 -1.78673e-20)
(-2.30053 -3.20859 -3.20191e-19)
(-2.57743 -3.73304 0)
(-2.95651 -4.22958 -6.80763e-20)
(-3.32189 -4.53379 0)
(-3.72201 -4.72678 -2.91193e-19)
(-4.10049 -4.78605 3.13952e-18)
(-4.45136 -4.74714 -2.16353e-18)
(-4.75664 -4.61306 -3.51008e-18)
(-5.00756 -4.40635 2.18689e-18)
(-0.779379 -3.20534 2.75623e-19)
(-1.69922 -3.51836 -4.42933e-19)
(-2.32579 -4.00772 3.42797e-19)
(-2.57909 -4.23443 1.89923e-19)
(-2.67885 -4.48939 -6.24006e-19)
(-2.84671 -4.71009 3.23278e-19)
(-3.03999 -4.87567 -4.28781e-19)
(-3.26468 -4.98469 -9.54447e-20)
(-3.49484 -5.02334 1.13233e-18)
(-3.72667 -4.99275 -3.03696e-22)
(-3.9474 -4.89519 8.64285e-19)
(-4.14782 -4.73483 7.06374e-19)
(-1.52395 -3.1534 -1.95694e-19)
(-2.42424 -3.61167 0)
(-2.86218 -3.95196 0)
(-3.01374 -4.15062 -4.71476e-19)
(-3.16017 -4.33101 0)
(-3.31822 -4.4748 -4.95475e-19)
(-3.47347 -4.58101 3.98217e-19)
(-3.63074 -4.64501 7.3394e-19)
(-3.78388 -4.66196 -5.45984e-19)
(-3.92933 -4.62851 -2.94174e-19)
(-4.05981 -4.54509 -8.63559e-19)
(-4.16793 -4.41397 8.91558e-19)
(-2.4973 -3.20014 -3.06521e-19)
(-3.00352 -3.70492 -3.21224e-19)
(-3.22838 -3.90303 6.34941e-19)
(-3.3089 -4.09243 4.96237e-19)
(-3.39383 -4.2492 0)
(-3.47783 -4.3758 -2.01182e-18)
(-3.56365 -4.47059 1.50169e-18)
(-3.65239 -4.53151 0)
(-3.73959 -4.55524 9.39865e-19)
(-3.82115 -4.53921 -1.54239e-18)
(-3.8906 -4.48013 1.20326e-18)
(-3.94047 -4.37776 2.47559e-19)
(-3.02334 -3.34175 2.39109e-19)
(-3.34044 -3.81144 5.88579e-19)
(-3.46355 -3.90181 1.08201e-19)
(-3.4919 -4.04099 0)
(-3.5322 -4.149 -1.1741e-18)
(-3.57567 -4.24183 1.89014e-18)
(-3.62132 -4.31609 0)
(-3.66719 -4.37142 -8.60486e-19)
(-3.70715 -4.39925 -8.03419e-19)
(-3.74144 -4.39927 1.4e-18)
(-3.76081 -4.36464 0)
(-3.75787 -4.29438 -1.34813e-18)
(-3.40145 -3.42032 1.60989e-19)
(-3.5655 -3.87509 1.3357e-19)
(-3.59494 -3.86963 -5.58152e-19)
(-3.58775 -3.95512 -2.86697e-18)
(-3.59512 -4.01271 -3.22314e-20)
(-3.60651 -4.07057 2.40195e-18)
(-3.61725 -4.12463 0)
(-3.62483 -4.17479 2.782e-18)
(-3.62716 -4.20996 -1.72974e-18)
(-3.61809 -4.23046 1.75855e-18)
(-3.5876 -4.22741 7.45792e-20)
(-3.53577 -4.19371 -1.27358e-19)
(-3.4894 -3.54754 -3.5444e-19)
(-3.61639 -3.91081 -3.53158e-19)
(-3.61884 -3.8116 0)
(-3.59691 -3.83443 3.0047e-18)
(-3.58114 -3.83898 -4.59676e-18)
(-3.56896 -3.85842 -1.15303e-19)
(-3.55241 -3.88706 -5.0231e-18)
(-3.52846 -3.9243 1.65999e-19)
(-3.49359 -3.96398 -2.15793e-18)
(-3.4414 -4.0014 -2.22237e-18)
(-3.36638 -4.02905 2.3897e-18)
(-3.26852 -4.03561 -2.08377e-18)
(-3.45536 -3.64275 2.09094e-20)
(-3.55115 -3.97414 -4.26644e-19)
(-3.5605 -3.73507 0)
(-3.52635 -3.68296 2.00333e-18)
(-3.49719 -3.62839 1.46804e-18)
(-3.468 -3.60366 1.31398e-18)
(-3.42831 -3.60158 -1.60831e-19)
(-3.37459 -3.62048 3.67577e-20)
(-3.30347 -3.65614 -2.58591e-18)
(-3.20955 -3.7051 -2.62799e-19)
(-3.08985 -3.76059 9.89518e-20)
(-2.94416 -3.80831 0)
(-3.24453 -3.74543 3.91953e-19)
(-3.41558 -4.01585 0)
(-3.40851 -3.61418 0)
(-3.38291 -3.48872 -2.03624e-18)
(-3.35048 -3.37981 1.88549e-18)
(-3.3098 -3.31237 -3.73907e-18)
(-3.24948 -3.27831 0)
(-3.16661 -3.27496 2.9195e-18)
(-3.05932 -3.29986 -1.69956e-19)
(-2.92313 -3.35239 2.60681e-18)
(-2.75656 -3.42821 -2.82784e-18)
(-2.55811 -3.51234 5.78714e-18)
(-2.9157 -3.82839 1.31149e-18)
(-3.09557 -4.05551 -6.61096e-19)
(-3.14794 -3.49358 -2.89313e-18)
(-3.17533 -3.26863 -5.65961e-18)
(-3.15519 -3.10759 0)
(-3.10822 -3.00065 3.86283e-18)
(-3.02884 -2.93735 -7.42221e-18)
(-2.91651 -2.91165 3.20893e-18)
(-2.7726 -2.92197 3.42629e-18)
(-2.59173 -2.97081 0)
(-2.37326 -3.05637 -3.45544e-18)
(-2.11238 -3.16484 -6.228e-18)
(-2.44152 -3.89416 -2.13809e-18)
(-2.79559 -3.83999 9.08901e-19)
(-2.84797 -3.28689 3.02062e-18)
(-2.91858 -3.00432 2.87088e-18)
(-2.92533 -2.81821 9.50583e-20)
(-2.87971 -2.68537 -7.3262e-18)
(-2.78406 -2.60131 8.38648e-18)
(-2.6425 -2.55777 1.56845e-17)
(-2.46198 -2.55353 -1.07724e-17)
(-2.2327 -2.59338 -7.4415e-18)
(-1.95379 -2.67536 6.92031e-18)
(-1.61343 -2.78884 0)
(-1.30574 -3.89654 5.1096e-18)
(-2.17382 -3.83161 1.77765e-18)
(-2.5288 -3.07213 1.92617e-18)
(-2.66638 -2.73981 6.9894e-18)
(-2.69328 -2.53276 0)
(-2.64721 -2.38496 5.4816e-18)
(-2.53659 -2.2891 -1.061e-17)
(-2.36457 -2.23329 -4.33253e-18)
(-2.14505 -2.21545 -4.40959e-18)
(-1.85495 -2.2416 7.80054e-18)
(-1.4921 -2.30827 4.17641e-18)
(-1.03938 -2.41188 1.17052e-17)
(-5.1945 -4.14002 5.73951e-19)
(-5.32314 -3.82243 2.24651e-19)
(-5.38277 -3.47096 5.14096e-19)
(-5.36849 -3.10017 -1.00198e-18)
(-5.27649 -2.72344 5.25018e-20)
(-5.10378 -2.35249 0)
(-4.84703 -1.99686 -1.44781e-18)
(-4.50714 -1.67042 1.17728e-18)
(-4.07989 -1.37707 0)
(-3.53013 -1.08987 6.96271e-20)
(-2.96918 -0.750776 0)
(-2.67466 -0.0433093 -6.36583e-19)
(-4.32161 -4.51759 -1.18787e-18)
(-4.45544 -4.26013 1.54403e-18)
(-4.5432 -3.97286 1.53626e-18)
(-4.58451 -3.6687 -5.53344e-19)
(-4.57703 -3.35891 0)
(-4.52041 -3.05657 0)
(-4.41367 -2.77276 2.11799e-18)
(-4.2558 -2.51986 -2.52307e-18)
(-4.04156 -2.31009 0)
(-3.68635 -2.14086 1.04844e-18)
(-3.32246 -2.02813 -6.70673e-20)
(-3.27975 -1.73657 -2.06408e-18)
(-4.24815 -4.23858 5.94716e-19)
(-4.29818 -4.02391 -1.13479e-18)
(-4.31795 -3.78326 0)
(-4.30823 -3.52827 -1.68464e-18)
(-4.27029 -3.27247 -2.13823e-18)
(-4.20399 -3.03197 4.84135e-18)
(-4.10769 -2.82101 -4.50471e-18)
(-3.98015 -2.65487 0)
(-3.82266 -2.54692 0)
(-3.58908 -2.49582 0)
(-3.32515 -2.50137 -8.05137e-19)
(-3.36156 -2.44952 3.13352e-19)
(-3.9691 -4.23243 -5.19299e-19)
(-3.97571 -4.04797 -2.27308e-19)
(-3.96205 -3.83238 0)
(-3.93035 -3.5974 -2.067e-19)
(-3.88371 -3.3581 0)
(-3.8252 -3.13186 0)
(-3.75684 -2.93721 1.31119e-18)
(-3.68118 -2.79216 -1.6935e-18)
(-3.59991 -2.71388 2.10265e-18)
(-3.49657 -2.69915 0)
(-3.31921 -2.78218 -6.23063e-19)
(-3.51071 -2.96663 -1.12023e-18)
(-3.73612 -4.18264 3.50612e-18)
(-3.69887 -4.02907 -8.86498e-19)
(-3.65071 -3.83844 2.02717e-18)
(-3.59733 -3.62013 1.15966e-18)
(-3.54412 -3.38849 -3.44719e-18)
(-3.49656 -3.1623 0)
(-3.45915 -2.96262 -1.47479e-18)
(-3.4341 -2.81001 0)
(-3.42432 -2.73815 0)
(-3.4222 -2.74834 1.21625e-18)
(-3.33389 -2.8771 2.27271e-20)
(-3.65136 -3.16382 1.19041e-18)
(-3.4675 -4.12003 -1.94296e-18)
(-3.39066 -4.00025 -2.09026e-19)
(-3.31406 -3.83517 0)
(-3.2458 -3.63154 0)
(-3.19403 -3.40188 -4.07215e-18)
(-3.16522 -3.16556 2.61504e-18)
(-3.16425 -2.94613 2.88155e-18)
(-3.19356 -2.76962 1.58377e-18)
(-3.25395 -2.66855 -3.70386e-18)
(-3.34139 -2.67308 -1.11197e-18)
(-3.38304 -2.82264 0)
(-3.78302 -3.19673 1.34611e-18)
(-3.15466 -4.00487 -4.64835e-18)
(-3.03939 -3.92332 2.02127e-18)
(-2.93751 -3.78706 2.59257e-18)
(-2.85947 -3.60003 2.19389e-19)
(-2.81541 -3.37164 -2.58029e-19)
(-2.8122 -3.12088 -3.0204e-18)
(-2.85337 -2.87349 -4.60549e-18)
(-2.94076 -2.65942 -1.68727e-18)
(-3.07494 -2.51613 1.70283e-18)
(-3.25652 -2.48474 0)
(-3.41478 -2.6219 2.56511e-18)
(-3.88579 -3.03098 -8.34831e-19)
(-2.78141 -3.8236 5.09894e-18)
(-2.62596 -3.78319 -2.7905e-18)
(-2.50118 -3.67871 -2.92384e-18)
(-2.41881 -3.51185 -5.87771e-18)
(-2.3899 -3.28729 5.86206e-18)
(-2.42094 -3.02341 -2.03861e-19)
(-2.51155 -2.74664 9.55217e-18)
(-2.66148 -2.48932 1.59368e-18)
(-2.87015 -2.29277 1.89023e-18)
(-3.14523 -2.20729 0)
(-3.42369 -2.31268 -1.73671e-18)
(-3.955 -2.70982 -1.0967e-18)
(-2.33834 -3.57097 0)
(-2.13747 -3.5694 3.01518e-18)
(-1.99216 -3.49604 3.15943e-18)
(-1.91268 -3.35264 -3.49426e-18)
(-1.90879 -3.13653 -2.14902e-19)
(-1.98499 -2.86402 -3.51687e-18)
(-2.13318 -2.56254 -3.31215e-18)
(-2.34829 -2.26271 0)
(-2.62873 -2.00679 -1.76965e-18)
(-2.99309 -1.85072 -1.14487e-18)
(-3.38166 -1.88481 4.7078e-18)
(-3.96944 -2.19424 -1.50527e-18)
(-1.82151 -3.25457 0)
(-1.56657 -3.28133 0)
(-1.4043 -3.23153 0)
(-1.33905 -3.11219 -1.21189e-17)
(-1.37336 -2.91137 7.47745e-18)
(-1.50937 -2.63808 7.3646e-18)
(-1.72456 -2.32183 0)
(-2.005 -1.98815 -3.69404e-18)
(-2.34739 -1.67371 0)
(-2.78632 -1.43349 -2.23817e-18)
(-3.2627 -1.35641 -7.93396e-19)
(-3.89531 -1.44353 -2.00091e-18)
(-1.23049 -2.8909 0)
(-0.914119 -2.93263 0)
(-0.747841 -2.89041 8.99015e-18)
(-0.713608 -2.79208 1.2692e-17)
(-0.801227 -2.61476 2.88834e-19)
(-1.01579 -2.34916 4.23446e-18)
(-1.30543 -2.03192 -2.01998e-18)
(-1.64746 -1.67967 5.57923e-18)
(-2.03505 -1.31632 3.76905e-18)
(-2.51544 -0.989862 2.08952e-18)
(-3.00118 -0.741978 -1.77136e-18)
(-3.67694 -0.574621 -3.27255e-18)
(-0.550354 -2.5138 0)
(-0.205473 -2.55511 0)
(-0.0800687 -2.50727 -8.34842e-18)
(-0.0896222 -2.42696 3.60652e-18)
(-0.254521 -2.26134 -3.9657e-18)
(-0.556113 -2.01114 -4.10129e-18)
(-0.91435 -1.70844 4.02932e-18)
(-1.30329 -1.35799 0)
(-1.71333 -0.966308 -3.74768e-18)
(-2.18454 -0.568695 -1.97252e-18)
(-2.658 -0.119518 2.27981e-18)
(-3.4058 0.907404 -4.32204e-18)
(-2.38341 -0.181033 2.50525e-19)
(-2.08125 0.415146 0)
(-2.24032 1.63134 0)
(-3.19482 2.3008 4.5036e-19)
(-3.72007 2.57443 -2.17632e-19)
(-4.21801 2.95511 0)
(-4.52261 3.3192 0)
(-4.71793 3.71949 -2.87264e-19)
(-4.77773 4.09795 6.05948e-20)
(-4.74032 4.44961 -1.46515e-18)
(-4.60731 4.75514 -3.53838e-18)
(-4.40184 5.00675 1.51235e-18)
(-3.19824 0.770731 -4.13972e-19)
(-3.51557 1.69084 0)
(-4.00397 2.32349 0)
(-4.23018 2.58039 -4.82496e-19)
(-4.48355 2.67828 9.31393e-19)
(-4.70351 2.84653 -1.46089e-18)
(-4.86847 3.03885 8.21519e-19)
(-4.97742 3.26377 5.4703e-19)
(-5.01639 3.49352 5.87271e-19)
(-4.98641 3.72533 8.53225e-19)
(-4.88958 3.94605 0)
(-4.73016 4.14665 2.37101e-19)
(-3.15037 1.51242 1.9584e-19)
(-3.6112 2.41539 0)
(-3.94983 2.85747 0)
(-4.14722 3.01158 -9.87132e-20)
(-4.32576 3.15772 9.91701e-20)
(-4.4685 3.31648 -7.70872e-19)
(-4.57378 3.47173 0)
(-4.63726 3.62938 -1.04664e-18)
(-4.65406 3.78271 1.19793e-18)
(-4.62078 3.9285 -1.87633e-19)
(-4.53779 4.05925 -6.8164e-19)
(-4.40736 4.16778 9.06228e-19)
(-3.19978 2.4837 -1.54967e-19)
(-3.70467 2.99351 3.23694e-19)
(-3.9005 3.22221 0)
(-4.08834 3.30426 4.99988e-19)
(-4.24347 3.38972 -4.52047e-19)
(-4.36882 3.47454 7.24459e-19)
(-4.46265 3.56087 0)
(-4.52298 3.65021 -7.79768e-19)
(-4.54643 3.73803 -1.67001e-18)
(-4.53047 3.82013 1.14629e-18)
(-4.47181 3.89022 1.21429e-18)
(-4.37016 3.94061 -2.59247e-18)
(-3.34055 3.00724 1.20879e-19)
(-3.81017 3.32909 -2.72119e-19)
(-3.89853 3.45552 6.68351e-19)
(-4.03621 3.48534 0)
(-4.14276 3.52647 -2.49375e-18)
(-4.23421 3.57103 2.14572e-18)
(-4.30732 3.61758 1.00791e-18)
(-4.36168 3.66455 6.79526e-19)
(-4.38921 3.70549 0)
(-4.38909 3.7406 0)
(-4.35493 3.76066 0)
(-4.28533 3.75864 -3.4347e-19)
(-3.42027 3.38357 2.78409e-19)
(-3.87266 3.55401 0)
(-3.86614 3.58555 -5.6345e-19)
(-3.94999 3.57973 1.50213e-18)
(-4.00617 3.58815 1.31326e-18)
(-4.06273 3.60078 -2.23057e-18)
(-4.11561 3.61265 1.13903e-18)
(-4.16478 3.62131 -3.77901e-18)
(-4.19941 3.62446 -1.55379e-20)
(-4.2192 3.61679 -1.50827e-19)
(-4.21615 3.58777 7.61498e-20)
(-4.18307 3.53716 5.47612e-18)
(-3.54806 3.47085 -9.51983e-19)
(-3.91457 3.58964 9.21315e-19)
(-3.80764 3.60595 -1.75168e-18)
(-3.8293 3.58772 -1.4381e-18)
(-3.83248 3.57329 -2.90045e-18)
(-3.85042 3.56237 -1.5558e-18)
(-3.8776 3.54722 -2.43148e-18)
(-3.91358 3.52451 4.39233e-18)
(-3.95218 3.49108 0)
(-3.98891 3.44033 4.2077e-18)
(-4.01626 3.36697 -6.34613e-18)
(-4.02334 3.27058 2.30241e-18)
(-3.64408 3.43732 -5.01007e-19)
(-3.96866 3.55372 -1.00768e-18)
(-3.73348 3.55023 2.35079e-18)
(-3.67882 3.51639 0)
(-3.62251 3.48854 -1.88184e-18)
(-3.5961 3.46078 2.86731e-18)
(-3.59244 3.42254 -2.00352e-19)
(-3.60982 3.37036 -3.69007e-20)
(-3.64415 3.30082 -2.50356e-18)
(-3.69195 3.20872 -4.82903e-18)
(-3.74676 3.09089 2.29069e-18)
(-3.79456 2.94715 -2.5384e-18)
(-3.74606 3.22704 3.95669e-19)
(-4.01713 3.38912 0)
(-3.61283 3.39449 0)
(-3.48517 3.37189 0)
(-3.37496 3.34118 1.90034e-18)
(-3.30588 3.30211 0)
(-3.27017 3.24345 -1.45793e-19)
(-3.26518 3.16234 5.94624e-18)
(-3.2885 3.05692 1.04202e-19)
(-3.33949 2.92284 2.62118e-18)
(-3.41412 2.75854 -2.77929e-18)
(-3.49786 2.56252 8.57058e-18)
(-3.82963 2.89999 1.74188e-20)
(-4.05623 3.08338 3.57072e-18)
(-3.4947 3.13425 -1.35865e-18)
(-3.2672 3.16377 0)
(-3.10457 3.14557 0)
(-2.9959 3.10041 0)
(-2.93087 3.02295 0)
(-2.90348 2.91265 3.33568e-18)
(-2.91206 2.77094 -1.30095e-17)
(-2.95911 2.59257 -6.48782e-18)
(-3.04309 2.37691 6.46849e-18)
(-3.15081 2.11915 3.76593e-18)
(-3.89831 2.42702 -2.16484e-18)
(-3.84499 2.78172 -2.78247e-18)
(-3.29137 2.83411 -1.78626e-18)
(-3.00554 2.90669 0)
(-2.81773 2.91558 0)
(-2.68303 2.87204 5.07836e-18)
(-2.59708 2.77867 -8.67662e-18)
(-2.55176 2.63949 1.60226e-17)
(-2.54568 2.46155 1.10265e-17)
(-2.58361 2.23537 6.88203e-18)
(-2.66389 1.96004 -6.94238e-18)
(-2.77651 1.62383 5.27161e-19)
(-3.89947 1.29713 -1.73491e-18)
(-3.83807 2.15962 0)
(-3.08245 2.51323 3.54335e-18)
(-2.74504 2.65385 -1.03593e-17)
(-2.53566 2.68353 1.02312e-17)
(-2.38559 2.63979 4.65722e-19)
(-2.28755 2.53184 4.91229e-18)
(-2.2298 2.36269 -4.35867e-18)
(-2.21006 2.14625 -2.18309e-17)
(-2.23429 1.86023 0)
(-2.29938 1.50214 0)
(-2.40211 1.05466 5.33597e-19)
(-4.13681 5.194 -1.41534e-19)
(-3.82023 5.32303 2.19446e-19)
(-3.46954 5.38324 4.70205e-19)
(-3.09944 5.36928 -8.82104e-19)
(-2.72325 5.27754 1.44664e-19)
(-2.3526 5.10502 3.34188e-19)
(-1.99738 4.84824 -1.44774e-18)
(-1.67115 4.50828 3.76227e-18)
(-1.37801 4.08075 -1.83994e-18)
(-1.09099 3.53055 -6.9463e-20)
(-0.751903 2.96939 0)
(-0.0435402 2.67452 0)
(-4.51379 4.32066 7.63557e-19)
(-4.25723 4.45492 -9.59056e-19)
(-3.97079 4.54308 -7.59855e-19)
(-3.6674 4.58475 0)
(-3.35829 4.57755 -1.3246e-18)
(-3.05649 4.52107 0)
(-2.77309 4.41436 -1.06054e-18)
(-2.52047 4.25642 2.52256e-18)
(-2.31094 4.04208 0)
(-2.14182 3.68673 2.8944e-18)
(-2.02904 3.32281 -3.27253e-18)
(-1.73724 3.28008 4.79631e-19)
(-4.23297 4.24832 6.65882e-19)
(-4.01936 4.29867 -1.68072e-18)
(-3.77981 4.31866 5.74281e-19)
(-3.52587 4.30903 0)
(-3.27105 4.27107 9.12368e-19)
(-3.03138 4.2047 2.56799e-18)
(-2.82111 4.10826 -3.60488e-18)
(-2.65552 3.98058 1.99274e-18)
(-2.54795 3.82292 -1.18726e-18)
(-2.4971 3.58912 0)
(-2.50267 3.3251 0)
(-2.4505 3.36159 -3.20086e-19)
(-4.22579 3.96976 -1.43e-18)
(-4.04253 3.97672 1.17164e-18)
(-3.8282 3.96329 1.78786e-18)
(-3.59449 3.93164 -8.26274e-19)
(-3.35635 3.88493 -2.04005e-18)
(-3.13114 3.82626 0)
(-2.93732 3.75769 5.53766e-20)
(-2.79293 3.68182 3.34179e-18)
(-2.7151 3.60034 -3.12343e-18)
(-2.70051 3.49672 1.11489e-18)
(-2.78338 3.3193 -3.42015e-20)
(-2.96762 3.51088 -9.40507e-19)
(-4.17472 3.73757 1.73227e-18)
(-4.02252 3.70084 -8.9151e-19)
(-3.83345 3.65289 2.03471e-18)
(-3.61672 3.59952 -1.04734e-18)
(-3.3865 3.54609 0)
(-3.16152 3.49822 0)
(-2.96277 3.46046 -1.3181e-18)
(-2.8109 3.43505 -3.10695e-18)
(-2.73951 3.42503 1.77759e-18)
(-2.74988 3.42277 1.21442e-18)
(-2.87834 3.33417 -1.56478e-18)
(-3.16503 3.65157 0)
(-4.11065 3.46986 -3.00879e-20)
(-3.9925 3.39363 -4.16499e-18)
(-3.82935 3.31731 0)
(-3.62765 3.24894 2.46061e-18)
(-3.39979 3.1968 -2.44287e-18)
(-3.16489 3.16745 0)
(-2.9465 3.16591 -5.40784e-20)
(-2.77068 3.19473 -5.99658e-20)
(-2.67009 3.25477 0)
(-2.67482 3.34199 -2.36838e-18)
(-2.82437 3.3833 1.41246e-18)
(-3.19807 3.78333 -9.13506e-19)
(-3.9938 3.15801 -2.38262e-18)
(-3.91419 3.04345 6.95593e-18)
(-3.78019 2.94182 0)
(-3.59559 2.86357 -2.7336e-18)
(-3.36944 2.81888 2.67795e-18)
(-3.1204 2.81488 2.96461e-18)
(-2.8742 2.85526 -3.1589e-18)
(-2.66086 2.94203 -1.58882e-18)
(-2.51795 3.07572 0)
(-2.48674 3.25703 -1.33363e-18)
(-2.6237 3.41511 1.76928e-18)
(-3.03243 3.88591 0)
(-3.81101 2.78592 5.14754e-18)
(-3.77266 2.63124 -5.17246e-18)
(-3.67074 2.50654 5.88607e-18)
(-3.50675 2.42374 -5.90375e-18)
(-3.28495 2.39385 -1.9688e-19)
(-3.02315 2.42376 3.05259e-18)
(-2.74771 2.51337 3.08536e-18)
(-2.4911 2.66251 0)
(-2.29484 2.87071 -1.8941e-18)
(-2.20938 3.14552 4.45662e-18)
(-2.31452 3.4238 -1.73676e-18)
(-2.71119 3.95523 0)
(-3.55746 2.3446 3.07526e-18)
(-3.55796 2.14431 2.17324e-19)
(-3.48724 1.99869 -3.16786e-18)
(-3.34692 1.91834 0)
(-3.13409 1.91291 0)
(-2.86396 1.98752 0)
(-2.56392 2.13449 0)
(-2.26481 2.34878 -3.59364e-18)
(-2.00905 2.62868 1.77369e-18)
(-1.8528 2.99284 1.82119e-19)
(-1.88668 3.38147 0)
(-2.19561 3.96927 0)
(-3.24134 1.83046 -3.35437e-18)
(-3.27008 1.5756 -1.12244e-17)
(-3.22275 1.41218 0)
(-3.10612 1.34532 3.96604e-18)
(-2.90907 1.37716 7.71717e-18)
(-2.63822 1.51108 0)
(-2.32344 1.72489 0)
(-1.99042 2.00452 1.70406e-18)
(-1.67603 2.34653 -5.65868e-18)
(-1.43557 2.78537 1.15021e-19)
(-1.35813 3.26179 0)
(-1.44487 3.8948 0)
(-2.87923 1.24326 -4.19648e-18)
(-2.92298 0.925903 -4.57929e-18)
(-2.8831 0.757193 9.05453e-18)
(-2.78639 0.720343 -1.27696e-17)
(-2.61279 0.804052 4.18501e-18)
(-2.34952 1.01603 8.37587e-18)
(-2.03361 1.3043 -1.96344e-18)
(-1.68192 1.64572 1.8772e-18)
(-1.31858 2.03314 3.71432e-18)
(-0.991789 2.51366 -4.22186e-18)
(-0.743521 2.99963 -1.773e-18)
(-0.575296 3.67628 0)
(-2.50439 0.567206 -4.3975e-19)
(-2.54814 0.219365 7.76142e-18)
(-2.50153 0.0895575 -8.35926e-18)
(-2.42274 0.0961337 0)
(-2.26029 0.255475 -7.76992e-18)
(-2.01171 0.554468 -1.23516e-17)
(-1.70993 0.911526 1.23696e-20)
(-1.36001 1.30005 0)
(-0.968309 1.71023 0)
(-0.570379 2.18182 1.10993e-18)
(-0.120842 2.65558 8.32686e-20)
(0.907194 3.40445 2.22243e-18)
(1.28534 2.46127 7.55141e-19)
(1.71738 2.86293 2.98359e-18)
(2.12209 2.65285 1.53606e-19)
(2.38019 2.4331 0)
(2.45867 2.24835 6.34687e-18)
(2.4211 2.10478 -5.60857e-18)
(2.29636 2.00897 -1.56231e-17)
(2.09126 1.94669 -9.96127e-18)
(1.82403 1.9181 -1.3981e-19)
(1.44771 1.92543 -4.05809e-18)
(0.972358 1.9653 7.83099e-18)
(0.397549 2.04828 -7.01152e-18)
(1.57641 1.79318 0)
(1.86792 1.94532 0)
(2.0715 2.01439 -2.97459e-18)
(2.23464 1.98876 6.28748e-18)
(2.2665 1.90735 -1.66888e-17)
(2.21485 1.82518 -8.1659e-18)
(2.07364 1.74729 9.56581e-18)
(1.81606 1.68385 2.42834e-17)
(1.48063 1.64751 -4.48427e-18)
(0.980502 1.62217 0)
(0.384342 1.6315 5.82376e-19)
(-0.27131 1.69873 0)
(1.59892 1.59582 -5.06512e-19)
(1.87117 1.59565 5.82969e-19)
(2.04696 1.58948 5.32476e-18)
(2.12489 1.57357 1.57136e-19)
(2.09995 1.55218 4.72069e-18)
(2.00488 1.5294 -5.89128e-19)
(1.80539 1.50414 0)
(1.49385 1.46316 -4.6613e-18)
(1.06144 1.39663 -4.47919e-18)
(0.40206 1.30769 1.22387e-17)
(-0.265752 1.29695 -1.06677e-17)
(-0.9117 1.3706 7.14229e-18)
(1.54381 1.57744 -7.6252e-19)
(1.81782 1.52095 1.70451e-18)
(2.00387 1.45341 1.79989e-20)
(2.10031 1.37974 -5.51397e-18)
(2.08655 1.33867 -1.17715e-17)
(1.97971 1.28704 -3.24289e-19)
(1.7275 1.20621 -9.45797e-18)
(1.26939 1.0978 4.59851e-18)
(0.567173 0.945293 -4.19579e-18)
(-0.247599 0.827411 -6.9149e-18)
(-0.847391 0.873498 0)
(-1.34216 1.01958 6.6369e-18)
(-0.152278 2.14763 7.01937e-18)
(-0.455024 2.17667 7.55447e-18)
(-0.510417 2.13806 0)
(-0.437826 2.06232 0)
(-0.164013 1.9019 3.71133e-18)
(0.211086 1.66855 -3.71972e-18)
(0.614015 1.3827 1.8599e-18)
(1.02017 1.04579 5.53447e-18)
(1.42203 0.652765 0)
(1.81299 0.222503 0)
(2.20694 -0.305446 5.52013e-19)
(2.29403 -1.4653 -2.07496e-18)
(-0.796004 1.80268 -7.16075e-18)
(-0.990371 1.82626 2.80195e-19)
(-0.961194 1.80105 0)
(-0.747831 1.74276 -3.01874e-18)
(-0.370685 1.59176 -1.08357e-19)
(0.0378229 1.37369 3.30398e-18)
(0.448401 1.10184 0)
(0.840354 0.778536 -3.2022e-18)
(1.21471 0.40012 0)
(1.53617 -0.0230914 -3.18232e-18)
(1.86619 -0.490385 -1.60841e-18)
(1.8911 -1.36575 -1.71225e-26)
(-1.30194 1.48339 -3.613e-19)
(-1.30176 1.54469 -6.21186e-18)
(-1.13624 1.57085 0)
(-0.783113 1.51639 5.91268e-18)
(-0.365567 1.37661 3.0392e-18)
(0.0451437 1.16868 6.09978e-20)
(0.434793 0.902903 -7.07485e-18)
(0.792217 0.583377 8.66132e-18)
(1.12475 0.214112 -1.44313e-18)
(1.38998 -0.195576 6.55128e-18)
(1.66034 -0.609545 2.14062e-18)
(1.70488 -1.26228 -4.32038e-19)
(-1.50183 1.25356 2.02861e-17)
(-1.37079 1.39312 0)
(-1.05178 1.43433 0)
(-0.61914 1.40327 -5.49213e-18)
(-0.200132 1.27954 -5.2553e-18)
(0.187412 1.07944 5.16207e-18)
(0.542616 0.815932 1.04216e-17)
(0.861426 0.496968 -5.33013e-18)
(1.15265 0.132286 2.54845e-18)
(1.3729 -0.2712 -2.63535e-18)
(1.58454 -0.664302 -1.27513e-18)
(1.64975 -1.19657 -3.25211e-19)
(2.47042 -1.28897 -1.51534e-18)
(2.86419 -1.72067 0)
(2.65418 -2.11976 1.53503e-19)
(2.43562 -2.36954 0)
(2.25104 -2.44356 0)
(2.10704 -2.40363 5.63458e-18)
(2.01097 -2.27782 0)
(1.9482 -2.07295 9.1001e-18)
(1.91839 -1.80887 8.37694e-18)
(1.92381 -1.43973 8.40836e-18)
(1.96149 -0.974906 -3.80495e-18)
(2.0423 -0.413641 -3.93055e-18)
(1.80213 -1.57783 -6.764e-19)
(1.94966 -1.87079 -7.53012e-19)
(2.01499 -2.06806 -1.45322e-18)
(1.98736 -2.22249 0)
(1.90955 -2.24909 -3.16523e-18)
(1.82678 -2.19641 1.35136e-17)
(1.74868 -2.05428 0)
(1.68529 -1.798 4.82672e-18)
(1.64821 -1.46793 -4.52257e-18)
(1.62201 -0.978281 -7.77112e-18)
(1.62974 -0.394666 -7.7773e-18)
(1.69452 0.24865 6.87114e-18)
(1.6036 -1.59977 -1.00655e-18)
(1.59997 -1.8705 1.74862e-18)
(1.59119 -2.04057 -3.97905e-18)
(1.57358 -2.11114 3.30437e-18)
(1.55219 -2.08345 0)
(1.52963 -1.98648 -2.0132e-17)
(1.50452 -1.78627 0)
(1.4639 -1.4775 1.03997e-17)
(1.39816 -1.05298 -4.93925e-18)
(1.30944 -0.407205 8.27057e-18)
(1.29699 0.248548 3.33381e-18)
(1.36829 0.885588 -7.1864e-18)
(1.583 -1.54377 1.15374e-18)
(1.52418 -1.81448 1.96919e-18)
(1.45481 -1.9965 0)
(1.38057 -2.08662 0)
(1.3394 -2.06979 0)
(1.28646 -1.96045 1.83817e-17)
(1.20554 -1.70804 9.48246e-18)
(1.09778 -1.25362 -1.37634e-17)
(0.947522 -0.564491 1.22045e-17)
(0.830372 0.235368 -6.95181e-18)
(0.874021 0.827355 0)
(1.01606 1.31955 5.89926e-18)
(2.13991 0.130037 -7.45768e-18)
(2.17128 0.430944 -7.58466e-18)
(2.13244 0.490195 8.67544e-18)
(2.05844 0.422127 -6.34808e-18)
(1.90138 0.155093 0)
(1.67055 -0.215893 -7.47092e-18)
(1.38635 -0.615821 9.20047e-18)
(1.05012 -1.01994 -1.80436e-18)
(0.657125 -1.42034 3.69114e-18)
(0.226259 -1.81033 -9.45925e-19)
(-0.302769 -2.20383 1.03581e-18)
(-1.46414 -2.29042 -1.09991e-18)
(1.7969 0.771127 6.79875e-18)
(1.82139 0.969502 7.58182e-18)
(1.79633 0.944504 0)
(1.73923 0.738129 2.89627e-18)
(1.59071 0.366528 6.73988e-18)
(1.37515 -0.0384049 3.47216e-18)
(1.10528 -0.446871 -1.31127e-17)
(0.782988 -0.837764 -3.19127e-18)
(0.404751 -1.2115 -3.18534e-18)
(-0.0189565 -1.53262 -8.20297e-19)
(-0.487466 -1.86241 8.20306e-19)
(-1.36417 -1.88712 5.71756e-19)
(1.47903 1.28032 0)
(1.54062 1.28462 -9.88529e-18)
(1.56586 1.1244 2.58833e-18)
(1.51347 0.778514 2.8793e-18)
(1.37587 0.365699 6.00623e-18)
(1.16995 -0.0421814 -2.92287e-18)
(0.905898 -0.430498 7.43746e-18)
(0.587462 -0.787607 7.17038e-18)
(0.218575 -1.12018 1.65033e-18)
(-0.191405 -1.38573 -1.43492e-18)
(-0.60656 -1.65623 -3.6227e-19)
(-1.2606 -1.70088 -2.47544e-20)
(1.24777 1.48405 0)
(1.3879 1.35758 -1.59181e-19)
(1.42919 1.04647 0)
(1.39965 0.619537 -1.09731e-17)
(1.27793 0.203813 2.63248e-18)
(1.07979 -0.182031 -7.73671e-18)
(0.817995 -0.536598 0)
(0.50022 -0.855563 -5.32236e-18)
(0.136128 -1.14724 2.65209e-18)
(-0.267426 -1.36821 -2.52307e-18)
(-0.661433 -1.58043 -9.10827e-19)
(-1.19493 -1.64607 -3.37332e-19)
(-1.28893 -2.46649 -1.51556e-18)
(-1.72257 -2.86094 8.11708e-20)
(-2.12504 -2.64877 0)
(-2.37802 -2.43004 -2.74333e-18)
(-2.45293 -2.24571 6.17699e-18)
(-2.41291 -2.10251 -9.30437e-18)
(-2.28635 -2.00719 -4.01847e-19)
(-2.07991 -1.94515 9.45173e-18)
(-1.81334 -1.91625 -4.43147e-18)
(-1.43952 -1.92285 0)
(-0.968408 -1.96185 -1.51641e-17)
(-0.399432 -2.0443 5.13002e-19)
(-1.57778 -1.79775 1.34662e-18)
(-1.87255 -1.94634 -8.51462e-19)
(-2.07335 -2.01136 6.03385e-18)
(-2.23143 -1.98335 -1.27804e-17)
(-2.25913 -1.90427 6.63929e-18)
(-2.20604 -1.82219 -6.28776e-19)
(-2.06308 -1.74488 0)
(-1.80456 -1.68218 1.49728e-17)
(-1.47108 -1.64596 -4.51476e-18)
(-0.974983 -1.62058 0)
(-0.384217 -1.62937 7.17186e-18)
(0.266374 -1.69591 -6.84594e-18)
(-1.59987 -1.59961 -5.15486e-19)
(-1.87252 -1.59667 -3.33144e-20)
(-2.04627 -1.58797 -5.29427e-18)
(-2.12016 -1.56986 6.47695e-18)
(-2.09325 -1.54813 -4.69495e-18)
(-1.99626 -1.52552 1.50824e-17)
(-1.79476 -1.50107 1.60706e-17)
(-1.48311 -1.46134 -4.67786e-18)
(-1.05403 -1.39617 4.81914e-18)
(-0.400197 -1.30767 0)
(0.262114 -1.29624 -7.65792e-18)
(0.905135 -1.36927 0)
(-1.54403 -1.57967 -1.52604e-18)
(-1.81663 -1.52125 -3.94992e-18)
(-2.00188 -1.45226 4.51092e-18)
(-2.09522 -1.37742 -2.84804e-18)
(-2.07957 -1.33581 5.74452e-18)
(-1.97077 -1.28345 -1.60078e-17)
(-1.71757 -1.20298 -9.02938e-18)
(-1.26006 -1.09583 9.30979e-18)
(-0.5634 -0.945278 -1.21454e-17)
(0.245513 -0.82826 0)
(0.842637 -0.873399 6.20851e-18)
(1.33902 -1.01752 -1.25167e-17)
(0.148137 -2.14347 1.11228e-17)
(0.451404 -2.17384 -3.64549e-18)
(0.507863 -2.13591 0)
(0.436836 -2.06115 -6.33429e-18)
(0.165169 -1.9025 0)
(-0.208985 -1.67045 0)
(-0.611402 -1.38536 -3.74236e-18)
(-1.01729 -1.0486 0)
(-1.41891 -0.655379 0)
(-1.80952 -0.224538 8.16559e-20)
(-2.20319 0.304699 2.03948e-18)
(-2.28799 1.46662 2.19993e-18)
(0.790924 -1.79943 -6.77541e-18)
(0.987165 -1.82411 0)
(0.959692 -1.79909 0)
(0.749167 -1.74143 -3.00661e-18)
(0.373803 -1.59162 3.32012e-18)
(-0.0340116 -1.37476 0)
(-0.444538 -1.10391 -4.76917e-18)
(-0.836736 -0.781089 -1.61378e-18)
(-1.2113 -0.402738 0)
(-1.53262 0.0207566 -6.81788e-19)
(-1.86241 0.488847 -2.12519e-18)
(-1.88561 1.36546 -5.77971e-19)
(1.29881 -1.48091 6.10192e-18)
(1.30064 -1.54288 -3.25181e-18)
(1.13701 -1.56857 -5.17494e-18)
(0.786334 -1.51506 2.96906e-18)
(0.370014 -1.37623 -5.8837e-18)
(-0.0403423 -1.16923 0)
(-0.430234 -0.904351 1.16228e-17)
(-0.7882 -0.585472 0)
(-1.12123 -0.216545 1.47593e-18)
(-1.38667 0.19311 8.24453e-19)
(-1.65701 0.607436 1.07072e-18)
(-1.70066 1.26076 -6.09117e-21)
(1.50145 -1.25002 -6.56813e-18)
(1.37191 -1.39017 0)
(1.05506 -1.43175 5.57655e-18)
(0.623653 -1.40162 -8.17334e-18)
(0.205038 -1.27883 1.32235e-17)
(-0.182616 -1.07954 -5.16089e-18)
(-0.538198 -0.816809 -1.0415e-17)
(-0.857562 -0.498473 0)
(-1.14927 -0.134275 0)
(-1.36987 0.268937 0)
(-1.58172 0.662087 -1.22527e-18)
(-1.64648 1.19465 -1.03667e-18)
(-2.46406 1.28558 -6.50752e-20)
(-2.86393 1.71274 7.86966e-19)
(-2.65887 2.11075 0)
(-2.43872 2.36459 6.15859e-18)
(-2.25253 2.44273 -2.93953e-18)
(-2.10652 2.40568 -8.63256e-18)
(-2.00848 2.28242 -5.13718e-18)
(-1.94434 2.07952 4.82578e-18)
(-1.91354 1.81687 8.39637e-18)
(-1.91842 1.44862 8.42263e-18)
(-1.95605 0.983309 -7.90516e-18)
(-2.03744 0.419393 -7.06944e-18)
(-1.79636 1.57496 -2.11484e-26)
(-1.94558 1.86307 3.08214e-18)
(-2.01581 2.06053 6.06517e-18)
(-1.99146 2.2181 0)
(-1.91188 2.24907 6.74225e-18)
(-1.82845 2.19857 0)
(-1.74907 2.05963 4.93387e-18)
(-1.68423 1.80588 -1.47732e-19)
(-1.64624 1.47769 -1.38057e-17)
(-1.61947 0.988908 -7.78351e-18)
(-1.62675 0.403708 7.20173e-18)
(-1.69154 -0.243733 7.38391e-18)
(-1.59867 1.59636 4.98531e-19)
(-1.5962 1.86539 -5.83534e-18)
(-1.5901 2.0357 -9.28901e-18)
(-1.57579 2.10891 -3.27756e-18)
(-1.55523 2.08318 -1.4578e-17)
(-1.5327 1.98916 7.89272e-18)
(-1.50692 1.79317 9.60202e-20)
(-1.46554 1.48682 5.02621e-18)
(-1.39944 1.06455 -7.66227e-19)
(-1.30961 0.41876 0)
(-1.29589 -0.240698 0)
(-1.36656 -0.883465 5.78026e-19)
(-1.57928 1.54066 3.74513e-19)
(-1.52096 1.8104 1.98376e-18)
(-1.45303 1.99277 4.49193e-18)
(-1.38081 2.08466 -5.81697e-18)
(-1.34095 2.06975 2.26095e-17)
(-1.28946 1.9636 -9.01339e-18)
(-1.20912 1.71517 0)
(-1.10139 1.26534 9.43602e-18)
(-0.950773 0.577794 7.96825e-18)
(-0.831224 -0.225981 0)
(-0.872823 -0.82392 0)
(-1.01363 -1.32204 -1.84796e-17)
(-2.13633 -0.12912 7.05557e-18)
(-2.17062 -0.438129 -7.57518e-18)
(-2.13214 -0.499363 -1.34888e-17)
(-2.05829 -0.432516 -1.55873e-19)
(-1.90222 -0.166736 7.01923e-18)
(-1.67124 0.205547 1.88216e-17)
(-1.38669 0.607105 3.75112e-18)
(-1.05022 1.01286 -3.61765e-18)
(-0.656952 1.41479 0)
(-0.225862 1.80582 8.19464e-20)
(0.303686 2.19991 0)
(1.46687 2.28476 -1.09966e-18)
(-1.79486 -0.77303 0)
(-1.82114 -0.976418 -2.84136e-19)
(-1.7965 -0.9529 5.38563e-18)
(-1.74031 -0.748301 -8.84295e-18)
(-1.59198 -0.376498 -1.01474e-17)
(-1.37581 0.0296702 -6.78364e-18)
(-1.1052 0.439557 8.12153e-18)
(-0.782423 0.831714 4.92104e-18)
(-0.403963 1.20656 -3.19301e-18)
(0.0198236 1.52832 1.67331e-18)
(0.488153 1.85859 0)
(1.36557 1.88184 0)
(-1.47784 -1.28524 -6.13073e-18)
(-1.54098 -1.2921 3.15023e-18)
(-1.56689 -1.13309 -2.57111e-18)
(-1.51498 -0.788069 2.98333e-18)
(-1.37723 -0.373848 9.07726e-18)
(-1.17067 0.0356248 0)
(-0.905845 0.425269 -3.11941e-19)
(-0.586811 0.783342 -2.98679e-18)
(-0.217625 1.1166 1.76486e-19)
(0.192365 1.38236 -2.81821e-18)
(0.60701 1.65303 3.62395e-19)
(1.26101 1.69685 -4.37367e-19)
(-1.24596 -1.49074 -7.19894e-18)
(-1.3882 -1.36539 0)
(-1.43042 -1.05497 5.58869e-18)
(-1.40164 -0.626947 -8.18986e-18)
(-1.27986 -0.209614 2.62027e-18)
(-1.0811 0.17782 0)
(-0.818476 0.53365 -1.7757e-19)
(-0.499981 0.85339 5.12237e-18)
(-0.1355 1.14543 2.65543e-18)
(0.268091 1.36632 1.07222e-19)
(0.661675 1.57829 0)
(1.19491 1.64356 6.80031e-19)
(1.56237 1.60589 8.79999e-19)
(1.81993 1.52924 1.65928e-20)
(1.97202 1.43495 -6.48838e-18)
(2.00538 1.32315 0)
(1.88086 1.18838 1.31333e-17)
(1.58157 0.997689 2.87352e-17)
(1.04737 0.750461 4.24853e-17)
(0.321782 0.51193 0)
(-0.395601 0.403025 0)
(-0.931456 0.466122 -6.17089e-18)
(-1.26648 0.666215 6.06357e-18)
(-1.57004 0.918414 -3.1243e-17)
(1.5082 1.57566 -5.28638e-19)
(1.75987 1.47492 1.87251e-18)
(1.88977 1.32476 -8.22909e-18)
(1.86136 1.12405 0)
(1.63127 0.874325 1.72954e-17)
(1.19897 0.588607 -1.78981e-17)
(0.5916 0.310997 -8.50992e-18)
(-0.0580738 0.1399 -2.61489e-20)
(-0.606945 0.144439 -6.26482e-18)
(-0.997554 0.302235 0)
(-1.25121 0.536609 0)
(-1.43367 0.800163 4.00961e-17)
(1.44401 1.46619 0)
(1.65428 1.32381 -3.0894e-18)
(1.72501 1.11284 7.47683e-18)
(1.61431 0.850643 4.13622e-18)
(1.29378 0.556769 -2.57926e-17)
(0.794598 0.269869 1.20425e-17)
(0.212372 0.0622411 -2.17423e-17)
(-0.319115 -0.00177177 6.35181e-18)
(-0.729511 0.0796535 -2.06893e-20)
(-1.01704 0.267301 -2.95912e-20)
(-1.19751 0.5099 -3.62762e-17)
(-1.31953 0.777946 -4.29848e-17)
(1.36671 1.28916 0)
(1.52236 1.10544 6.24694e-18)
(1.52508 0.853486 0)
(1.33892 0.562174 1.58394e-17)
(0.962543 0.269689 0)
(0.463628 0.0322345 7.26361e-18)
(-0.0430612 -0.0897561 2.61866e-17)
(-0.460958 -0.0767129 -5.69885e-18)
(-0.772818 0.0461442 0)
(-0.988215 0.247592 0)
(-1.11605 0.486382 -7.79558e-18)
(-1.17597 0.723107 1.15919e-17)
(-1.45076 1.15016 -3.2457e-17)
(-1.04816 1.33298 -5.81881e-18)
(-0.653855 1.381 2.17577e-17)
(-0.248325 1.33507 -1.10844e-17)
(0.130413 1.19691 1.35213e-17)
(0.481376 0.982978 -1.30472e-17)
(0.801634 0.705386 -1.57515e-17)
(1.08638 0.374716 0)
(1.32838 0.00702546 -2.99048e-18)
(1.50127 -0.385569 0)
(1.64511 -0.775054 0)
(1.67945 -1.24027 -7.83045e-19)
(-1.16608 1.05446 0)
(-0.823899 1.2509 0)
(-0.469889 1.31134 -1.58015e-17)
(-0.0934728 1.27548 3.40881e-18)
(0.264682 1.1475 3.38073e-18)
(0.599322 0.942645 -2.49558e-19)
(0.902421 0.67169 7.83544e-18)
(1.16609 0.347657 4.79924e-18)
(1.38142 -0.0137045 0)
(1.53003 -0.396016 0)
(1.63591 -0.773058 -3.90813e-19)
(1.65247 -1.1914 2.23273e-18)
(-0.963581 0.955621 0)
(-0.6488 1.13436 -5.65454e-18)
(-0.332328 1.19245 -1.21676e-17)
(0.0101314 1.16027 1.43465e-17)
(0.343405 1.04171 1.36972e-17)
(0.658061 0.848635 3.18722e-18)
(0.941881 0.59024 -4.97011e-18)
(1.1837 0.27999 -4.72846e-18)
(1.37356 -0.0640554 6.38747e-18)
(1.49924 -0.426776 0)
(1.57261 -0.785047 4.49642e-19)
(1.55967 -1.15576 1.62455e-18)
(-0.723883 0.861406 -4.5926e-17)
(-0.522365 1.02411 -2.42849e-17)
(-0.238096 1.07583 1.62082e-17)
(0.0724215 1.04172 -1.7826e-17)
(0.38059 0.929441 3.74737e-18)
(0.673037 0.747132 0)
(0.934861 0.502437 -1.82093e-18)
(1.15272 0.20829 -2.01581e-20)
(1.31563 -0.116805 -4.94784e-18)
(1.41407 -0.456123 0)
(1.45211 -0.789468 -3.44868e-18)
(1.4081 -1.11654 -4.95874e-18)
(1.60875 -1.56095 -1.7723e-18)
(1.53157 -1.81445 -2.3907e-18)
(1.43345 -1.96121 0)
(1.32049 -1.988 0)
(1.1837 -1.86016 1.30593e-17)
(0.992606 -1.55928 -1.24087e-17)
(0.747257 -1.02926 -9.54182e-20)
(0.51228 -0.314584 2.61587e-17)
(0.405686 0.389223 -7.50809e-18)
(0.466981 0.917424 6.20765e-18)
(0.663734 1.24953 -3.02264e-17)
(0.913145 1.55085 0)
(1.57543 -1.50593 1.5663e-18)
(1.4726 -1.75296 1.88294e-18)
(1.31871 -1.87578 -6.63288e-18)
(1.11663 -1.84124 -4.03065e-18)
(0.866917 -1.60921 -1.31193e-17)
(0.582776 -1.17857 0)
(0.309309 -0.578798 -2.49962e-17)
(0.141961 0.0596831 -7.27421e-18)
(0.146519 0.599341 -1.26087e-17)
(0.30133 0.985318 0)
(0.533046 1.23624 2.67287e-17)
(0.793853 1.41788 0)
(1.46167 -1.43974 1.27932e-18)
(1.31669 -1.6449 -6.20257e-18)
(1.10422 -1.70933 7.43522e-18)
(0.841893 -1.59382 4.1197e-18)
(0.549193 -1.27296 -8.5624e-18)
(0.265427 -0.778321 3.98868e-18)
(0.0620185 -0.205207 0)
(-3.09066e-05 0.317381 6.38229e-18)
(0.0803277 0.721787 5.46777e-18)
(0.265422 1.00597 5.42638e-18)
(0.50505 1.18426 -3.6307e-17)
(0.770765 1.30383 0)
(1.28175 -1.361 -2.58317e-18)
(1.09588 -1.5117 9.2704e-18)
(0.843555 -1.50858 0)
(0.55345 -1.31914 -1.56618e-17)
(0.263573 -0.944574 0)
(0.0299569 -0.45212 -7.20129e-18)
(-0.0890437 0.0461555 -6.4882e-18)
(-0.0754668 0.457618 2.83984e-17)
(0.0459246 0.765417 3.06502e-22)
(0.244814 0.978313 -5.36312e-18)
(0.480772 1.10417 2.95558e-17)
(0.71469 1.16145 -4.7517e-17)
(1.14589 1.43887 0)
(1.32665 1.04387 -1.25137e-17)
(1.37585 0.653942 0)
(1.33171 0.251787 3.61119e-18)
(1.19552 -0.125042 3.39743e-18)
(0.983467 -0.475021 1.63148e-17)
(0.707418 -0.795035 4.84041e-18)
(0.377833 -1.08012 -1.51132e-18)
(0.0105952 -1.32285 3.02554e-18)
(-0.382153 -1.49673 -3.09853e-20)
(-0.77251 -1.64143 1.3942e-18)
(-1.23906 -1.67649 0)
(1.05136 1.15665 9.25232e-18)
(1.24557 0.820994 -1.18131e-17)
(1.30677 0.470711 4.10699e-18)
(1.27235 0.097019 0)
(1.14612 -0.259574 6.86297e-18)
(0.942947 -0.593423 -6.39544e-18)
(0.673383 -0.896388 -1.27088e-17)
(0.350314 -1.16044 0)
(-0.0105688 -1.37659 -2.98544e-18)
(-0.393064 -1.52619 -9.56655e-20)
(-0.770896 -1.63296 -3.89944e-19)
(-1.19053 -1.65046 4.47486e-19)
(0.95492 0.956001 0)
(1.13073 0.647258 -4.11087e-19)
(1.18904 0.333397 -1.62644e-17)
(1.15789 -0.00695534 1.43717e-17)
(1.04077 -0.33894 -6.66682e-18)
(0.849094 -0.652948 -3.31857e-18)
(0.591864 -0.936697 7.99937e-18)
(0.282362 -1.17894 6.48156e-18)
(-0.0613923 -1.36957 1.56885e-18)
(-0.424304 -1.49626 3.12532e-18)
(-0.783407 -1.57078 0)
(-1.15572 -1.55912 1.07565e-18)
(0.861904 0.720299 -4.6474e-17)
(1.02166 0.521739 1.80196e-17)
(1.07336 0.239246 3.69373e-17)
(1.04005 -0.0696888 -1.78611e-17)
(0.928945 -0.376826 -1.04621e-17)
(0.747819 -0.668764 -1.02575e-17)
(0.504078 -0.93059 -3.32359e-18)
(0.210491 -1.1489 -6.54149e-18)
(-0.114479 -1.31261 0)
(-0.454129 -1.41207 8.801e-19)
(-0.788447 -1.45133 -9.7135e-19)
(-1.1173 -1.40874 -2.20553e-18)
(-1.56185 -1.60644 1.75999e-18)
(-1.81783 -1.52979 2.37285e-18)
(-1.96827 -1.43244 -6.52006e-18)
(-1.99843 -1.31962 0)
(-1.87213 -1.18395 4.42248e-18)
(-1.57161 -0.99333 1.22998e-17)
(-1.0385 -0.747573 0)
(-0.317003 -0.511442 1.7371e-17)
(0.394929 -0.404178 0)
(0.929032 -0.466425 3.10441e-17)
(1.26464 -0.664665 -1.19859e-17)
(1.56977 -0.915289 3.91959e-17)
(-1.50724 -1.57434 -5.28613e-19)
(-1.75735 -1.47259 3.09143e-18)
(-1.88442 -1.32032 -6.61616e-18)
(-1.85335 -1.11882 -1.20639e-17)
(-1.62235 -0.869204 5.0561e-21)
(-1.19045 -0.584518 -2.23115e-17)
(-0.585914 -0.309537 -2.47403e-17)
(0.0595611 -0.140928 -2.21162e-17)
(0.605706 -0.14572 -2.48934e-17)
(0.996435 -0.302226 -2.24e-17)
(1.25092 -0.535673 0)
(1.43535 -0.798101 0)
(-1.44217 -1.46241 2.55819e-18)
(-1.65068 -1.31883 -4.63784e-18)
(-1.71906 -1.10728 9.32635e-18)
(-1.60643 -0.844991 8.85558e-22)
(-1.28582 -0.5518 1.7097e-17)
(-0.788489 -0.266827 7.95049e-18)
(-0.209738 -0.0618675 2.17143e-17)
(0.31912 0.000697345 4.43355e-17)
(0.728705 -0.0805309 1.63991e-17)
(1.01672 -0.267519 -2.17479e-17)
(1.19809 -0.509183 0)
(1.32098 -0.776957 0)
(-1.36446 -1.28373 -5.17188e-18)
(-1.51852 -1.09908 1.5457e-18)
(-1.51897 -0.847228 -1.82581e-18)
(-1.33162 -0.556516 1.96324e-17)
(-0.956277 -0.265553 -1.93064e-17)
(-0.460137 -0.0304399 -7.26022e-18)
(0.0437923 0.0896801 -9.95135e-21)
(0.460558 0.0759484 5.67361e-18)
(0.77248 -0.0467398 -2.04703e-17)
(0.988466 -0.247734 2.13658e-17)
(1.11696 -0.486064 -2.98731e-17)
(1.17728 -0.723182 0)
(1.45325 -1.14546 -3.35706e-17)
(1.05082 -1.32959 -5.82588e-18)
(0.657416 -1.37857 4.3508e-18)
(0.252444 -1.33371 -3.85042e-18)
(-0.126188 -1.19642 -3.35241e-18)
(-0.477267 -0.983245 -1.46705e-19)
(-0.797763 -0.706342 7.82183e-18)
(-1.08282 -0.376266 -1.51068e-18)
(-1.32518 -0.00903112 0)
(-1.49839 0.383302 0)
(-1.64248 0.77272 1.39556e-18)
(-1.67662 1.23797 1.55023e-18)
(1.1679 -1.05026 7.45732e-17)
(0.825815 -1.24778 0)
(0.472882 -1.30922 0)
(0.0968485 -1.27433 6.96059e-18)
(-0.261237 -1.1471 -3.47931e-18)
(-0.595952 -0.9429 3.12498e-18)
(-0.899213 -0.672539 0)
(-1.16308 -0.349024 -4.77162e-18)
(-1.37867 0.0118661 -1.50913e-18)
(-1.52754 0.393908 3.06538e-18)
(-1.63362 0.770824 -1.95547e-18)
(-1.65019 1.18911 -4.43852e-19)
(0.964524 -0.952626 -4.41935e-17)
(0.650195 -1.13183 1.74203e-17)
(0.334659 -1.19072 4.06665e-18)
(-0.0074819 -1.15936 3.53915e-18)
(-0.340673 -1.04147 3.26781e-18)
(-0.655358 -0.848958 0)
(-0.939283 -0.591082 1.63203e-18)
(-1.18126 -0.281296 3.10814e-18)
(-1.37131 0.0623479 1.56735e-18)
(-1.49725 0.424789 -3.12667e-18)
(-1.57095 0.782951 1.75683e-18)
(-1.55832 1.15373 -1.07668e-18)
(0.723635 -0.859415 4.59284e-17)
(0.523354 -1.02218 -2.3996e-17)
(0.239839 -1.07452 -4.0838e-18)
(-0.070383 -1.04104 1.90258e-20)
(-0.37846 -0.929337 -1.04477e-17)
(-0.670918 -0.747534 -3.38364e-18)
(-0.932826 -0.503306 1.0045e-17)
(-1.15084 -0.209587 0)
(-1.31399 0.115152 6.73751e-18)
(-1.41275 0.454255 0)
(-1.45121 0.787576 -3.9416e-18)
(-1.40773 1.11486 2.20601e-18)
(-1.60587 1.55767 9.01082e-19)
(-1.52947 1.8109 0)
(-1.4328 1.9588 6.55361e-18)
(-1.3216 1.9881 8.07093e-18)
(-1.18676 1.86326 -1.75525e-17)
(-0.997369 1.56652 8.13038e-18)
(-0.752592 1.04046 1.6942e-17)
(-0.516393 0.327005 1.38092e-19)
(-0.406468 -0.381246 7.43122e-18)
(-0.465238 -0.915016 -1.88524e-17)
(-0.661051 -1.2511 -6.0922e-18)
(-0.910193 -1.55636 3.14676e-17)
(-1.57341 1.50303 -1.5446e-18)
(-1.47171 1.75044 -6.13474e-19)
(-1.31978 1.87501 -6.57648e-18)
(-1.11963 1.84328 0)
(-0.8715 1.6143 -2.16267e-17)
(-0.588385 1.18691 -1.34583e-17)
(-0.31413 0.588688 -2.73724e-19)
(-0.144202 -0.0516699 7.34223e-18)
(-0.146002 -0.595262 -1.89452e-17)
(-0.299472 -0.985097 2.23569e-17)
(-0.531129 -1.23882 0)
(-0.792229 -1.42325 4.04709e-17)
(-1.46099 1.43767 -3.19612e-18)
(-1.31741 1.64379 7.72954e-19)
(-1.10658 1.71017 0)
(-0.845852 1.5974 -1.65302e-17)
(-0.554249 1.27922 2.14579e-17)
(-0.270507 0.786467 1.99444e-17)
(-0.0653942 0.212812 -2.17728e-17)
(-0.00110255 -0.312372 -2.53937e-17)
(-0.0798299 -0.719834 -2.19169e-17)
(-0.264507 -1.00656 2.70415e-17)
(-0.503973 -1.18704 -7.25274e-18)
(-0.770533 -1.30878 -8.74529e-17)
(-1.28226 1.35971 4.52206e-18)
(-1.09777 1.51173 7.71987e-19)
(-0.846837 1.51078 0)
(-0.557851 1.32386 1.96162e-17)
(-0.268349 0.951146 -2.07722e-20)
(-0.033919 0.459135 -3.66098e-18)
(0.0868157 -0.0406757 0)
(0.0747636 -0.454507 5.71229e-18)
(-0.0457605 -0.764521 1.53516e-17)
(-0.244422 -0.979313 1.3977e-19)
(-0.480543 -1.10683 2.99402e-17)
(-0.715715 -1.1657 9.41042e-17)
(-1.144 -1.44666 3.28438e-17)
(-1.32717 -1.0509 5.84445e-18)
(-1.37756 -0.660297 -4.37037e-18)
(-1.33392 -0.256771 7.25829e-18)
(-1.19754 0.121642 0)
(-0.984807 0.473104 9.85384e-18)
(-0.707966 0.79422 -1.41793e-17)
(-0.377755 1.07988 -7.6307e-18)
(-0.0102165 1.3227 0)
(0.38247 1.49622 2.9481e-18)
(0.772399 1.64046 0)
(1.23915 1.67556 -7.72112e-19)
(-1.04953 -1.16248 0)
(-1.24609 -0.826598 0)
(-1.30847 -0.475818 0)
(-1.27454 -0.100833 -3.55552e-18)
(-1.14816 0.257266 7.13992e-21)
(-0.944397 0.592531 -3.12597e-18)
(-0.674138 0.896569 6.23105e-18)
(-0.350561 1.16124 -6.34954e-18)
(0.0105165 1.37757 0)
(0.392956 1.52702 2.30542e-18)
(0.770645 1.63342 1.1541e-18)
(1.19065 1.6514 -4.47794e-19)
(-0.953609 -0.961024 0)
(-1.13136 -0.651806 1.7457e-17)
(-1.19064 -0.337406 6.87119e-20)
(-1.15985 0.00411528 2.59635e-20)
(-1.04254 0.337467 3.39184e-18)
(-0.85033 0.652771 3.37746e-18)
(-0.592514 0.937549 4.8665e-18)
(-0.282646 1.18047 3.10728e-18)
(0.0611859 1.37147 1.56929e-18)
(0.424033 1.49831 -3.12593e-18)
(0.783117 1.57317 -1.79358e-18)
(1.15627 1.56261 0)
(-0.861292 -0.723244 1.13706e-17)
(-1.0225 -0.52533 -5.80865e-18)
(-1.07494 -0.242301 0)
(-1.04182 0.0676592 0)
(-0.930477 0.376021 -3.44368e-18)
(-0.748818 0.669131 9.11352e-20)
(-0.504532 0.931936 -1.00399e-17)
(-0.210645 1.15099 0)
(0.114349 1.31531 -6.73641e-18)
(0.453948 1.41536 0)
(0.788378 1.45535 -2.00725e-18)
(1.1182 1.41422 0)
(1.26873 1.07053 -1.27685e-18)
(1.36852 0.853354 -5.93006e-18)
(1.31077 0.578466 0)
(1.07381 0.286919 -1.44209e-17)
(0.681803 0.0268199 -3.56713e-18)
(0.220341 -0.145826 -1.68692e-17)
(-0.202961 -0.195046 6.02675e-18)
(-0.532907 -0.130929 0)
(-0.7756 0.0165274 0)
(-0.938823 0.225306 5.30567e-18)
(-1.02283 0.457485 2.2909e-17)
(-0.986784 0.714582 0)
(1.15592 0.834493 1.2378e-18)
(1.20432 0.594884 0)
(1.10018 0.314679 -1.26121e-17)
(0.836899 0.0423549 3.32721e-18)
(0.455797 -0.172248 -3.3671e-18)
(0.047196 -0.283011 1.90756e-17)
(-0.302151 -0.277854 1.13703e-17)
(-0.566246 -0.180491 -5.05646e-18)
(-0.758963 -0.0180575 0)
(-0.88485 0.192325 0)
(-0.935671 0.413792 0)
(-0.867307 0.608025 0)
(1.03538 0.601143 -1.21845e-18)
(1.04068 0.349779 -6.77478e-18)
(0.905006 0.0769998 1.34066e-17)
(0.634363 -0.166621 0)
(0.279856 -0.334407 0)
(-0.0738658 -0.394003 -5.46537e-17)
(-0.362597 -0.350742 2.73487e-17)
(-0.577572 -0.231837 0)
(-0.733611 -0.0602335 -4.8894e-18)
(-0.832363 0.150096 1.08476e-17)
(-0.860857 0.362447 -7.96579e-18)
(-0.773675 0.529465 0)
(0.91236 0.384215 1.20202e-18)
(0.884427 0.129677 5.26744e-18)
(0.730684 -0.128255 -1.14897e-17)
(0.466286 -0.340854 9.15245e-18)
(0.145805 -0.467109 -9.27143e-18)
(-0.157488 -0.488292 -5.97926e-18)
(-0.398196 -0.419848 -3.75512e-17)
(-0.57631 -0.287467 -4.99122e-18)
(-0.704889 -0.110387 4.96371e-18)
(-0.783449 0.0997339 2.25439e-17)
(-0.796017 0.304445 0)
(-0.682523 0.436846 0)
(0.790518 0.192213 0)
(0.739134 -0.0596214 0)
(0.578308 -0.299613 1.12271e-17)
(0.329023 -0.483326 -1.18745e-17)
(0.0445317 -0.576489 -1.51819e-17)
(-0.215226 -0.57148 5.52273e-17)
(-0.418302 -0.488014 1.07067e-17)
(-0.568283 -0.348078 2.54841e-17)
(-0.675495 -0.167984 0)
(-0.738046 0.0427112 -2.37199e-17)
(-0.737309 0.243298 -3.46252e-17)
(-0.600685 0.355522 0)
(0.672183 0.0299278 0)
(0.60621 -0.215905 1.28928e-18)
(0.446492 -0.438192 -1.40159e-18)
(0.217353 -0.597804 2.93675e-18)
(-0.0325177 -0.667375 4.51168e-17)
(-0.25591 -0.646895 -2.92284e-17)
(-0.429308 -0.556427 5.51873e-18)
(-0.557088 -0.413498 -2.13583e-17)
(-0.64659 -0.232178 -5.58886e-18)
(-0.695181 -0.0199574 6.41421e-18)
(-0.681769 0.179834 3.69668e-17)
(-0.517053 0.272301 0)
(0.558483 -0.100326 0)
(0.485352 -0.339416 1.30538e-18)
(0.332462 -0.546723 -1.41317e-18)
(0.12559 -0.688546 0)
(-0.0927104 -0.743751 -2.74902e-17)
(-0.2861 -0.716587 -3.0374e-18)
(-0.435493 -0.625381 -1.17562e-17)
(-0.544787 -0.483028 -2.9048e-17)
(-0.61827 -0.301857 2.46376e-17)
(-0.6532 -0.0872867 0)
(-0.625824 0.115885 8.2419e-17)
(-0.433962 0.19693 0)
(0.449488 -0.198475 0)
(0.374961 -0.432349 1.35659e-18)
(0.232574 -0.629213 1.02096e-17)
(0.0482415 -0.760206 3.08572e-18)
(-0.141991 -0.809078 2.26265e-17)
(-0.310467 -0.781851 -6.55332e-18)
(-0.43954 -0.694598 3.25022e-17)
(-0.53228 -0.555531 5.28264e-17)
(-0.589807 -0.375615 2.8598e-17)
(-0.609827 -0.158333 8.51162e-18)
(-0.565643 0.0525348 -1.17388e-17)
(-0.346889 0.130296 0)
(0.344087 -0.266514 0)
(0.272334 -0.498519 0)
(0.142707 -0.690732 -1.27411e-17)
(-0.0198444 -0.817683 0)
(-0.185015 -0.866496 9.70373e-20)
(-0.33225 -0.843497 -7.25989e-18)
(-0.442917 -0.763391 7.48181e-18)
(-0.519494 -0.629466 -3.15295e-17)
(-0.559903 -0.451598 -8.71536e-18)
(-0.562719 -0.231652 9.6803e-17)
(-0.497413 -0.00893163 -1.22804e-16)
(-0.253111 0.0805982 3.69059e-16)
(0.242245 -0.308264 0)
(0.175753 -0.543083 7.47839e-18)
(0.0597086 -0.737332 -1.53243e-17)
(-0.0821045 -0.865105 3.96086e-18)
(-0.224394 -0.917672 -4.17866e-17)
(-0.352761 -0.900819 3.09782e-17)
(-0.446004 -0.829594 -3.71995e-17)
(-0.506129 -0.701534 1.01407e-17)
(-0.527822 -0.526271 -9.29132e-17)
(-0.510739 -0.304674 -1.03167e-16)
(-0.418252 -0.0648245 -2.20543e-17)
(-0.15534 0.0531364 -5.49589e-16)
(0.150985 -0.328468 0)
(0.0887952 -0.571886 -3.43452e-17)
(-0.0152494 -0.773289 2.25041e-17)
(-0.138416 -0.904049 0)
(-0.262663 -0.962361 -6.01124e-18)
(-0.36891 -0.950732 -3.17362e-17)
(-0.447413 -0.884009 -5.4627e-17)
(-0.490927 -0.761726 -3.07614e-17)
(-0.492165 -0.590019 1.81284e-16)
(-0.452061 -0.3734 1.69051e-16)
(-0.326918 -0.116147 0)
(-0.0593203 0.0476272 0)
(0.0809858 -0.322833 -1.4735e-17)
(0.0272103 -0.574418 -1.38092e-19)
(-0.0597232 -0.787609 0)
(-0.159265 -0.917608 1.09395e-17)
(-0.25769 -0.994529 -1.10617e-17)
(-0.354917 -0.962713 -1.5926e-16)
(-0.399464 -0.893968 3.96801e-16)
(-0.418807 -0.777714 0)
(-0.403243 -0.627475 -2.38206e-16)
(-0.353869 -0.440647 -3.24181e-16)
(-0.213487 -0.183309 -7.69721e-16)
(-0.0177835 0.0527531 9.29587e-16)
(-0.568193 0.818989 7.00465e-17)
(-0.433767 0.924296 2.53524e-17)
(-0.174181 0.964854 -1.69906e-17)
(0.109277 0.927792 0)
(0.392903 0.820166 -1.74758e-17)
(0.661387 0.648024 -1.04981e-17)
(0.89853 0.417906 8.51943e-18)
(1.08986 0.142047 5.18838e-18)
(1.2238 -0.161328 0)
(1.29184 -0.474797 9.18006e-19)
(1.29452 -0.778704 2.99173e-18)
(1.21772 -1.06194 2.19701e-18)
(-0.522768 0.691007 7.23096e-17)
(-0.365319 0.825658 -6.60815e-18)
(-0.128983 0.860078 2.17221e-17)
(0.131749 0.822147 0)
(0.391642 0.718609 0)
(0.635215 0.556042 1.77315e-17)
(0.845901 0.340601 1.07219e-17)
(1.0088 0.0839491 -8.81087e-18)
(1.11224 -0.196228 1.78295e-18)
(1.1487 -0.481958 8.51848e-18)
(1.11685 -0.753682 -1.01742e-18)
(1.00828 -0.993831 1.10457e-18)
(-0.436943 0.632477 -7.32202e-17)
(-0.305116 0.737843 0)
(-0.0908267 0.766917 0)
(0.148249 0.727891 0)
(0.385055 0.628154 0)
(0.603426 0.474725 1.84814e-17)
(0.786808 0.2738 -3.47902e-17)
(0.920418 0.0366753 9.19336e-18)
(0.993039 -0.219707 0)
(0.998141 -0.477046 -7.72992e-18)
(0.933949 -0.715885 -3.65036e-18)
(0.796975 -0.915302 -1.64724e-18)
(-0.372123 0.556722 8.18932e-17)
(-0.251323 0.663051 3.57182e-17)
(-0.0559439 0.686794 -2.38486e-17)
(0.164141 0.64681 1.65019e-17)
(0.37923 0.550982 0)
(0.572903 0.406503 3.93999e-18)
(0.729033 0.219837 1.32392e-17)
(0.833424 0.0020855 -1.13811e-17)
(0.875792 -0.230638 1.91481e-18)
(0.850928 -0.459942 -1.00461e-18)
(0.7576 -0.666716 5.27875e-18)
(0.596696 -0.829044 0)
(-0.301347 0.495287 3.43082e-19)
(-0.200544 0.599721 -2.98575e-17)
(-0.0205308 0.619715 2.51309e-17)
(0.183558 0.579457 -3.90214e-17)
(0.378928 0.488175 1.63076e-17)
(0.549099 0.352784 9.20887e-20)
(0.678837 0.180122 -1.98097e-18)
(0.754857 -0.0187152 1.97918e-17)
(0.768294 -0.228538 -1.98642e-18)
(0.715511 -0.431045 0)
(0.596653 -0.607863 5.42452e-19)
(0.416452 -0.737603 -2.81229e-18)
(-0.235842 0.432833 -1.04399e-16)
(-0.151506 0.545699 0)
(0.0178063 0.564367 0)
(0.209659 0.525449 2.32067e-17)
(0.387831 0.439948 -3.88611e-17)
(0.536268 0.314097 -2.08402e-17)
(0.641126 0.155285 2.04822e-18)
(0.690308 -0.0252657 -1.64785e-17)
(0.676666 -0.213414 2.06774e-18)
(0.598435 -0.391076 -1.07229e-18)
(0.457593 -0.540909 1.66364e-18)
(0.262125 -0.643052 -5.78626e-19)
(-0.172177 0.371637 -2.45119e-16)
(-0.103006 0.498109 -7.92753e-17)
(0.0613314 0.518835 1.21584e-17)
(0.245019 0.483778 1.53974e-17)
(0.408736 0.4059 3.75708e-17)
(0.537569 0.290484 4.49814e-18)
(0.619515 0.14534 -4.39136e-18)
(0.643944 -0.0176285 0)
(0.605492 -0.185609 0)
(0.504424 -0.34081 7.8184e-18)
(0.344769 -0.467192 1.14725e-18)
(0.137209 -0.54685 2.36614e-18)
(-0.114609 0.307631 2.98794e-16)
(-0.0541392 0.453416 -1.99276e-19)
(0.112162 0.480758 -5.69023e-17)
(0.291661 0.453086 -7.08464e-17)
(0.443643 0.385173 -2.12603e-17)
(0.555044 0.281193 5.02937e-18)
(0.616249 0.149761 -7.19682e-18)
(0.61847 0.00365698 2.36378e-18)
(0.557714 -0.145734 1.88611e-17)
(0.436456 -0.281058 -2.02734e-17)
(0.260634 -0.387627 1.82574e-18)
(0.0431417 -0.449687 -3.12287e-18)
(-0.0671378 0.238187 -3.41187e-16)
(-0.00347246 0.407465 8.99061e-17)
(0.172432 0.447566 7.19591e-17)
(0.351024 0.431652 -7.73913e-20)
(0.493659 0.37664 0)
(0.589576 0.28541 2.39814e-17)
(0.632211 0.167398 2.82229e-18)
(0.615107 0.0377578 2.4335e-20)
(0.534633 -0.0945091 -4.56255e-17)
(0.395681 -0.212366 1.07381e-17)
(0.205701 -0.302591 0)
(-0.0205841 -0.351422 2.76151e-18)
(-0.0355255 0.163234 1.12374e-15)
(0.0502239 0.357298 0)
(0.243434 0.418063 1.30305e-17)
(0.422665 0.418301 1.53384e-16)
(0.558178 0.379007 7.94203e-17)
(0.640716 0.301651 9.03194e-20)
(0.66759 0.197353 -1.12901e-17)
(0.633679 0.0830816 3.24863e-17)
(0.536162 -0.0337652 2.77741e-17)
(0.38196 -0.136607 1.20526e-17)
(0.179068 -0.213805 1.70722e-18)
(-0.0561216 -0.253307 0)
(-0.0195552 0.0844506 -6.30699e-16)
(0.114417 0.297166 0)
(0.327623 0.389614 0)
(0.503853 0.411265 -1.27392e-16)
(0.634185 0.390387 -1.09507e-16)
(0.707115 0.326175 -4.96102e-17)
(0.718821 0.235875 -4.68123e-17)
(0.671713 0.134553 -8.51243e-17)
(0.560561 0.0300975 -5.64966e-18)
(0.394471 -0.061684 -2.63474e-17)
(0.17964 -0.131062 2.90891e-18)
(-0.0660784 -0.165366 0)
(-0.0256352 0.0447324 -1.04966e-15)
(0.183708 0.239494 0)
(0.422888 0.345708 0)
(0.586634 0.380923 2.82354e-17)
(0.710104 0.380219 -2.46511e-17)
(0.780906 0.345649 3.22667e-17)
(0.785834 0.255372 -2.37994e-17)
(0.723976 0.170728 9.62761e-17)
(0.601077 0.078313 0)
(0.425326 -0.00298497 -6.41436e-17)
(0.204429 -0.0663603 -5.85989e-17)
(-0.0474513 -0.0972546 1.814e-17)
(1.06166 -1.26213 -8.45573e-21)
(0.843124 -1.35737 -5.87812e-18)
(0.569059 -1.29476 0)
(0.279843 -1.05615 1.07118e-17)
(0.0231483 -0.667424 1.7703e-17)
(-0.146037 -0.212845 6.68505e-18)
(-0.193603 0.203514 5.97859e-18)
(-0.129835 0.52882 -2.10879e-17)
(0.0159727 0.768596 0)
(0.22224 0.929872 -1.59136e-17)
(0.45151 1.01214 2.32256e-17)
(0.703249 0.974187 5.51669e-17)
(0.825523 -1.14895 2.46751e-18)
(0.585376 -1.19343 0)
(0.307017 -1.08558 1.24792e-17)
(0.0377141 -0.821948 0)
(-0.173324 -0.444886 1.00078e-20)
(-0.281432 -0.0427251 2.51811e-17)
(-0.275652 0.301121 5.64965e-18)
(-0.179168 0.561785 -2.52413e-17)
(-0.0184978 0.752303 0)
(0.189414 0.876595 1.58315e-17)
(0.407974 0.925838 -2.34138e-17)
(0.598858 0.856155 0)
(0.593092 -1.02846 -1.20806e-18)
(0.341943 -1.03056 5.38543e-18)
(0.0717081 -0.892244 -1.18015e-17)
(-0.168597 -0.622202 1.56445e-17)
(-0.333057 -0.271954 -6.30944e-18)
(-0.390831 0.0761323 -1.49902e-17)
(-0.347651 0.360542 -3.25739e-17)
(-0.229951 0.572897 2.46647e-17)
(-0.0602028 0.727213 0)
(0.147638 0.824642 -1.62708e-17)
(0.356978 0.851681 -7.95973e-18)
(0.520029 0.763085 0)
(0.377781 -0.90581 -5.97722e-19)
(0.123998 -0.875387 -5.88081e-18)
(-0.130987 -0.719933 1.43044e-18)
(-0.340241 -0.456744 2.62124e-20)
(-0.463602 -0.140374 -1.22147e-17)
(-0.483647 0.15816 0)
(-0.415734 0.395449 2.65991e-17)
(-0.284758 0.571494 -4.93571e-18)
(-0.1096 0.698677 0)
(0.0979925 0.776138 4.48822e-17)
(0.299632 0.787337 0)
(0.428595 0.672711 0)
(0.187768 -0.784573 -2.40123e-18)
(-0.0629469 -0.731347 0)
(-0.299837 -0.56956 8.39716e-18)
(-0.480358 -0.321827 -1.17537e-17)
(-0.571104 -0.0410816 1.18255e-20)
(-0.565452 0.214729 2.59656e-17)
(-0.482773 0.415058 -5.35722e-18)
(-0.344348 0.563346 -1.52632e-17)
(-0.166214 0.669394 5.20689e-18)
(0.0418952 0.731054 -2.36197e-17)
(0.239301 0.729017 -1.72457e-17)
(0.347613 0.591436 2.0326e-17)
(0.0276201 -0.666995 2.42112e-18)
(-0.216924 -0.599721 0)
(-0.436125 -0.439643 -1.10787e-17)
(-0.592803 -0.21219 2.91575e-18)
(-0.660391 0.034395 -2.99239e-18)
(-0.639577 0.254536 -2.89937e-17)
(-0.550001 0.425681 2.19841e-17)
(-0.408607 0.552025 2.6584e-17)
(-0.229243 0.640535 0)
(-0.0196555 0.688434 6.45614e-18)
(0.176884 0.673776 -9.19867e-18)
(0.265322 0.508601 0)
(-0.100603 -0.554159 6.17858e-19)
(-0.338337 -0.48015 -5.89026e-18)
(-0.542679 -0.327349 0)
(-0.681862 -0.122164 0)
(-0.735426 0.0933232 0)
(-0.708077 0.284023 -6.02653e-18)
(-0.617752 0.431528 -1.74599e-17)
(-0.476886 0.539565 -2.31687e-17)
(-0.297617 0.612187 6.15982e-18)
(-0.0856972 0.646631 6.32165e-20)
(0.114212 0.618031 -9.2308e-17)
(0.190576 0.426399 -2.24069e-16)
(-0.196994 -0.446026 2.59716e-18)
(-0.42949 -0.370952 6.7862e-18)
(-0.623553 -0.228998 -1.4576e-18)
(-0.752163 -0.0462772 3.07108e-18)
(-0.799625 0.141564 1.9289e-17)
(-0.772245 0.307787 2.28093e-17)
(-0.685777 0.435245 -2.59768e-17)
(-0.548091 0.526853 5.91974e-17)
(-0.369967 0.583625 0)
(-0.155312 0.60338 0)
(0.0523234 0.558071 8.37046e-17)
(0.124979 0.340025 3.43844e-17)
(-0.26365 -0.341483 -2.85444e-18)
(-0.494253 -0.269455 -1.48846e-18)
(-0.683805 -0.140473 1.59776e-18)
(-0.808525 0.0205319 0)
(-0.856068 0.183684 -5.58636e-17)
(-0.832869 0.32901 -3.6162e-17)
(-0.75341 0.438265 2.98471e-17)
(-0.620709 0.513821 -3.15533e-17)
(-0.444486 0.553551 8.75523e-18)
(-0.2271 0.556368 1.07731e-17)
(-0.00745422 0.49004 -1.52567e-17)
(0.0771163 0.247273 3.77079e-16)
(-0.304423 -0.240509 -3.57334e-18)
(-0.537801 -0.173942 0)
(-0.729407 -0.0586517 -1.5336e-17)
(-0.855095 0.0816979 3.96409e-18)
(-0.906451 0.222282 2.50484e-17)
(-0.889309 0.348989 -4.42101e-18)
(-0.818555 0.440967 -1.85941e-17)
(-0.691531 0.500178 7.12466e-17)
(-0.517736 0.521241 -8.13605e-17)
(-0.298567 0.504462 1.27542e-19)
(-0.0617752 0.411008 -2.20604e-17)
(0.0522877 0.149125 0)
(-0.324002 -0.150139 4.43803e-18)
(-0.565983 -0.0879841 -1.87027e-17)
(-0.764664 0.015242 4.24031e-17)
(-0.89339 0.137024 0)
(-0.950536 0.259717 -6.02927e-18)
(-0.938486 0.364591 6.38816e-18)
(-0.872172 0.441934 4.09298e-17)
(-0.750749 0.484576 -2.31366e-16)
(-0.580346 0.485309 1.45427e-16)
(-0.365681 0.445735 0)
(-0.111695 0.3212 0)
(0.0511001 0.0575412 0)
(-0.318078 -0.0808342 2.95855e-17)
(-0.568548 -0.027149 5.07535e-17)
(-0.778684 0.0590644 -9.22731e-17)
(-0.906675 0.157421 1.10115e-17)
(-0.982211 0.254739 -2.22167e-17)
(-0.950271 0.350549 -7.99846e-17)
(-0.881999 0.394412 -4.70854e-17)
(-0.766482 0.413184 2.5853e-17)
(-0.617638 0.39758 -2.09559e-16)
(-0.430388 0.34695 -4.16095e-17)
(-0.181949 0.215642 0)
(0.0535778 -0.0112284 -2.22116e-15)
(0.817684 0.567517 6.96196e-17)
(0.922433 0.433689 2.57355e-17)
(0.963048 0.175311 -1.67655e-17)
(0.926682 -0.106961 -1.85904e-17)
(0.820049 -0.389788 1.75084e-17)
(0.648916 -0.657903 1.72164e-17)
(0.419568 -0.895135 -1.6997e-18)
(0.144106 -1.08694 -3.42519e-18)
(-0.159315 -1.22169 1.72007e-18)
(-0.473255 -1.29075 0)
(-0.778263 -1.29464 0)
(-1.06344 -1.21916 -1.07791e-20)
(0.690252 0.522492 0)
(0.824275 0.365441 2.89802e-19)
(0.858781 0.130009 0)
(0.821462 -0.129809 1.51296e-17)
(0.718789 -0.389095 -3.63377e-18)
(0.557082 -0.632437 7.15129e-18)
(0.342271 -0.843292 -1.95976e-17)
(0.085867 -1.00671 1.76412e-18)
(-0.194494 -1.11095 0)
(-0.480827 -1.14835 -7.56847e-18)
(-0.753772 -1.11763 0)
(-0.995902 -1.01019 2.20151e-18)
(0.6318 0.436598 0)
(0.736814 0.30528 -3.4254e-17)
(0.765998 0.0917366 4.56599e-18)
(0.72752 -0.146632 0)
(0.628543 -0.382991 1.50623e-17)
(0.475851 -0.601256 3.69853e-18)
(0.275446 -0.784883 1.27812e-17)
(0.038449 -0.919042 -1.10504e-17)
(-0.218224 -0.99242 1.84847e-18)
(-0.476281 -0.998401 1.5516e-17)
(-0.716392 -0.935167 4.17148e-18)
(-0.917777 -0.799022 -1.09825e-18)
(0.556266 0.371842 -8.20877e-17)
(0.662287 0.251495 0)
(0.686152 0.0567409 0)
(0.646662 -0.162795 2.06503e-17)
(0.551502 -0.377575 -1.93927e-17)
(0.407663 -0.571245 3.83033e-18)
(0.221418 -0.727683 -3.793e-18)
(0.00371168 -0.83264 7.58574e-18)
(-0.229384 -0.875726 7.72642e-18)
(-0.459473 -0.85162 4.8264e-20)
(-0.667546 -0.759053 -4.22307e-18)
(-0.831743 -0.598664 1.11069e-18)
(0.494924 0.301105 9.16368e-17)
(0.599144 0.200701 0)
(0.619269 0.0212287 5.04144e-18)
(0.579458 -0.182439 -3.9099e-17)
(0.488767 -0.377617 0)
(0.353932 -0.547871 -1.99494e-17)
(0.18161 -0.677961 2.17807e-17)
(-0.0172423 -0.754549 -1.78345e-17)
(-0.227486 -0.768639 -5.96106e-18)
(-0.430813 -0.716502 -1.85558e-17)
(-0.608887 -0.598179 0)
(-0.740367 -0.418155 -2.24744e-18)
(0.432526 0.235591 2.61005e-17)
(0.54525 0.151635 -4.01569e-17)
(0.564059 -0.0171972 0)
(0.525544 -0.208736 -8.74681e-20)
(0.440571 -0.386812 0)
(0.315196 -0.535405 4.1208e-18)
(0.156665 -0.640639 -2.06605e-17)
(-0.0239476 -0.690376 1.44129e-17)
(-0.212528 -0.677311 1.04052e-17)
(-0.391008 -0.599583 8.52935e-18)
(-0.542035 -0.459055 -4.45124e-18)
(-0.645731 -0.26346 1.14614e-18)
(0.371394 0.171984 0)
(0.497745 0.103111 1.05854e-16)
(0.518621 -0.0607992 5.48634e-17)
(0.483925 -0.244266 1.53586e-17)
(0.406522 -0.407973 0)
(0.291512 -0.537022 2.24675e-17)
(0.146604 -0.619356 -2.18668e-18)
(-0.0164528 -0.644316 1.90183e-20)
(-0.184851 -0.606351 -1.09115e-17)
(-0.340845 -0.505654 0)
(-0.468299 -0.346096 -1.24672e-20)
(-0.549314 -0.138119 3.52716e-26)
(0.30745 0.114448 -2.99751e-16)
(0.453103 0.0542163 -1.7347e-16)
(0.480603 -0.111702 -4.97365e-17)
(0.453255 -0.291059 -4.73725e-17)
(0.38577 -0.443111 0)
(0.282145 -0.554783 5.04128e-18)
(0.150915 -0.616387 -7.21446e-18)
(0.00471274 -0.61911 -2.06787e-20)
(-0.14506 -0.558756 2.34673e-18)
(-0.281119 -0.437738 0)
(-0.388634 -0.26182 4.87385e-18)
(-0.45182 -0.0436681 2.50009e-18)
(0.238126 0.0670192 -2.38339e-19)
(0.407198 0.00352536 1.03015e-16)
(0.447441 -0.172042 0)
(0.431826 -0.350553 7.26378e-18)
(0.377184 -0.493345 -1.25303e-22)
(0.286289 -0.589583 -2.40202e-17)
(0.168442 -0.632639 1.9777e-17)
(0.0387337 -0.616013 -2.47534e-17)
(-0.0938852 -0.535879 0)
(-0.212374 -0.39706 -1.07792e-17)
(-0.303386 -0.206833 0)
(-0.35313 0.0203099 -5.53211e-18)
(0.163347 0.0353831 5.62739e-16)
(0.357097 -0.0501897 -1.89968e-17)
(0.417953 -0.243113 1.30911e-16)
(0.418463 -0.422308 7.17144e-17)
(0.379475 -0.558077 -6.19056e-17)
(0.302455 -0.640979 3.20742e-17)
(0.198278 -0.668319 -7.44973e-18)
(0.0840133 -0.634882 2.52285e-17)
(-0.0331614 -0.537688 3.46452e-18)
(-0.136477 -0.383548 2.57784e-17)
(-0.214315 -0.180303 -5.1682e-18)
(-0.254523 0.0558732 3.44884e-18)
(0.0847303 0.0193612 0)
(0.297041 -0.114405 0)
(0.389511 -0.32737 -1.64351e-16)
(0.411387 -0.503624 0)
(0.390767 -0.634287 1.23497e-16)
(0.326881 -0.707642 -1.24496e-16)
(0.236716 -0.719874 -2.9213e-17)
(0.135437 -0.673266 3.98948e-17)
(0.0307184 -0.562466 0)
(-0.0613851 -0.39642 1.16138e-19)
(-0.131252 -0.181205 3.50682e-17)
(-0.166113 0.0655533 0)
(0.0450841 0.0254249 -9.20984e-16)
(0.239433 -0.183541 -6.39992e-16)
(0.345604 -0.422706 3.4247e-17)
(0.380985 -0.586622 0)
(0.380459 -0.710375 -2.47351e-17)
(0.346117 -0.78157 3.2183e-16)
(0.256036 -0.787309 -2.36827e-17)
(0.171465 -0.725982 -1.08433e-16)
(0.0788775 -0.603514 1.27036e-17)
(-0.0025776 -0.427824 -5.67883e-17)
(-0.0663097 -0.206574 -1.33457e-16)
(-0.0976448 0.0462629 1.81123e-17)
(-1.26637 -1.06429 1.25309e-18)
(-1.36476 -0.84656 -1.47109e-18)
(-1.30515 -0.572415 1.68686e-18)
(-1.06779 -0.282098 1.42963e-17)
(-0.677541 -0.0239681 1.41746e-17)
(-0.218795 0.146694 -1.33988e-17)
(0.2028 0.19487 -6.01138e-18)
(0.532514 0.130447 -1.58622e-17)
(0.775621 -0.016944 3.96282e-17)
(0.939381 -0.225533 0)
(1.02378 -0.457379 3.05754e-17)
(0.987562 -0.714621 0)
(-1.15366 -0.828277 1.23147e-18)
(-1.20095 -0.58847 0)
(-1.09546 -0.309522 0)
(-0.832399 -0.0387729 7.61527e-21)
(-0.453261 0.173905 -1.32955e-17)
(-0.0468386 0.283326 -3.15718e-17)
(0.30166 0.277708 -1.70091e-17)
(0.565974 0.180215 0)
(0.75922 0.0177547 -1.94e-17)
(0.885564 -0.192589 5.33302e-18)
(0.936529 -0.413835 1.57885e-17)
(0.867723 -0.607707 7.26868e-17)
(-1.03338 -0.595608 -1.21224e-18)
(-1.03789 -0.344313 1.33942e-18)
(-0.901334 -0.0730669 1.03441e-17)
(-0.631269 0.168933 -2.19453e-17)
(-0.278598 0.335146 -1.90403e-17)
(0.073592 0.394013 -3.08457e-18)
(0.362041 0.350648 3.26606e-17)
(0.577432 0.231698 1.49342e-17)
(0.734017 0.060014 -1.95354e-17)
(0.833146 -0.150366 0)
(0.861628 -0.362582 -3.18853e-17)
(0.773913 -0.529168 4.47933e-19)
(-0.910717 -0.379805 2.39612e-18)
(-0.882294 -0.125433 0)
(-0.728046 0.130912 -1.13812e-17)
(-0.464352 0.342066 2.97903e-18)
(-0.145385 0.467214 1.22305e-17)
(0.156945 0.488129 4.98336e-17)
(0.397695 0.419789 -2.67909e-17)
(0.576289 0.287412 -2.4836e-17)
(0.705384 0.110227 4.48263e-17)
(0.784264 -0.0999789 -2.25486e-17)
(0.796697 -0.30459 0)
(0.682483 -0.436391 -7.1325e-17)
(-0.789276 -0.18915 -2.39725e-18)
(-0.737646 0.0625669 0)
(-0.576585 0.301106 0)
(-0.327964 0.483671 8.8469e-18)
(-0.0446041 0.57617 3.01026e-17)
(0.214617 0.571196 -2.6014e-17)
(0.417899 0.487947 2.14441e-17)
(0.568348 0.348053 -2.04096e-17)
(0.676033 0.167851 -4.16173e-17)
(0.738857 -0.042937 -1.1093e-19)
(0.737885 -0.243425 3.4634e-17)
(0.600477 -0.354933 0)
(-0.671333 -0.0282656 1.20999e-18)
(-0.605276 0.217633 -5.16233e-18)
(-0.445508 0.438703 0)
(-0.216893 0.597501 0)
(0.0321926 0.666767 -2.68908e-17)
(0.255342 0.646483 -2.04694e-17)
(0.429006 0.556295 0)
(0.557205 0.413441 2.13679e-17)
(0.647124 0.232013 1.6635e-17)
(0.695951 0.0197268 3.21419e-17)
(0.682197 -0.17995 -7.41076e-17)
(0.51666 -0.271674 1.86247e-16)
(-0.557986 0.100698 -3.69608e-26)
(-0.484855 0.340075 6.52078e-18)
(-0.332032 0.546438 -1.40574e-18)
(-0.125523 0.687754 -2.94881e-18)
(0.09227 0.742906 6.10136e-18)
(0.285602 0.716 2.11218e-17)
(0.43526 0.625114 0)
(0.544908 0.48286 0)
(0.618738 0.301587 2.46523e-17)
(0.653871 0.086991 0)
(0.626056 -0.116039 3.07599e-17)
(0.433397 -0.196164 -1.93522e-16)
(-0.449236 0.197739 2.59713e-18)
(-0.374751 0.432085 5.44317e-18)
(-0.232539 0.628269 1.16244e-17)
(-0.0484056 0.758999 0)
(0.141507 0.807982 3.21502e-18)
(0.310025 0.78102 -9.81274e-18)
(0.439343 0.694104 1.3032e-17)
(0.532337 0.555165 -3.96939e-17)
(0.590144 0.375131 -2.13708e-17)
(0.610332 0.157873 0)
(0.565592 -0.0528071 9.64029e-17)
(0.346146 -0.129585 2.7455e-16)
(-0.343981 0.264833 -5.71691e-18)
(-0.272326 0.497431 -5.96595e-18)
(-0.142897 0.689184 -1.26999e-17)
(0.0194933 0.816059 3.3387e-18)
(0.18453 0.865102 -1.14526e-20)
(0.331827 0.842334 -3.62511e-18)
(0.442694 0.762589 0)
(0.519432 0.62879 -6.43257e-20)
(0.559997 0.450794 -8.84085e-18)
(0.562935 0.230915 9.68937e-17)
(0.497006 0.00838071 -1.22901e-16)
(0.25193 -0.0800727 -3.70572e-16)
(-0.242259 0.305754 3.55373e-18)
(-0.175881 0.541219 -7.46975e-18)
(-0.0600162 0.73518 1.53006e-17)
(0.0815869 0.863051 0)
(0.223902 0.915898 0)
(0.352294 0.899252 -2.65339e-17)
(0.445654 0.828382 2.78859e-17)
(0.505861 0.700426 1.22064e-16)
(0.527542 0.525055 9.30624e-17)
(0.510497 0.303489 1.49229e-17)
(0.417233 0.063674 -2.20914e-17)
(0.153676 -0.0531835 0)
(-0.151208 0.325153 0)
(-0.0890451 0.569322 1.14081e-17)
(0.0147973 0.770534 -2.24932e-17)
(0.137729 0.901494 5.7204e-18)
(0.262036 0.960152 -6.03199e-18)
(0.368256 0.948648 5.08173e-17)
(0.4468 0.882184 -5.44394e-17)
(0.490244 0.759994 -1.23023e-16)
(0.491324 0.588201 -1.45132e-16)
(0.451374 0.37136 -1.93493e-16)
(0.324986 0.113925 3.68061e-16)
(0.0568913 -0.0487674 -7.45007e-17)
(-0.0813628 0.318612 2.95413e-17)
(-0.0275712 0.571272 -5.07395e-17)
(0.0592356 0.784193 0)
(0.158502 0.914421 -8.79025e-17)
(0.257017 0.991771 -8.82724e-17)
(0.354009 0.959865 0)
(0.398463 0.891151 2.34359e-17)
(0.417574 0.77477 -5.1849e-17)
(0.401796 0.624327 -2.2277e-19)
(0.351614 0.437846 4.05945e-17)
(0.210109 0.179648 -1.55663e-15)
(0.0151465 -0.0545696 0)
(0.568347 -0.818142 -7.02497e-17)
(0.434483 -0.923004 -3.20568e-17)
(0.175465 -0.963929 2.12574e-17)
(-0.107735 -0.927337 0)
(-0.391277 -0.820191 1.39576e-17)
(-0.659776 -0.648497 3.47397e-18)
(-0.897016 -0.418801 -1.02186e-17)
(-1.08852 -0.143322 -5.16957e-18)
(-1.22275 0.159754 -8.58268e-18)
(-1.29118 0.473075 0)
(-1.29438 0.77706 3.99141e-18)
(-1.21826 1.06068 -1.09911e-18)
(0.522558 -0.690678 0)
(0.365831 -0.824931 3.30613e-17)
(0.129919 -0.8595 -2.17471e-17)
(-0.13061 -0.821891 0)
(-0.390446 -0.718747 1.09564e-17)
(-0.634054 -0.556573 3.56374e-18)
(-0.844863 -0.341508 -1.42598e-17)
(-1.00798 -0.0851844 -9.06175e-20)
(-1.11176 0.194753 0)
(-1.14866 0.480409 0)
(-1.11741 0.752314 0)
(-1.00956 0.992971 -1.10545e-18)
(0.437089 -0.632475 0)
(0.305544 -0.737545 2.07626e-17)
(0.0915157 -0.766616 2.28072e-17)
(-0.147445 -0.727805 0)
(-0.384232 -0.628387 -1.11415e-17)
(-0.60267 -0.475297 7.42508e-18)
(-0.786208 -0.274703 2.00792e-17)
(-0.920073 -0.0378518 -3.74281e-18)
(-0.99307 0.21835 -5.61412e-18)
(-0.998659 0.475686 0)
(-0.93508 0.714794 -4.17541e-18)
(-0.798783 0.914807 1.09944e-18)
(0.372148 -0.556902 0)
(0.251642 -0.663065 -2.84626e-17)
(0.0564185 -0.686717 -3.8054e-17)
(-0.163634 -0.646867 0)
(-0.378746 -0.551297 -3.89122e-18)
(-0.572518 -0.407103 -1.13826e-17)
(-0.728832 -0.22072 1.52419e-17)
(-0.833505 -0.00318678 7.58008e-18)
(-0.876272 0.229413 -5.16662e-20)
(-0.851901 0.458778 1.00529e-18)
(-0.759157 0.665883 3.70418e-18)
(-0.59884 0.828851 -5.53436e-19)
(0.301452 -0.495612 2.28058e-17)
(0.200771 -0.599961 -1.50016e-17)
(0.0208091 -0.619816 2.01545e-17)
(-0.183329 -0.579635 4.35025e-18)
(-0.378762 -0.488563 2.03974e-17)
(-0.549061 -0.353405 -3.97114e-18)
(-0.679003 -0.180979 -2.95943e-17)
(-0.755317 0.017697 1.79629e-20)
(-0.769151 0.227447 7.98808e-18)
(-0.71684 0.430069 -1.03315e-17)
(-0.598503 0.607252 0)
(-0.418762 0.737638 2.25385e-18)
(0.235896 -0.433183 0)
(0.151617 -0.546107 -7.9841e-18)
(-0.0177284 -0.564616 5.47825e-18)
(-0.209706 -0.525736 0)
(-0.387971 -0.440409 -1.2922e-17)
(-0.53656 -0.314738 -1.6733e-17)
(-0.641629 -0.156117 1.23811e-17)
(-0.691103 0.024331 -2.07403e-18)
(-0.677834 0.212449 2.06936e-18)
(-0.600031 0.390269 8.53485e-18)
(-0.459623 0.540477 0)
(-0.264477 0.64324 -2.29521e-18)
(0.172266 -0.372011 2.45051e-16)
(0.102982 -0.498636 6.18337e-17)
(-0.0614655 -0.519207 3.10796e-20)
(-0.245342 -0.484168 5.14422e-18)
(-0.409173 -0.406434 1.88397e-17)
(-0.538173 -0.291144 2.24397e-17)
(-0.62033 -0.146152 -4.39558e-18)
(-0.645037 0.0167682 0)
(-0.606922 0.184752 0)
(-0.506221 0.340145 0)
(-0.346905 0.466891 4.03917e-18)
(-0.139528 0.547117 5.91747e-19)
(0.114739 -0.308032 -2.61372e-16)
(0.0539379 -0.454021 -9.17668e-17)
(-0.112528 -0.48124 0)
(-0.292265 -0.453575 0)
(-0.444368 -0.385787 -3.72944e-17)
(-0.555942 -0.28188 2.0131e-17)
(-0.617355 -0.150561 -2.16255e-17)
(-0.619833 -0.00445707 -2.37835e-17)
(-0.559371 0.144963 2.34543e-18)
(-0.438415 0.280501 -1.19767e-18)
(-0.26284 0.387406 -3.66028e-18)
(-0.0454042 0.449969 -2.50244e-18)
(0.0672484 -0.238641 0)
(0.00305633 -0.408154 -1.28548e-17)
(-0.173066 -0.448127 9.04684e-18)
(-0.351891 -0.432267 7.3363e-18)
(-0.494667 -0.377316 2.59416e-17)
(-0.590739 -0.286146 -2.3941e-17)
(-0.633594 -0.168181 1.68729e-17)
(-0.616713 -0.0385292 4.39272e-17)
(-0.536505 0.0938106 0)
(-0.397791 0.211868 1.35016e-18)
(-0.207984 0.302395 -1.35597e-18)
(0.018348 0.351664 2.76437e-18)
(0.0354077 -0.163927 0)
(-0.050905 -0.358113 -1.89961e-17)
(-0.244374 -0.418696 6.90045e-20)
(-0.423765 -0.419066 9.21948e-17)
(-0.559454 -0.379733 -7.95021e-17)
(-0.642113 -0.302455 4.80816e-17)
(-0.669228 -0.198106 -3.7303e-18)
(-0.635515 -0.0838562 -3.6057e-17)
(-0.538248 0.0331221 3.46388e-18)
(-0.384238 0.136116 1.3789e-17)
(-0.181471 0.213584 0)
(0.0538297 0.253472 3.46977e-18)
(0.0190437 -0.0855184 0)
(-0.115555 -0.298103 0)
(-0.328827 -0.39038 0)
(-0.505195 -0.412159 -1.27479e-16)
(-0.635704 -0.391208 2.32993e-16)
(-0.708757 -0.32703 -6.20435e-17)
(-0.720692 -0.236635 5.87475e-18)
(-0.673757 -0.135326 -5.65193e-18)
(-0.562861 -0.0307165 0)
(-0.396943 0.061166 -4.98744e-17)
(-0.182243 0.130767 2.78172e-17)
(0.0635984 0.16546 -7.29075e-18)
(0.0248031 -0.0461237 1.04858e-15)
(-0.185017 -0.240759 0)
(-0.424447 -0.346509 -3.39536e-17)
(-0.588234 -0.381829 2.5419e-16)
(-0.711917 -0.381079 -1.72351e-16)
(-0.78283 -0.346496 -6.43608e-17)
(-0.787918 -0.25605 1.3055e-16)
(-0.72621 -0.171426 -2.4108e-17)
(-0.603594 -0.0788679 1.27014e-17)
(-0.427989 0.00247264 1.13729e-16)
(-0.207221 0.0660202 -6.66663e-17)
(0.0446792 0.0973179 -3.62979e-17)
(-1.06313 1.26156 -1.25347e-18)
(-0.845814 1.3583 -1.47037e-18)
(-0.572781 1.29783 1.68528e-18)
(-0.284089 1.06127 0)
(-0.0271382 0.673549 -1.77454e-17)
(0.143193 0.218487 -1.00657e-17)
(0.192171 -0.199656 3.00792e-17)
(0.129359 -0.526912 1.58915e-17)
(-0.0160002 -0.768375 0)
(-0.222305 -0.931048 1.42616e-19)
(-0.451882 -1.01448 -3.06343e-17)
(-0.705442 -0.977318 -5.51688e-17)
(-0.827677 1.14896 -2.47055e-18)
(-0.588492 1.19499 -1.39725e-18)
(-0.310739 1.08905 -1.09406e-17)
(-0.0414421 0.826947 3.30277e-18)
(0.170267 0.450229 9.97684e-18)
(0.279554 0.0470908 -3.16141e-17)
(0.274816 -0.298458 -1.69776e-17)
(0.178895 -0.560695 0)
(0.0183978 -0.752519 0)
(-0.189709 -0.877856 -1.58676e-17)
(-0.408648 -0.927901 -7.82395e-18)
(-0.600318 -0.858517 -5.88083e-17)
(-0.59564 1.02892 6.04862e-19)
(-0.345158 1.03249 6.07012e-18)
(-0.0751313 0.895794 1.18287e-17)
(0.165562 0.626792 0)
(0.330926 0.276406 -9.542e-18)
(0.38977 -0.0728541 3.92434e-17)
(0.347324 -0.358771 -1.63838e-17)
(0.22992 -0.572395 0)
(0.0601541 -0.727736 0)
(-0.147992 -0.825951 0)
(-0.357798 -0.853542 0)
(-0.521679 -0.76521 6.46751e-17)
(-0.380482 0.90658 0)
(-0.127068 0.877479 -3.93734e-18)
(0.128041 0.723324 -1.43343e-18)
(0.33796 0.460766 3.01195e-18)
(0.462324 0.143953 6.11349e-18)
(0.483285 -0.155775 -2.63433e-17)
(0.415873 -0.394352 5.26529e-18)
(0.285011 -0.571428 0)
(0.109704 -0.699427 -1.99728e-17)
(-0.0982742 -0.777483 1.69005e-17)
(-0.300421 -0.789073 -2.48692e-17)
(-0.429929 -0.674515 -7.24299e-17)
(-0.190436 0.785523 1.80553e-18)
(0.0601854 0.733436 6.48856e-19)
(0.297457 0.572642 0)
(0.478816 0.325214 -2.94623e-18)
(0.570572 0.0438653 -1.80771e-17)
(0.565681 -0.213064 -2.89476e-18)
(0.483339 -0.414477 -7.82512e-20)
(0.344908 -0.56361 -2.03912e-17)
(0.166537 -0.670316 1.55373e-17)
(-0.0420157 -0.732423 -1.78023e-17)
(-0.239973 -0.730657 3.44648e-17)
(-0.34889 -0.593063 -3.08054e-19)
(-0.0301305 0.668013 -3.02887e-18)
(0.214556 0.601681 1.93363e-18)
(0.434323 0.442324 -1.39554e-18)
(0.591926 0.21494 2.92296e-18)
(0.660473 -0.0323025 2.38972e-17)
(0.640287 -0.253442 2.9223e-18)
(0.550943 -0.425493 1.65143e-17)
(0.409473 -0.552539 3.7398e-17)
(0.229822 -0.641581 5.54233e-18)
(0.0197551 -0.689812 0)
(-0.17736 -0.675333 0)
(-0.26638 -0.51004 9.39364e-17)
(0.0983111 0.555149 -1.85063e-26)
(0.336374 0.481897 -3.93868e-18)
(0.541397 0.329593 -1.26399e-17)
(0.681526 0.124317 0)
(0.735974 -0.0918118 0)
(0.709153 -0.28338 -6.05011e-18)
(0.619004 -0.43164 5.84506e-18)
(0.478031 -0.540265 -4.64163e-17)
(0.298455 -0.613318 -3.08086e-17)
(0.0860436 -0.648 1.44259e-17)
(-0.114448 -0.619507 7.20576e-17)
(-0.191497 -0.427622 2.23842e-16)
(0.194914 0.446914 1.95301e-18)
(0.427872 0.372431 7.47748e-18)
(0.622679 0.230803 2.17991e-17)
(0.752219 0.0478972 -2.47256e-17)
(0.800495 -0.140534 -2.25701e-17)
(0.773577 -0.3075 -9.80401e-18)
(0.687265 -0.435586 6.49354e-18)
(0.549469 -0.527685 2.63641e-17)
(0.371046 -0.584805 8.54782e-17)
(0.155906 -0.604715 6.785e-17)
(-0.0523063 -0.559433 2.35534e-19)
(-0.125668 -0.341049 2.76598e-19)
(0.26171 0.342215 -2.85764e-18)
(0.492859 0.270642 -5.996e-18)
(0.683192 0.14186 -1.27264e-17)
(0.808829 -0.0193767 5.03691e-17)
(0.857136 -0.183063 2.79462e-17)
(0.834364 -0.329007 3.63054e-18)
(0.755061 -0.438785 -3.00193e-17)
(0.622266 -0.514739 0)
(0.445768 -0.554739 1.16235e-19)
(0.227919 -0.557633 -1.71979e-16)
(0.00769934 -0.491241 -1.38084e-16)
(-0.0775701 -0.248174 4.7125e-17)
(0.302499 0.241063 0)
(0.536476 0.174831 9.30789e-18)
(0.728907 0.059652 -1.72729e-17)
(0.855505 -0.0809398 -3.17729e-17)
(0.907594 -0.222002 -2.93931e-17)
(0.890865 -0.349214 -1.32871e-17)
(0.820283 -0.441619 -1.00206e-19)
(0.693191 -0.501139 -7.13682e-17)
(0.519158 -0.522397 -1.98006e-16)
(0.299555 -0.505617 1.32976e-16)
(0.0621901 -0.41204 0)
(-0.0525329 -0.149819 -1.10604e-15)
(0.321938 0.150547 0)
(0.564576 0.0886079 -2.0161e-17)
(0.764147 -0.0145771 1.97402e-17)
(0.893793 -0.136593 -5.74585e-18)
(0.951654 -0.259724 1.02705e-16)
(0.940002 -0.364989 5.11505e-17)
(0.873823 -0.442662 5.4657e-17)
(0.752366 -0.485539 1.23423e-16)
(0.581761 -0.486383 1.45567e-16)
(0.366683 -0.446757 0)
(0.112203 -0.322053 0)
(-0.0511936 -0.0580449 9.0381e-16)
(0.315773 0.081106 -1.48269e-17)
(0.566917 0.027528 1.08144e-16)
(0.778011 -0.0586922 4.04308e-17)
(0.906937 -0.157242 8.84248e-17)
(0.983248 -0.25488 -8.86431e-17)
(0.951524 -0.350964 -3.18815e-17)
(0.883257 -0.39497 2.35307e-17)
(0.767671 -0.413841 -2.6134e-17)
(0.618623 -0.398243 2.9877e-17)
(0.431222 -0.347504 0)
(0.182608 -0.216152 0)
(-0.053562 0.0108883 2.22297e-15)
(-0.818729 -0.56997 0)
(-0.923649 -0.436497 -3.17836e-17)
(-0.964651 -0.177582 4.25368e-18)
(-0.928324 0.105613 0)
(-0.821381 0.38954 0)
(-0.649694 0.658706 3.47245e-18)
(-0.41979 0.896849 5.09434e-18)
(-0.144019 1.08943 -1.70044e-18)
(0.159458 1.22492 6.8579e-18)
(0.473425 1.29483 0)
(0.778633 1.29972 3.99933e-18)
(1.06467 1.22586 1.11471e-18)
(-0.691828 -0.52439 0)
(-0.825819 -0.367644 0)
(-0.860434 -0.131647 -1.75875e-17)
(-0.823014 0.129031 0)
(-0.719964 0.389313 -3.62948e-18)
(-0.557671 0.633589 7.13812e-18)
(-0.342259 0.845267 -1.77767e-17)
(-0.0854837 1.00942 -1.77915e-18)
(0.195021 1.11445 1.7819e-18)
(0.481484 1.15278 7.57574e-18)
(0.75469 1.1231 0)
(0.997412 1.01722 -1.10166e-18)
(-0.633742 -0.438528 0)
(-0.738605 -0.307075 -6.852e-18)
(-0.767693 -0.0928709 2.71835e-17)
(-0.729005 0.14633 -3.95539e-18)
(-0.629599 0.383597 0)
(-0.476294 0.602684 -1.10994e-17)
(-0.27523 0.787025 2.56237e-17)
(-0.0377724 0.921826 0)
(0.219164 0.99592 0)
(0.477452 1.00278 -6.75565e-18)
(0.71785 0.940404 3.14477e-18)
(0.919494 0.805659 1.1083e-18)
(-0.558205 -0.373555 0)
(-0.664224 -0.252938 0)
(-0.687869 -0.0574483 -1.91153e-17)
(-0.6481 0.162903 4.11459e-18)
(-0.552475 0.378513 -3.89091e-18)
(-0.408008 0.57289 3.43131e-17)
(-0.221051 0.729919 -3.66973e-18)
(-0.00279424 0.835375 9.53274e-18)
(0.230691 0.879017 -9.62785e-18)
(0.461093 0.855613 8.02064e-18)
(0.669457 0.763597 -4.23124e-18)
(0.833575 0.604365 -1.10965e-18)
(-0.496889 -0.302627 0)
(-0.601154 -0.201835 3.00839e-17)
(-0.620995 -0.02155 2.01408e-17)
(-0.580866 0.182917 0)
(-0.489694 0.378846 -1.22523e-17)
(-0.354228 0.549692 -2.37919e-17)
(-0.18116 0.680241 -2.56262e-17)
(0.0183181 0.757155 5.98977e-18)
(0.229063 0.771585 7.95436e-18)
(0.432759 0.719898 -8.22887e-18)
(0.611115 0.601766 0)
(0.742214 0.422605 0)
(-0.434351 -0.236912 0)
(-0.547284 -0.152469 -3.19881e-17)
(-0.565784 0.0172465 5.45339e-18)
(-0.526945 0.209565 -4.67053e-18)
(-0.441491 0.388314 1.7253e-17)
(-0.315502 0.53738 4.18784e-18)
(-0.156204 0.642937 1.23675e-17)
(0.0250813 0.692816 -3.50311e-17)
(0.214251 0.679852 2.0656e-18)
(0.393129 0.602283 -1.07145e-18)
(0.54442 0.46159 1.10736e-18)
(0.647498 0.266518 0)
(-0.373041 -0.173099 0)
(-0.499756 -0.103637 -7.0683e-17)
(-0.520342 0.0612259 0)
(-0.485344 0.245441 -2.05761e-17)
(-0.407477 0.40974 1.41383e-17)
(-0.291879 0.539141 2.6985e-17)
(-0.146209 0.621666 -2.18178e-18)
(0.0175433 0.646585 1.52322e-17)
(0.186585 0.608486 0)
(0.342983 0.507664 -1.1187e-18)
(0.470684 0.347605 1.14717e-18)
(0.55092 0.139816 0)
(-0.30885 -0.115409 0)
(-0.455043 -0.0544092 -1.0388e-17)
(-0.482316 0.112523 7.14465e-18)
(-0.454719 0.29258 -2.37439e-17)
(-0.386798 0.445144 -4.26461e-17)
(-0.282626 0.557045 -1.50256e-17)
(-0.15065 0.618719 -4.78943e-18)
(-0.00376661 0.621226 -2.13841e-17)
(0.146679 0.560523 2.34069e-18)
(0.283124 0.439108 -1.07344e-17)
(0.39089 0.262407 1.21441e-18)
(0.453212 0.0441497 0)
(-0.239251 -0.0678217 -3.8877e-16)
(-0.409016 -0.00335614 1.0314e-16)
(-0.449154 0.173263 -6.32548e-17)
(-0.433331 0.352421 -7.44543e-18)
(-0.37834 0.495625 2.59544e-17)
(-0.286903 0.591992 6.0125e-18)
(-0.168392 0.634993 -5.61039e-18)
(-0.0379875 0.61801 -6.31119e-20)
(0.0952522 0.537318 0)
(0.214147 0.397874 1.07213e-17)
(0.305391 0.206594 0)
(0.354271 -0.0208754 0)
(-0.164233 -0.0359686 5.59605e-16)
(-0.358788 0.0507545 -1.716e-16)
(-0.419664 0.244701 1.17795e-16)
(-0.420005 0.424497 8.19575e-17)
(-0.380793 0.56056 8.84319e-18)
(-0.303217 0.643521 3.20835e-17)
(-0.198507 0.670679 -3.38831e-17)
(-0.0835115 0.636776 2.15794e-17)
(0.0341621 0.538829 3.45597e-18)
(0.137931 0.383853 1.37524e-17)
(0.215982 0.179298 -6.86392e-18)
(0.255365 -0.0574053 0)
(-0.0855439 -0.0194295 0)
(-0.29852 0.115524 2.46843e-16)
(-0.39121 0.329274 -1.84691e-16)
(-0.413005 0.506045 3.19188e-17)
(-0.392237 0.63695 -2.74397e-17)
(-0.327838 0.71029 -4.96964e-17)
(-0.237223 0.722256 6.41774e-17)
(-0.135253 0.675041 -5.64291e-18)
(-0.0301068 0.563332 0)
(0.0624512 0.396239 -2.33551e-17)
(0.132566 0.179383 3.50008e-17)
(0.166616 -0.0680721 0)
(-0.0460089 -0.0252274 -1.04935e-15)
(-0.240974 0.184936 5.10091e-16)
(-0.347035 0.424873 2.72335e-16)
(-0.382407 0.589025 0)
(-0.381817 0.713045 -1.97109e-16)
(-0.347187 0.784242 -2.24859e-16)
(-0.256707 0.789718 7.12559e-17)
(-0.171541 0.727583 -1.21029e-17)
(-0.0786428 0.604052 1.2683e-17)
(0.00329088 0.427089 0)
(0.0672937 0.20379 1.65388e-19)
(0.0978188 -0.0500413 1.80891e-17)
)
;

boundaryField
{
    rotor
    {
        type            fixedValue;
        value           nonuniform List<vector> 
192
(
(0.0684902 2.09216 -0)
(0.205177 2.0832 -0)
(0.340986 2.06532 -0)
(0.475334 2.0386 -0)
(0.607647 2.00314 -0)
(0.737357 1.95911 -0)
(0.863911 1.90669 -0)
(0.986765 1.84611 -0)
(1.10539 1.77762 -0)
(1.21929 1.70151 -0)
(1.32796 1.61813 -0)
(1.43095 1.52781 -0)
(1.52781 1.43095 -0)
(1.61813 1.32796 -0)
(1.70151 1.21929 -0)
(1.77762 1.10539 -0)
(1.84611 0.986765 -0)
(1.90669 0.863911 -0)
(1.95911 0.737358 -0)
(2.00314 0.607647 -0)
(2.0386 0.475334 -0)
(2.06532 0.340986 -0)
(2.0832 0.205177 -0)
(2.09216 0.0684902 -0)
(2.09216 -0.0684902 0)
(2.0832 -0.205177 0)
(2.06532 -0.340986 0)
(2.0386 -0.475334 0)
(2.00314 -0.607647 0)
(1.95911 -0.737357 0)
(1.90669 -0.863911 0)
(1.84611 -0.986765 0)
(1.77762 -1.10539 0)
(1.70151 -1.21929 0)
(1.61813 -1.32796 0)
(1.52781 -1.43095 0)
(1.43095 -1.52781 0)
(1.32796 -1.61813 0)
(1.21929 -1.70151 0)
(1.10539 -1.77762 0)
(0.986765 -1.84611 0)
(0.863911 -1.90669 0)
(0.737357 -1.95911 0)
(0.607647 -2.00314 0)
(0.475334 -2.0386 0)
(0.340986 -2.06532 0)
(0.205177 -2.0832 0)
(0.0684901 -2.09216 0)
(-0.0684902 -2.09216 0)
(-0.205177 -2.0832 0)
(-0.340986 -2.06532 0)
(-0.475334 -2.0386 0)
(-0.607647 -2.00314 0)
(-0.737358 -1.95911 0)
(-0.863911 -1.90669 0)
(-0.986765 -1.84611 0)
(-1.10539 -1.77762 0)
(-1.21929 -1.70151 0)
(-1.32796 -1.61813 0)
(-1.43095 -1.52781 0)
(-1.52781 -1.43095 0)
(-1.61813 -1.32796 0)
(-1.70151 -1.21929 0)
(-1.77762 -1.10539 0)
(-1.84611 -0.986765 0)
(-1.90669 -0.863911 0)
(-1.95911 -0.737357 0)
(-2.00314 -0.607647 0)
(-2.0386 -0.475334 0)
(-2.06532 -0.340986 0)
(-2.0832 -0.205177 0)
(-2.09216 -0.0684902 0)
(-2.09216 0.0684902 0)
(-2.0832 0.205177 0)
(-2.06532 0.340986 0)
(-2.0386 0.475334 0)
(-2.00314 0.607647 0)
(-1.95911 0.737358 0)
(-1.90669 0.863911 0)
(-1.84611 0.986765 0)
(-1.77762 1.10539 0)
(-1.70151 1.21929 0)
(-1.61813 1.32796 0)
(-1.52781 1.43095 0)
(-1.43095 1.52781 0)
(-1.32796 1.61813 0)
(-1.21929 1.70151 0)
(-1.10539 1.77762 0)
(-0.986765 1.84611 0)
(-0.863911 1.90669 0)
(-0.737357 1.95911 0)
(-0.607647 2.00314 0)
(-0.475334 2.0386 0)
(-0.340986 2.06532 0)
(-0.205177 2.0832 0)
(-0.0684902 2.09216 0)
(0 2.2253 0)
(0 2.4871 0)
(0 2.7489 0)
(0 3.0107 0)
(0 3.2725 0)
(0 3.5343 0)
(0 3.7961 0)
(0 4.0579 0)
(0 4.3197 0)
(0 4.5815 0)
(0 4.8433 0)
(0 5.1051 0)
(0 2.2253 0)
(0 2.4871 0)
(0 2.7489 0)
(0 3.0107 0)
(0 3.2725 0)
(0 3.5343 0)
(0 3.7961 0)
(0 4.0579 0)
(0 4.3197 0)
(0 4.5815 0)
(0 4.8433 0)
(0 5.1051 0)
(2.2253 3.99418e-09 -0)
(2.4871 4.46409e-09 -0)
(2.7489 4.93399e-09 -0)
(3.0107 5.4039e-09 -0)
(3.2725 5.8738e-09 -0)
(3.5343 6.3437e-09 -0)
(3.7961 6.81361e-09 -0)
(4.0579 7.28351e-09 -0)
(4.3197 7.75342e-09 -0)
(4.5815 8.22332e-09 -0)
(4.8433 8.69322e-09 -0)
(5.1051 9.16313e-09 -0)
(2.2253 3.99418e-09 -0)
(2.4871 4.46409e-09 -0)
(2.7489 4.93399e-09 -0)
(3.0107 5.4039e-09 -0)
(3.2725 5.8738e-09 -0)
(3.5343 6.3437e-09 -0)
(3.7961 6.81361e-09 -0)
(4.0579 7.28351e-09 -0)
(4.3197 7.75342e-09 -0)
(4.5815 8.22332e-09 -0)
(4.8433 8.69322e-09 -0)
(5.1051 9.16313e-09 -0)
(-7.98837e-09 -2.2253 0)
(-8.92818e-09 -2.4871 0)
(-9.86798e-09 -2.7489 0)
(-1.08078e-08 -3.0107 0)
(-1.17476e-08 -3.2725 0)
(-1.26874e-08 -3.5343 0)
(-1.36272e-08 -3.7961 0)
(-1.4567e-08 -4.0579 0)
(-1.55068e-08 -4.3197 0)
(-1.64466e-08 -4.5815 0)
(-1.73864e-08 -4.8433 0)
(-1.83263e-08 -5.1051 0)
(-7.98837e-09 -2.2253 0)
(-8.92818e-09 -2.4871 0)
(-9.86798e-09 -2.7489 0)
(-1.08078e-08 -3.0107 0)
(-1.17476e-08 -3.2725 0)
(-1.26874e-08 -3.5343 0)
(-1.36272e-08 -3.7961 0)
(-1.4567e-08 -4.0579 0)
(-1.55068e-08 -4.3197 0)
(-1.64466e-08 -4.5815 0)
(-1.73864e-08 -4.8433 0)
(-1.83263e-08 -5.1051 0)
(-2.2253 3.99418e-09 0)
(-2.4871 4.46409e-09 0)
(-2.7489 4.93399e-09 0)
(-3.0107 5.4039e-09 0)
(-3.2725 5.8738e-09 0)
(-3.5343 6.3437e-09 0)
(-3.7961 6.81361e-09 0)
(-4.0579 7.28351e-09 0)
(-4.3197 7.75342e-09 0)
(-4.5815 8.22332e-09 0)
(-4.8433 8.69322e-09 0)
(-5.1051 9.16313e-09 0)
(-2.2253 3.99418e-09 0)
(-2.4871 4.46409e-09 0)
(-2.7489 4.93399e-09 0)
(-3.0107 5.4039e-09 0)
(-3.2725 5.8738e-09 0)
(-3.5343 6.3437e-09 0)
(-3.7961 6.81361e-09 0)
(-4.0579 7.28351e-09 0)
(-4.3197 7.75342e-09 0)
(-4.5815 8.22332e-09 0)
(-4.8433 8.69322e-09 0)
(-5.1051 9.16313e-09 0)
)
;
    }
    stator
    {
        type            noSlip;
    }
    front
    {
        type            empty;
    }
    back
    {
        type            empty;
    }
}


// ************************************************************************* //
