/*--------------------------------*- C++ -*----------------------------------*\
  =========                 |
  \\      /  F ield         | OpenFOAM: The Open Source CFD Toolbox
   \\    /   O peration     | Website:  https://openfoam.org
    \\  /    A nd           | Version:  6
     \\/     M anipulation  |
\*---------------------------------------------------------------------------*/
FoamFile
{
    version     2.0;
    format      ascii;
    class       surfaceScalarField;
    location    "100";
    object      phi;
}
// * * * * * * * * * * * * * * * * * * * * * * * * * * * * * * * * * * * * * //

dimensions      [0 3 -1 0 0 0 0];

internalField   nonuniform List<scalar> 
5952
(
7.6265e-06
-7.82333e-06
1.24582e-05
-4.83722e-06
1.23032e-05
1.56871e-07
6.79588e-06
5.50431e-06
-7.25514e-06
1.40525e-05
-3.04275e-05
2.31707e-05
-5.26967e-05
2.22707e-05
-7.13451e-05
1.86471e-05
-8.69094e-05
1.55655e-05
-9.95151e-05
1.26047e-05
-0.000109486
9.97249e-06
7.22898e-06
-0.000116716
4.43152e-07
-8.27273e-06
-6.39033e-06
1.99222e-06
-2.04331e-05
1.41985e-05
-3.87799e-05
2.38503e-05
-5.45446e-05
2.98174e-05
-6.33892e-05
3.20147e-05
-7.04546e-05
2.93364e-05
-7.76908e-05
2.58826e-05
-8.44758e-05
2.23508e-05
-9.05053e-05
1.86336e-05
-9.52948e-05
1.47624e-05
1.08675e-05
-9.89339e-05
-8.52436e-06
2.46899e-07
-2.0967e-05
1.44325e-05
-3.30857e-05
2.63167e-05
-4.35051e-05
3.42691e-05
-5.13282e-05
3.76405e-05
-5.67246e-05
3.74107e-05
-6.16434e-05
3.42554e-05
-6.6432e-05
3.06707e-05
-7.08218e-05
2.67408e-05
-7.47191e-05
2.25304e-05
-7.80471e-05
1.80908e-05
1.35278e-05
-8.07078e-05
-1.10336e-05
1.12768e-05
-2.11714e-05
2.45686e-05
-2.98152e-05
3.49598e-05
-3.64856e-05
4.09392e-05
-4.14115e-05
4.25665e-05
-4.51363e-05
4.11355e-05
-4.88033e-05
3.79227e-05
-5.23833e-05
3.42508e-05
-5.57622e-05
3.01201e-05
-5.88393e-05
2.56075e-05
-6.15145e-05
2.07664e-05
1.56534e-05
-6.36401e-05
-9.2763e-06
2.05487e-05
-1.6729e-05
3.20189e-05
-2.23091e-05
4.05389e-05
-2.6463e-05
4.50922e-05
-2.96048e-05
4.57082e-05
-3.23434e-05
4.38739e-05
-3.51562e-05
4.07359e-05
-3.79428e-05
3.70376e-05
-4.06372e-05
3.2815e-05
-4.31415e-05
2.8112e-05
-4.53381e-05
2.29635e-05
1.74108e-05
-4.70954e-05
-6.2368e-06
2.67802e-05
-1.09482e-05
3.67266e-05
-1.3958e-05
4.35458e-05
-1.60539e-05
4.71858e-05
-1.77558e-05
4.74081e-05
-1.95068e-05
4.56237e-05
-2.14917e-05
4.27198e-05
-2.36031e-05
3.91486e-05
-2.57387e-05
3.49503e-05
-2.77746e-05
3.01479e-05
-2.9581e-05
2.47696e-05
1.88424e-05
-3.10124e-05
-3.26337e-06
3.00337e-05
-5.18635e-06
3.86432e-05
-5.96539e-06
4.43209e-05
-5.99624e-06
4.72123e-05
-6.18504e-06
4.75937e-05
-6.85005e-06
4.62859e-05
-7.99615e-06
4.38644e-05
-9.45605e-06
4.0607e-05
-1.10619e-05
3.65556e-05
-1.26477e-05
3.17327e-05
-1.40566e-05
2.61785e-05
1.99388e-05
-1.51537e-05
-8.99179e-08
3.01177e-05
1.53836e-07
3.83954e-05
1.79857e-06
4.26717e-05
3.70314e-06
4.53041e-05
5.01034e-06
4.62832e-05
5.46735e-06
4.58266e-05
5.16607e-06
4.41638e-05
4.3465e-06
4.14255e-05
3.2495e-06
3.76518e-05
2.09248e-06
3.28894e-05
1.05615e-06
2.72146e-05
2.07151e-05
2.79888e-07
1.65088e-06
2.84588e-05
4.5479e-06
3.54944e-05
8.85499e-06
3.83611e-05
1.27519e-05
4.1404e-05
1.55975e-05
4.34347e-05
1.72205e-05
4.42014e-05
1.77855e-05
4.3597e-05
1.76068e-05
4.16031e-05
1.70054e-05
3.82525e-05
1.62603e-05
3.36342e-05
1.55861e-05
2.78885e-05
2.11638e-05
1.51375e-05
2.32602e-06
2.61356e-05
7.6504e-06
3.01685e-05
1.4924e-05
3.10863e-05
2.09946e-05
3.53311e-05
2.54477e-05
3.89796e-05
2.82474e-05
4.13997e-05
2.96694e-05
4.21737e-05
3.01156e-05
4.1156e-05
2.99883e-05
3.83794e-05
2.96381e-05
3.39842e-05
2.93226e-05
2.82042e-05
2.12719e-05
2.92147e-05
1.34622e-06
2.47925e-05
1.23951e-05
1.91213e-05
2.2064e-05
2.14171e-05
2.96482e-05
2.77455e-05
3.51552e-05
3.34707e-05
3.87441e-05
3.78087e-05
4.08077e-05
4.01085e-05
4.17648e-05
4.01976e-05
4.20403e-05
3.81031e-05
4.20441e-05
3.39798e-05
4.20696e-05
2.81785e-05
2.10278e-05
4.23137e-05
2.47067e-05
8.8026e-08
3.38787e-05
9.95178e-06
3.96421e-05
1.56548e-05
4.41001e-05
2.32879e-05
4.74751e-05
3.00949e-05
5.00333e-05
3.52496e-05
5.17849e-05
3.83558e-05
5.27689e-05
3.92129e-05
5.31992e-05
3.76721e-05
5.34374e-05
3.37416e-05
5.37466e-05
2.78694e-05
5.43256e-05
2.0449e-05
-0.000121373
4.6577e-06
-0.000123365
1.99154e-06
-0.000122765
-5.98075e-07
-0.000119581
-3.18444e-06
-0.000113745
-5.83478e-06
-0.000105055
-8.69018e-06
-9.3408e-05
-1.16458e-05
-7.86515e-05
-1.47559e-05
-6.07126e-05
-1.7938e-05
-3.97249e-05
-2.09867e-05
-1.72047e-05
-2.25183e-05
-1.72041e-05
-0.000101272
6.99655e-06
-0.000102342
3.06082e-06
-0.000102003
-9.35671e-07
-0.000100084
-5.10408e-06
-9.63414e-05
-9.57608e-06
-9.06773e-05
-1.43538e-05
-8.28972e-05
-1.9425e-05
-7.2836e-05
-2.48162e-05
-6.02022e-05
-3.05708e-05
-4.45394e-05
-3.66484e-05
-2.56041e-05
-4.14525e-05
-4.28079e-05
-8.25458e-05
8.83498e-06
-8.34209e-05
3.93582e-06
-8.31278e-05
-1.22821e-06
-8.14908e-05
-6.74091e-06
-7.84052e-05
-1.26609e-05
-7.3756e-05
-1.90025e-05
-6.74038e-05
-2.57764e-05
-5.92065e-05
-3.30126e-05
-4.90343e-05
-4.07422e-05
-3.67128e-05
-4.89691e-05
-2.09132e-05
-5.72512e-05
-6.37208e-05
-6.50583e-05
1.02536e-05
-6.5625e-05
4.50259e-06
-6.52113e-05
-1.64144e-06
-6.37535e-05
-8.19853e-06
-6.11721e-05
-1.52417e-05
-5.74093e-05
-2.27649e-05
-5.24176e-05
-3.07673e-05
-4.61477e-05
-3.92819e-05
-3.84918e-05
-4.83972e-05
-2.92088e-05
-5.82514e-05
-1.73058e-05
-6.91536e-05
-8.10263e-05
-4.82558e-05
1.14144e-05
-4.87054e-05
4.95225e-06
-4.83695e-05
-1.97702e-06
-4.72033e-05
-9.36446e-06
-4.51638e-05
-1.72807e-05
-4.2226e-05
-2.57022e-05
-3.83909e-05
-3.46016e-05
-3.36808e-05
-4.39911e-05
-2.80617e-05
-5.40153e-05
-2.12552e-05
-6.50571e-05
-1.27038e-05
-7.77041e-05
-9.373e-05
-3.19352e-05
1.23369e-05
-3.22986e-05
5.31598e-06
-3.20646e-05
-2.21106e-06
-3.11633e-05
-1.02652e-05
-2.959e-05
-1.88536e-05
-2.73559e-05
-2.79353e-05
-2.45252e-05
-3.74315e-05
-2.12183e-05
-4.72966e-05
-1.75522e-05
-5.76805e-05
-1.36195e-05
-6.89889e-05
-8.54448e-06
-8.27786e-05
-0.000102273
-1.58721e-05
1.30555e-05
-1.61406e-05
5.58412e-06
-1.59126e-05
-2.43846e-06
-1.51721e-05
-1.10055e-05
-1.39251e-05
-2.00994e-05
-1.22204e-05
-2.96392e-05
-1.01959e-05
-3.94545e-05
-8.09818e-06
-4.93935e-05
-6.19691e-06
-5.95809e-05
-4.65204e-06
-7.05321e-05
-3.09258e-06
-8.4336e-05
-0.000105366
-1.70967e-07
1.35063e-05
-2.35274e-07
5.64878e-06
1.123e-07
-2.7857e-06
8.68365e-07
-1.17606e-05
2.00768e-06
-2.12379e-05
3.44076e-06
-3.10709e-05
4.92206e-06
-4.09349e-05
6.02463e-06
-5.04949e-05
6.26426e-06
-5.98186e-05
5.16647e-06
-6.94338e-05
2.62905e-06
-8.17971e-05
-0.000102734
1.50068e-05
1.36372e-05
1.52544e-05
5.40154e-06
1.58896e-05
-3.42016e-06
1.68992e-05
-1.27694e-05
1.82476e-05
-2.25852e-05
1.97953e-05
-3.26173e-05
2.11474e-05
-4.22855e-05
2.16417e-05
-5.09879e-05
2.05467e-05
-5.87234e-05
1.69895e-05
-6.58736e-05
1.04764e-05
-7.52805e-05
-9.22577e-05
2.94568e-05
1.33955e-05
3.01162e-05
4.74269e-06
3.12242e-05
-4.52739e-06
3.27771e-05
-1.43214e-05
3.47358e-05
-2.45426e-05
3.68877e-05
-3.47682e-05
3.8618e-05
-4.4015e-05
3.89868e-05
-5.13561e-05
3.70456e-05
-5.678e-05
3.14792e-05
-6.03072e-05
2.06552e-05
-6.44559e-05
-7.15997e-05
4.2973e-05
1.27362e-05
4.4162e-05
3.55392e-06
4.59773e-05
-6.34235e-06
4.84372e-05
-1.67806e-05
5.1487e-05
-2.75918e-05
5.47751e-05
-3.80556e-05
5.73554e-05
-4.65947e-05
5.81203e-05
-5.21204e-05
5.60649e-05
-5.47254e-05
4.93718e-05
-5.3612e-05
3.39986e-05
-4.90807e-05
-3.76029e-05
5.54619e-05
1.16001e-05
5.7376e-05
1.64009e-06
6.02553e-05
-9.22132e-06
6.41057e-05
-2.06306e-05
6.87659e-05
-3.22518e-05
7.35908e-05
-4.28804e-05
7.71704e-05
-5.01748e-05
7.87146e-05
-5.3665e-05
7.73629e-05
-5.33729e-05
7.0892e-05
-4.71426e-05
5.41248e-05
-3.23146e-05
1.65232e-05
7.71801e-06
-7.72312e-06
1.24657e-05
-4.75214e-06
1.22638e-05
1.9802e-07
6.70883e-06
5.5523e-06
-7.4062e-06
1.41135e-05
-3.0556e-05
2.31484e-05
-5.27275e-05
2.21715e-05
-7.13025e-05
1.85739e-05
-8.67924e-05
1.54902e-05
-9.93408e-05
1.25474e-05
-0.000109263
9.92239e-06
7.19192e-06
-0.000116456
4.40444e-07
-8.16939e-06
-6.38661e-06
2.07162e-06
-2.04471e-05
1.42567e-05
-3.87713e-05
2.38756e-05
-5.44648e-05
2.98065e-05
-6.32532e-05
3.19362e-05
-7.03134e-05
2.92314e-05
-7.75236e-05
2.57834e-05
-8.42857e-05
2.22523e-05
-9.02875e-05
1.85486e-05
-9.50555e-05
1.46904e-05
1.08126e-05
-9.86768e-05
-8.48099e-06
3.08897e-07
-2.09243e-05
1.45134e-05
-3.30402e-05
2.63719e-05
-4.34355e-05
3.42703e-05
-5.12194e-05
3.759e-05
-5.65945e-05
3.73109e-05
-6.14999e-05
3.41366e-05
-6.62695e-05
3.05525e-05
-7.06446e-05
2.66273e-05
-7.45263e-05
2.24298e-05
-7.78416e-05
1.80057e-05
1.34631e-05
-8.04926e-05
-1.1025e-05
1.13309e-05
-2.11492e-05
2.46364e-05
-2.97739e-05
3.49959e-05
-3.64199e-05
4.09159e-05
-4.13212e-05
4.24912e-05
-4.50347e-05
4.10241e-05
-4.86953e-05
3.77973e-05
-5.22661e-05
3.4123e-05
-5.56349e-05
2.99963e-05
-5.87002e-05
2.54948e-05
-6.13643e-05
2.067e-05
1.55786e-05
-6.34802e-05
-9.27242e-06
2.06002e-05
-1.6717e-05
3.20787e-05
-2.22837e-05
4.05615e-05
-2.64234e-05
4.50546e-05
-2.9555e-05
4.5622e-05
-3.22896e-05
4.37585e-05
-3.50998e-05
4.06071e-05
-3.78807e-05
3.69042e-05
-4.05677e-05
3.26829e-05
-4.30614e-05
2.79889e-05
-4.52473e-05
2.28553e-05
1.73242e-05
-4.69922e-05
-6.23473e-06
2.68279e-05
-1.09442e-05
3.67853e-05
-1.39494e-05
4.35633e-05
-1.60423e-05
4.71453e-05
-1.77449e-05
4.7323e-05
-1.94997e-05
4.55115e-05
-2.14864e-05
4.25933e-05
-2.35973e-05
3.90138e-05
-2.57281e-05
3.4814e-05
-2.77571e-05
3.00167e-05
-2.95533e-05
2.46521e-05
1.87471e-05
-3.09777e-05
-3.26425e-06
3.00878e-05
-5.18473e-06
3.87004e-05
-5.96561e-06
4.43422e-05
-6.00431e-06
4.71803e-05
-6.20495e-06
4.75202e-05
-6.8816e-06
4.61859e-05
-8.03685e-06
4.37464e-05
-9.50139e-06
4.04771e-05
-1.11084e-05
3.64196e-05
-1.2691e-05
3.15988e-05
-1.40957e-05
2.60557e-05
1.98386e-05
-1.51872e-05
-8.00187e-08
3.01605e-05
1.61223e-07
3.84566e-05
1.7967e-06
4.2701e-05
3.68416e-06
4.5289e-05
4.97047e-06
4.62308e-05
5.40728e-06
4.57464e-05
5.08987e-06
4.40619e-05
4.25897e-06
4.13065e-05
3.15564e-06
3.75219e-05
1.99636e-06
3.27573e-05
9.60615e-07
2.7091e-05
2.06111e-05
1.87792e-07
1.66044e-06
2.84979e-05
4.56343e-06
3.55481e-05
8.86068e-06
3.84031e-05
1.27338e-05
4.14121e-05
1.55508e-05
4.34108e-05
1.71458e-05
4.41487e-05
1.76873e-05
4.35183e-05
1.74907e-05
4.15014e-05
1.68772e-05
3.81343e-05
1.61251e-05
3.35087e-05
1.54483e-05
2.77674e-05
2.10585e-05
1.50007e-05
2.36115e-06
2.61314e-05
7.68948e-06
3.022e-05
1.49437e-05
3.11422e-05
2.09867e-05
3.53673e-05
2.54057e-05
3.89891e-05
2.81716e-05
4.13808e-05
2.95635e-05
4.21246e-05
2.99858e-05
4.1078e-05
2.9841e-05
3.82781e-05
2.94795e-05
3.38698e-05
2.91579e-05
2.80887e-05
2.11678e-05
2.90485e-05
1.3526e-06
2.47794e-05
1.24036e-05
1.91644e-05
2.20706e-05
2.14782e-05
2.9636e-05
2.77992e-05
3.51149e-05
3.35079e-05
3.86718e-05
3.78217e-05
4.07041e-05
4.00904e-05
4.1634e-05
4.01465e-05
4.18886e-05
3.80223e-05
4.18778e-05
3.38798e-05
4.18944e-05
2.80717e-05
2.09271e-05
4.21349e-05
2.46354e-05
1.4354e-07
3.3808e-05
9.99475e-06
3.95818e-05
1.57001e-05
4.40404e-05
2.33402e-05
4.7408e-05
3.01398e-05
4.99514e-05
3.52771e-05
5.16823e-05
3.83585e-05
5.26436e-05
3.91841e-05
5.3054e-05
3.76112e-05
5.32767e-05
3.36566e-05
5.35759e-05
2.77725e-05
5.41504e-05
2.03526e-05
-0.000121087
4.63161e-06
-0.000123065
1.97781e-06
-0.000122465
-5.99821e-07
-0.000119292
-3.17345e-06
-0.000113477
-5.81449e-06
-0.000104817
-8.66017e-06
-9.32056e-05
-1.16112e-05
-7.84886e-05
-1.4717e-05
-6.05893e-05
-1.78991e-05
-3.96413e-05
-2.09477e-05
-1.7162e-05
-2.24788e-05
-1.71619e-05
-0.000101005
6.95988e-06
-0.000102071
3.04359e-06
-0.000101737
-9.33508e-07
-9.98288e-05
-5.08249e-06
-9.61062e-05
-9.53684e-06
-9.04663e-05
-1.43002e-05
-8.27161e-05
-1.93613e-05
-7.26875e-05
-2.47456e-05
-6.00894e-05
-3.04969e-05
-4.44626e-05
-3.65742e-05
-2.55668e-05
-4.13745e-05
-4.27285e-05
-8.23249e-05
8.79216e-06
-8.31991e-05
3.91732e-06
-8.29106e-05
-1.22188e-06
-8.12839e-05
-6.70952e-06
-7.82143e-05
-1.26062e-05
-7.35859e-05
-1.89288e-05
-6.72582e-05
-2.56887e-05
-5.90885e-05
-3.29153e-05
-4.8946e-05
-4.06391e-05
-3.66548e-05
-4.88654e-05
-2.08843e-05
-5.71446e-05
-6.36127e-05
-6.48919e-05
1.02041e-05
-6.54572e-05
4.48227e-06
-6.50465e-05
-1.63229e-06
-6.35959e-05
-8.16031e-06
-6.10268e-05
-1.5175e-05
-5.7281e-05
-2.26747e-05
-5.231e-05
-3.06596e-05
-4.60627e-05
-3.91624e-05
-3.84301e-05
-4.82715e-05
-2.91711e-05
-5.8124e-05
-1.72855e-05
-6.90298e-05
-8.08982e-05
-4.81457e-05
1.13568e-05
-4.85916e-05
4.92892e-06
-4.82589e-05
-1.96582e-06
-4.70982e-05
-9.32e-06
-4.50688e-05
-1.7205e-05
-4.21438e-05
-2.55986e-05
-3.83253e-05
-3.44782e-05
-3.36319e-05
-4.38548e-05
-2.80291e-05
-5.38739e-05
-2.12365e-05
-6.49154e-05
-1.26973e-05
-7.75692e-05
-9.35952e-05
-3.1895e-05
1.2275e-05
-3.22542e-05
5.28678e-06
-3.20169e-05
-2.20161e-06
-3.11183e-05
-1.02195e-05
-2.95493e-05
-1.87723e-05
-2.73239e-05
-2.78242e-05
-2.45027e-05
-3.72979e-05
-2.12064e-05
-4.71508e-05
-1.75476e-05
-5.75311e-05
-1.36196e-05
-6.88438e-05
-8.5474e-06
-8.26406e-05
-0.000102143
-1.58989e-05
1.2986e-05
-1.61619e-05
5.55026e-06
-1.593e-05
-2.43384e-06
-1.51866e-05
-1.09617e-05
-1.39399e-05
-2.00186e-05
-1.22371e-05
-2.95257e-05
-1.02167e-05
-3.93175e-05
-8.12218e-06
-4.9244e-05
-6.22261e-06
-5.94303e-05
-4.67608e-06
-7.03894e-05
-3.11056e-06
-8.42055e-05
-0.000105253
-2.57082e-07
1.34308e-05
-3.15851e-07
5.60913e-06
3.79263e-08
-2.78686e-06
7.99595e-07
-1.17227e-05
1.94402e-06
-2.11617e-05
3.38004e-06
-3.09607e-05
4.86362e-06
-4.07997e-05
5.9691e-06
-5.03484e-05
6.21373e-06
-5.96737e-05
5.12565e-06
-6.93002e-05
2.60084e-06
-8.16813e-05
-0.00010265
1.48735e-05
1.35579e-05
1.51268e-05
5.35632e-06
1.57692e-05
-3.42865e-06
1.67874e-05
-1.27397e-05
1.81445e-05
-2.25177e-05
1.96997e-05
-3.25144e-05
2.10585e-05
-4.2157e-05
2.15608e-05
-5.08492e-05
2.04766e-05
-5.85882e-05
1.69329e-05
-6.57563e-05
1.04418e-05
-7.51856e-05
-9.22096e-05
2.92924e-05
1.33142e-05
2.99575e-05
4.69179e-06
3.10736e-05
-4.54401e-06
3.26369e-05
-1.43019e-05
3.46068e-05
-2.44865e-05
3.67688e-05
-3.46749e-05
3.85086e-05
-4.38958e-05
3.88891e-05
-5.12287e-05
3.69608e-05
-5.66591e-05
3.14126e-05
-6.02055e-05
2.0611e-05
-6.43868e-05
-7.15958e-05
4.27953e-05
1.26537e-05
4.39897e-05
3.49744e-06
4.5814e-05
-6.36778e-06
4.82856e-05
-1.67728e-05
5.1348e-05
-2.75479e-05
5.46464e-05
-3.79727e-05
5.72367e-05
-4.64852e-05
5.80147e-05
-5.2006e-05
5.59751e-05
-5.46189e-05
4.9298e-05
-5.35299e-05
3.39534e-05
-4.90385e-05
-3.76431e-05
5.52876e-05
1.15165e-05
5.7208e-05
1.57731e-06
6.00974e-05
-9.25675e-06
6.396e-05
-2.0635e-05
6.86322e-05
-3.22197e-05
7.34666e-05
-4.2807e-05
7.70566e-05
-5.00751e-05
7.86133e-05
-5.35629e-05
7.72735e-05
-5.32795e-05
7.08166e-05
-4.70725e-05
5.40719e-05
-3.22958e-05
1.64287e-05
7.72566e-06
-7.72944e-06
1.24808e-05
-4.75844e-06
1.22785e-05
1.99226e-07
6.71361e-06
5.56247e-06
-7.43061e-06
1.41429e-05
-3.06229e-05
2.31905e-05
-5.28366e-05
2.22135e-05
-7.14492e-05
1.86111e-05
-8.69709e-05
1.55219e-05
-9.95451e-05
1.25729e-05
-0.000109486
9.94122e-06
7.20403e-06
-0.000116691
4.48147e-07
-8.18202e-06
-6.38377e-06
2.07089e-06
-2.04603e-05
1.42743e-05
-3.88142e-05
2.39155e-05
-5.45376e-05
2.98657e-05
-6.33509e-05
3.20031e-05
-7.0433e-05
2.92952e-05
-7.76647e-05
2.58418e-05
-8.44461e-05
2.23031e-05
-9.04638e-05
1.85898e-05
-9.52437e-05
1.47211e-05
1.08325e-05
-9.88729e-05
-8.48506e-06
3.00232e-07
-2.09409e-05
1.45253e-05
-3.30766e-05
2.64092e-05
-4.34948e-05
3.4333e-05
-5.12988e-05
3.76693e-05
-5.66907e-05
3.73942e-05
-6.16127e-05
3.42167e-05
-6.6398e-05
3.06263e-05
-7.07874e-05
2.66922e-05
-7.46816e-05
2.24832e-05
-7.80066e-05
1.8046e-05
1.34894e-05
-8.06642e-05
-1.10354e-05
1.13331e-05
-2.1171e-05
2.46596e-05
-2.98094e-05
3.50468e-05
-3.64699e-05
4.09926e-05
-4.13841e-05
4.25827e-05
-4.511e-05
4.11191e-05
-4.87842e-05
3.789e-05
-5.23688e-05
3.42099e-05
-5.57508e-05
3.00736e-05
-5.8828e-05
2.55596e-05
-6.15019e-05
2.07197e-05
1.56116e-05
-6.36246e-05
-9.28806e-06
2.06177e-05
-1.67351e-05
3.21044e-05
-2.23069e-05
4.0617e-05
-2.64539e-05
4.51378e-05
-2.95936e-05
4.57209e-05
-3.23383e-05
4.38619e-05
-3.51593e-05
4.07097e-05
-3.79525e-05
3.70016e-05
-4.06514e-05
3.27715e-05
-4.31571e-05
2.80643e-05
-4.53527e-05
2.29148e-05
1.73646e-05
-4.71063e-05
-6.27173e-06
2.68843e-05
-1.09461e-05
3.67751e-05
-1.39517e-05
4.36191e-05
-1.60489e-05
4.72319e-05
-1.77568e-05
4.74251e-05
-1.95179e-05
4.56201e-05
-2.15137e-05
4.27024e-05
-2.3634e-05
3.91196e-05
-2.57761e-05
3.49113e-05
-2.78151e-05
3.01017e-05
-2.96217e-05
2.47198e-05
1.87936e-05
-3.10514e-05
-3.04836e-06
2.99235e-05
-5.14558e-06
3.88669e-05
-5.95035e-06
4.44195e-05
-5.99057e-06
4.72671e-05
-6.19106e-06
4.76209e-05
-6.87046e-06
4.62951e-05
-8.03076e-06
4.38588e-05
-9.5027e-06
4.05878e-05
-1.11177e-05
3.65235e-05
-1.27089e-05
3.16903e-05
-1.412e-05
2.61295e-05
1.98885e-05
-1.52167e-05
-4.86756e-07
3.04059e-05
1.07428e-07
3.82677e-05
1.80877e-06
4.27142e-05
3.71382e-06
4.5357e-05
5.00718e-06
4.63235e-05
5.44579e-06
4.5852e-05
5.12688e-06
4.41741e-05
4.29179e-06
4.14194e-05
3.18304e-06
3.76294e-05
2.01813e-06
3.2853e-05
9.77891e-07
2.71681e-05
2.06642e-05
2.01172e-07
2.10645e-06
2.82933e-05
4.65389e-06
3.57165e-05
8.90507e-06
3.84591e-05
1.27814e-05
4.1477e-05
1.56067e-05
4.34944e-05
1.72074e-05
4.42476e-05
1.77508e-05
4.36272e-05
1.75532e-05
4.16136e-05
1.69372e-05
3.82427e-05
1.6182e-05
3.3606e-05
1.55023e-05
2.78463e-05
2.11135e-05
1.50521e-05
2.14385e-06
2.61487e-05
7.68144e-06
3.01779e-05
1.49791e-05
3.11589e-05
2.10426e-05
3.54116e-05
2.54756e-05
3.90584e-05
2.82509e-05
4.14701e-05
2.96478e-05
4.22273e-05
3.0072e-05
4.1187e-05
2.99276e-05
3.83849e-05
2.95656e-05
3.39663e-05
2.92429e-05
2.81679e-05
2.12233e-05
2.91323e-05
1.38705e-06
2.47639e-05
1.24321e-05
1.91333e-05
2.21178e-05
2.14728e-05
2.97033e-05
2.78247e-05
3.51969e-05
3.35629e-05
3.87643e-05
3.79004e-05
4.08034e-05
4.01858e-05
4.17373e-05
4.02508e-05
4.19944e-05
3.81255e-05
4.19857e-05
3.39733e-05
4.20033e-05
2.8149e-05
2.09815e-05
4.22442e-05
2.46693e-05
9.7014e-08
3.38552e-05
9.9487e-06
3.96451e-05
1.5684e-05
4.41184e-05
2.33514e-05
4.75002e-05
3.01811e-05
5.00544e-05
3.53453e-05
5.17919e-05
3.84473e-05
5.2757e-05
3.92842e-05
5.31713e-05
3.77101e-05
5.33983e-05
3.37456e-05
5.37003e-05
2.78464e-05
5.42762e-05
2.04051e-05
-0.000121327
4.63663e-06
-0.000123304
1.97604e-06
-0.000122695
-6.08112e-07
-0.000119507
-3.18866e-06
-0.000113671
-5.83588e-06
-0.000104985
-8.68603e-06
-9.3345e-05
-1.16397e-05
-7.85991e-05
-1.47461e-05
-6.06721e-05
-1.79268e-05
-3.96985e-05
-2.09736e-05
-1.71936e-05
-2.25049e-05
-1.71935e-05
-0.000101205
6.96866e-06
-0.00010227
3.04102e-06
-0.000101931
-9.47727e-07
-0.000100011
-5.10867e-06
-9.62731e-05
-9.57346e-06
-9.06144e-05
-1.43449e-05
-8.28426e-05
-1.94114e-05
-7.27907e-05
-2.47981e-05
-6.01681e-05
-3.05493e-05
-4.45164e-05
-3.66251e-05
-2.55919e-05
-4.14294e-05
-4.27853e-05
-8.24993e-05
8.80381e-06
-8.33721e-05
3.91329e-06
-8.30778e-05
-1.24188e-06
-8.14415e-05
-6.74527e-06
-7.83587e-05
-1.26561e-05
-7.37137e-05
-1.89899e-05
-6.73673e-05
-2.57578e-05
-5.91761e-05
-3.29891e-05
-4.90108e-05
-4.07144e-05
-3.66962e-05
-4.89394e-05
-2.09043e-05
-5.7221e-05
-6.36895e-05
-6.50395e-05
1.02187e-05
-6.56033e-05
4.47679e-06
-6.51875e-05
-1.65764e-06
-6.37281e-05
-8.20488e-06
-6.11463e-05
-1.52378e-05
-5.73845e-05
-2.27519e-05
-5.23951e-05
-3.0747e-05
-4.61285e-05
-3.92556e-05
-3.84762e-05
-4.83664e-05
-2.91977e-05
-5.82175e-05
-1.7299e-05
-6.91193e-05
-8.09885e-05
-4.82626e-05
1.13748e-05
-4.87084e-05
4.92221e-06
-4.83696e-05
-1.99639e-06
-4.72005e-05
-9.37416e-06
-4.51584e-05
-1.72798e-05
-4.22188e-05
-2.56914e-05
-3.8383e-05
-3.45824e-05
-3.36729e-05
-4.39654e-05
-2.80541e-05
-5.39844e-05
-2.12493e-05
-6.5022e-05
-1.2701e-05
-7.76676e-05
-9.36896e-05
-3.19715e-05
1.22939e-05
-3.23298e-05
5.28046e-06
-3.20901e-05
-2.23672e-06
-3.11833e-05
-1.02808e-05
-2.96046e-05
-1.88586e-05
-2.73654e-05
-2.79299e-05
-2.45306e-05
-3.74171e-05
-2.12203e-05
-4.72747e-05
-1.75521e-05
-5.76527e-05
-1.36179e-05
-6.89561e-05
-8.54369e-06
-8.27422e-05
-0.000102233
-1.59317e-05
1.30084e-05
-1.61951e-05
5.54289e-06
-1.59601e-05
-2.47156e-06
-1.52118e-05
-1.10294e-05
-1.39564e-05
-2.01132e-05
-1.22435e-05
-2.96427e-05
-1.02116e-05
-3.94479e-05
-8.108e-06
-4.93784e-05
-6.20208e-06
-5.95582e-05
-4.65474e-06
-7.0503e-05
-3.09456e-06
-8.43021e-05
-0.000105328
-2.46805e-07
1.34556e-05
-3.05559e-07
5.60142e-06
5.00077e-08
-2.82725e-06
8.15815e-07
-1.17946e-05
1.96608e-06
-2.1263e-05
3.4102e-06
-3.10858e-05
4.9013e-06
-4.09386e-05
6.01211e-06
-5.04883e-05
6.25761e-06
-5.98028e-05
5.1632e-06
-6.94087e-05
2.6275e-06
-8.17656e-05
-0.000102699
1.49239e-05
1.35832e-05
1.51774e-05
5.34758e-06
1.58216e-05
-3.47123e-06
1.68428e-05
-1.28153e-05
1.82044e-05
-2.26238e-05
1.97653e-05
-3.26457e-05
2.11286e-05
-4.23007e-05
2.16317e-05
-5.09905e-05
2.0543e-05
-5.87139e-05
1.69884e-05
-6.58518e-05
1.04757e-05
-7.52512e-05
-9.22234e-05
2.93767e-05
1.33385e-05
3.00427e-05
4.68149e-06
3.1161e-05
-4.58922e-06
3.27272e-05
-1.43809e-05
3.47009e-05
-2.45965e-05
3.68671e-05
-3.48111e-05
3.86082e-05
-4.40412e-05
3.8985e-05
-5.13668e-05
3.70483e-05
-5.67756e-05
3.14822e-05
-6.02863e-05
2.06566e-05
-6.44254e-05
-7.15653e-05
4.29056e-05
1.26764e-05
4.41021e-05
3.48465e-06
4.59292e-05
-6.41641e-06
4.8404e-05
-1.68553e-05
5.14701e-05
-2.76622e-05
5.47719e-05
-3.81124e-05
5.73598e-05
-4.66286e-05
5.81301e-05
-5.21368e-05
5.60764e-05
-5.47227e-05
4.93791e-05
-5.35875e-05
3.40016e-05
-4.90472e-05
-3.75655e-05
5.54157e-05
1.15366e-05
5.73392e-05
1.56092e-06
6.02322e-05
-9.30945e-06
6.40986e-05
-2.07215e-05
6.87748e-05
-3.23383e-05
7.36105e-05
-4.2948e-05
7.7193e-05
-5.02117e-05
7.87378e-05
-5.3682e-05
7.73804e-05
-5.33648e-05
7.08992e-05
-4.7108e-05
5.41249e-05
-3.22741e-05
1.65599e-05
7.72487e-06
-7.72976e-06
1.25007e-05
-4.78018e-06
1.23287e-05
1.68393e-07
6.80375e-06
5.52233e-06
-7.23976e-06
1.40422e-05
-3.03955e-05
2.31543e-05
-5.26478e-05
2.22524e-05
-7.12751e-05
1.86262e-05
-8.68182e-05
1.55436e-05
-9.94045e-05
1.25853e-05
-0.000109359
9.95532e-06
7.21616e-06
-0.000116576
4.78366e-07
-8.21374e-06
-6.30362e-06
1.99857e-06
-2.03278e-05
1.41908e-05
-3.86708e-05
2.38645e-05
-5.44527e-05
2.98236e-05
-6.33022e-05
3.20032e-05
-7.03643e-05
2.93143e-05
-7.75905e-05
2.58517e-05
-8.43643e-05
2.23174e-05
-9.03809e-05
1.86013e-05
-9.51593e-05
1.47338e-05
1.08455e-05
-9.87893e-05
-8.43062e-06
2.13971e-07
-2.08704e-05
1.44367e-05
-3.30183e-05
2.6338e-05
-4.34452e-05
3.42909e-05
-5.12626e-05
3.76406e-05
-5.66497e-05
3.73899e-05
-6.15584e-05
3.42228e-05
-6.63357e-05
3.06286e-05
-7.07134e-05
2.6695e-05
-7.4598e-05
2.24853e-05
-7.79144e-05
1.80503e-05
1.34963e-05
-8.05657e-05
-1.10169e-05
1.12279e-05
-2.11487e-05
2.45671e-05
-2.9792e-05
3.49805e-05
-3.64554e-05
4.09537e-05
-4.13717e-05
4.25568e-05
-4.50871e-05
4.11049e-05
-4.87413e-05
3.78771e-05
-5.23077e-05
3.41948e-05
-5.56722e-05
3.00598e-05
-5.87349e-05
2.55477e-05
-6.13969e-05
2.07127e-05
1.56109e-05
-6.35118e-05
-9.27408e-06
2.04988e-05
-1.67271e-05
3.20182e-05
-2.23053e-05
4.05573e-05
-2.64519e-05
4.50996e-05
-2.95861e-05
4.569e-05
-3.23151e-05
4.3834e-05
-3.51174e-05
4.06789e-05
-3.78912e-05
3.69691e-05
-4.05719e-05
3.27401e-05
-4.3061e-05
2.80374e-05
-4.52437e-05
2.28949e-05
1.73551e-05
-4.69872e-05
-6.24307e-06
2.67362e-05
-1.09557e-05
3.67281e-05
-1.39645e-05
4.35633e-05
-1.6057e-05
4.71898e-05
-1.77546e-05
4.73863e-05
-1.95006e-05
4.55781e-05
-2.14775e-05
4.26555e-05
-2.35796e-05
3.90699e-05
-2.57028e-05
3.48636e-05
-2.7726e-05
3.00593e-05
-2.95179e-05
2.46876e-05
1.87752e-05
-3.09394e-05
-3.26446e-06
2.9997e-05
-5.19447e-06
3.86535e-05
-5.97604e-06
4.43428e-05
-6.0082e-06
4.72186e-05
-6.1987e-06
4.75734e-05
-6.86329e-06
4.62405e-05
-8.00699e-06
4.3797e-05
-9.46114e-06
4.05229e-05
-1.10594e-05
3.64605e-05
-1.2635e-05
3.16345e-05
-1.40345e-05
2.60861e-05
1.98632e-05
-1.51224e-05
-9.73785e-08
3.00884e-05
1.45506e-07
3.84084e-05
1.78609e-06
4.2697e-05
3.68537e-06
4.53156e-05
4.98629e-06
4.62695e-05
5.4378e-06
4.57863e-05
5.13381e-06
4.40991e-05
4.31459e-06
4.13406e-05
3.22092e-06
3.75532e-05
2.06919e-06
3.27855e-05
1.03896e-06
2.71159e-05
2.06322e-05
2.69723e-07
1.64924e-06
2.84374e-05
4.54265e-06
3.55102e-05
8.84498e-06
3.83942e-05
1.27333e-05
4.14236e-05
1.55682e-05
4.34316e-05
1.71805e-05
4.41712e-05
1.77374e-05
4.354e-05
1.75539e-05
4.15224e-05
1.69508e-05
3.81552e-05
1.62064e-05
3.35291e-05
1.55351e-05
2.77869e-05
2.10764e-05
1.50906e-05
2.32958e-06
2.6104e-05
7.65266e-06
3.01879e-05
1.49166e-05
3.11241e-05
2.09773e-05
3.53613e-05
2.54169e-05
3.89893e-05
2.82027e-05
4.13833e-05
2.96121e-05
4.21287e-05
3.00488e-05
4.10844e-05
2.99151e-05
3.82879e-05
2.95612e-05
3.38826e-05
2.92446e-05
2.81034e-05
2.11834e-05
2.91376e-05
1.33187e-06
2.47727e-05
1.23682e-05
1.91474e-05
2.20393e-05
2.14559e-05
2.96197e-05
2.77785e-05
3.51182e-05
3.34885e-05
3.8695e-05
3.78041e-05
4.07455e-05
4.00762e-05
4.16909e-05
4.01374e-05
4.19566e-05
3.80209e-05
4.1953e-05
3.38854e-05
4.19736e-05
2.80823e-05
2.09416e-05
4.22153e-05
2.46196e-05
1.52819e-07
3.3786e-05
9.98391e-06
3.95632e-05
1.56748e-05
4.40325e-05
2.33088e-05
4.74135e-05
3.01069e-05
4.99714e-05
3.52449e-05
5.17172e-05
3.83292e-05
5.26921e-05
3.91612e-05
5.31125e-05
3.75998e-05
5.3341e-05
3.36565e-05
5.36427e-05
2.77807e-05
5.42166e-05
2.03677e-05
-0.000121226
4.6499e-06
-0.000123216
1.9894e-06
-0.000122621
-5.94142e-07
-0.000119448
-3.17358e-06
-0.000113628
-5.81906e-06
-0.000104958
-8.67032e-06
-9.33333e-05
-1.16247e-05
-7.85988e-05
-1.47345e-05
-6.06793e-05
-1.79192e-05
-3.97067e-05
-2.09723e-05
-1.71996e-05
-2.25064e-05
-1.71995e-05
-0.000101122
6.98309e-06
-0.000102191
3.05714e-06
-0.000101856
-9.28654e-07
-9.99439e-05
-5.08583e-06
-9.62145e-05
-9.54821e-06
-9.05658e-05
-1.4319e-05
-8.28044e-05
-1.93859e-05
-7.2763e-05
-2.47758e-05
-6.01494e-05
-3.05325e-05
-4.45056e-05
-3.66157e-05
-2.55889e-05
-4.14229e-05
-4.27883e-05
-8.23977e-05
8.81518e-06
-8.32711e-05
3.93012e-06
-8.29808e-05
-1.21869e-06
-8.13511e-05
-6.71582e-06
-7.82774e-05
-1.26217e-05
-7.36439e-05
-1.89525e-05
-6.731e-05
-2.57196e-05
-5.91328e-05
-3.2953e-05
-4.89806e-05
-4.06843e-05
-3.66789e-05
-4.89173e-05
-2.08965e-05
-5.72048e-05
-6.36847e-05
-6.49226e-05
1.02264e-05
-6.5487e-05
4.49423e-06
-6.50756e-05
-1.6298e-06
-6.36247e-05
-8.16688e-06
-6.10554e-05
-1.51906e-05
-5.73091e-05
-2.26988e-05
-5.23367e-05
-3.06918e-05
-4.60865e-05
-3.92029e-05
-3.84502e-05
-4.83205e-05
-2.91855e-05
-5.81815e-05
-1.72944e-05
-6.90954e-05
-8.0979e-05
-4.81397e-05
1.13782e-05
-4.85855e-05
4.94082e-06
-4.8253e-05
-1.96291e-06
-4.7094e-05
-9.32479e-06
-4.50675e-05
-1.72175e-05
-4.21458e-05
-2.56195e-05
-3.83298e-05
-3.45078e-05
-3.36379e-05
-4.38937e-05
-2.80355e-05
-5.39224e-05
-2.12416e-05
-6.49742e-05
-1.26999e-05
-7.76372e-05
-9.36787e-05
-3.18547e-05
1.22946e-05
-3.22144e-05
5.29918e-06
-3.19794e-05
-2.1964e-06
-3.10848e-05
-1.02202e-05
-2.95218e-05
-1.87788e-05
-2.73037e-05
-2.78377e-05
-2.44896e-05
-3.73203e-05
-2.11992e-05
-4.71837e-05
-1.75447e-05
-5.75752e-05
-1.362e-05
-6.88992e-05
-8.54955e-06
-8.27068e-05
-0.000102228
-1.58327e-05
1.30041e-05
-1.60959e-05
5.56292e-06
-1.5867e-05
-2.42552e-06
-1.51297e-05
-1.09564e-05
-1.38919e-05
-2.00161e-05
-1.22002e-05
-2.95281e-05
-1.0191e-05
-3.93286e-05
-8.10614e-06
-4.92671e-05
-6.21361e-06
-5.94673e-05
-4.67134e-06
-7.04404e-05
-3.10787e-06
-8.42693e-05
-0.000105336
-1.7374e-07
1.34476e-05
-2.33247e-07
5.62257e-06
1.16648e-07
-2.77464e-06
8.70806e-07
-1.17098e-05
2.00386e-06
-2.11478e-05
3.42588e-06
-3.0949e-05
4.89536e-06
-4.07967e-05
5.98842e-06
-5.03591e-05
6.22374e-06
-5.97012e-05
5.13032e-06
-6.93456e-05
2.60128e-06
-8.1741e-05
-0.000102732
1.49644e-05
1.35739e-05
1.52158e-05
5.37168e-06
1.5853e-05
-3.41125e-06
1.68622e-05
-1.27178e-05
1.82062e-05
-2.24905e-05
1.97457e-05
-3.24871e-05
2.10895e-05
-4.2139e-05
2.15789e-05
-5.08469e-05
2.0485e-05
-5.86059e-05
1.6936e-05
-6.57966e-05
1.04423e-05
-7.52422e-05
-9.22912e-05
2.93813e-05
1.33305e-05
3.00426e-05
4.71091e-06
3.11518e-05
-4.51963e-06
3.27045e-05
-1.42692e-05
3.46598e-05
-2.44447e-05
3.68061e-05
-3.4632e-05
3.8533e-05
-4.38649e-05
3.89029e-05
-5.12156e-05
3.69661e-05
-5.66683e-05
3.14145e-05
-6.02421e-05
2.06129e-05
-6.44437e-05
-7.16754e-05
4.28736e-05
1.26722e-05
4.40622e-05
3.52242e-06
4.58772e-05
-6.33402e-06
4.8336e-05
-1.67274e-05
5.13829e-05
-2.74907e-05
5.46678e-05
-3.79162e-05
5.72511e-05
-4.64473e-05
5.80229e-05
-5.19867e-05
5.59788e-05
-5.46235e-05
4.93022e-05
-5.35671e-05
3.39575e-05
-4.90952e-05
-3.77187e-05
5.53495e-05
1.15396e-05
5.7261e-05
1.61118e-06
6.0138e-05
-9.21056e-06
6.39856e-05
-2.05745e-05
6.86427e-05
-3.21472e-05
7.34683e-05
-4.27416e-05
7.70579e-05
-5.00368e-05
7.86156e-05
-5.35446e-05
7.72829e-05
-5.32913e-05
7.08336e-05
-4.71173e-05
5.40881e-05
-3.2352e-05
1.63694e-05
9.14096e-05
1.01202e-05
-0.00010144
8.44629e-05
1.69002e-05
7.59834e-05
2.41359e-05
6.97533e-05
2.95187e-05
6.60409e-05
3.38072e-05
6.43204e-05
3.69694e-05
6.38228e-05
3.88526e-05
6.37654e-05
3.92693e-05
6.37799e-05
3.76567e-05
6.3981e-05
3.35402e-05
6.44416e-05
2.74083e-05
1.95699e-05
6.53204e-05
0.000112307
1.19448e-05
-0.00011413
0.000107176
2.20328e-05
0.000100223
3.10912e-05
9.25598e-05
3.71832e-05
8.57415e-05
4.06264e-05
8.0564e-05
4.21473e-05
7.72383e-05
4.21782e-05
7.53139e-05
4.11933e-05
7.42987e-05
3.86719e-05
7.41209e-05
3.37177e-05
7.44911e-05
2.70382e-05
1.83765e-05
7.56846e-05
0.000119949
1.34334e-05
-0.000121437
0.000116716
2.52675e-05
0.000112176
3.5633e-05
0.000106617
4.27432e-05
0.000100658
4.65862e-05
9.50271e-05
4.77783e-05
9.03969e-05
4.68084e-05
8.70697e-05
4.45201e-05
8.51038e-05
4.06373e-05
8.42737e-05
3.45473e-05
8.45025e-05
2.68087e-05
1.64099e-05
8.64674e-05
0.000123017
-0.000124979
1.53968e-05
0.000120246
2.80398e-05
0.000116679
3.92022e-05
0.000112427
4.69971e-05
0.000107844
5.11699e-05
0.000103532
5.20918e-05
9.98252e-05
5.05151e-05
9.70414e-05
4.7304e-05
9.55318e-05
4.21466e-05
9.53054e-05
3.47733e-05
9.67034e-05
2.54097e-05
0.000100962
1.21519e-05
6.70882e-05
9.83179e-06
7.0129e-05
-1.40113e-06
7.46574e-05
-1.375e-05
8.04862e-05
-2.64599e-05
8.70784e-05
-3.88444e-05
9.32476e-05
-4.90505e-05
9.74262e-05
-5.43541e-05
9.94596e-05
-5.56991e-05
9.87708e-05
-5.26856e-05
9.46879e-05
-4.30594e-05
9.04479e-05
-2.80749e-05
5.51539e-06
0.000101454
7.85053e-05
7.01083e-06
8.34603e-05
-6.35639e-06
9.03886e-05
-2.06786e-05
9.85167e-05
-3.45883e-05
0.000106588
-4.69167e-05
0.000112864
-5.53268e-05
0.00011661
-5.81014e-05
0.000117948
-5.70385e-05
0.00011652
-5.12575e-05
0.000112718
-3.92594e-05
0.000109563
-2.49204e-05
9.74812e-07
0.000114103
9.14507e-05
2.02692e-06
9.95241e-05
-1.44303e-05
0.000109224
-3.03791e-05
0.00011881
-4.41747e-05
0.000126219
-5.43277e-05
0.000130205
-5.93131e-05
0.00013171
-5.96079e-05
0.000130953
-5.62827e-05
0.000128264
-4.85704e-05
0.000124475
-3.54722e-05
0.000120715
-2.11608e-05
3.25248e-07
0.000121364
0.000110254
-7.26614e-06
0.000121749
-2.59256e-05
0.000131965
-4.05949e-05
0.000138793
-5.10037e-05
0.000141714
-5.72492e-05
0.00014203
-5.96309e-05
0.000141077
-5.86561e-05
0.000138572
-5.37791e-05
0.000134917
-4.49163e-05
0.00013091
-3.14658e-05
0.000126567
-1.68189e-05
0.000124864
2.02784e-06
9.13599e-05
1.02389e-05
8.43709e-05
1.69828e-05
7.58628e-05
2.42116e-05
6.96251e-05
2.95781e-05
6.59179e-05
3.38468e-05
6.42043e-05
3.69902e-05
6.37068e-05
3.88553e-05
6.36415e-05
3.92484e-05
6.36449e-05
3.7607e-05
6.38347e-05
3.34663e-05
6.42869e-05
2.73198e-05
1.94769e-05
6.51623e-05
0.000112259
1.20832e-05
0.000107099
2.21451e-05
0.000100114
3.11964e-05
9.24285e-05
3.72645e-05
8.56007e-05
4.06754e-05
8.04242e-05
4.21673e-05
7.71057e-05
4.21737e-05
7.51868e-05
4.11672e-05
7.41733e-05
3.86202e-05
7.3993e-05
3.36464e-05
7.43598e-05
2.69532e-05
1.82829e-05
7.55538e-05
0.000119868
1.35802e-05
0.00011662
2.53937e-05
0.000112063
3.57554e-05
0.000106491
4.28379e-05
0.000100525
4.6642e-05
9.48932e-05
4.77999e-05
9.02678e-05
4.67995e-05
8.69477e-05
4.44873e-05
8.49901e-05
4.05776e-05
8.41662e-05
3.44702e-05
8.44013e-05
2.67175e-05
1.63078e-05
8.63756e-05
0.000122907
1.55379e-05
0.000120132
2.81701e-05
0.000116558
3.93295e-05
0.000112303
4.70947e-05
0.000107724
5.12221e-05
0.000103421
5.21039e-05
9.972e-05
5.05013e-05
9.69431e-05
4.72644e-05
9.5445e-05
4.2076e-05
9.52315e-05
3.46834e-05
9.66449e-05
2.5304e-05
0.000100925
1.20287e-05
6.69324e-05
9.74596e-06
6.99816e-05
-1.47226e-06
7.45214e-05
-1.37969e-05
8.03623e-05
-2.6476e-05
8.69648e-05
-3.88227e-05
9.31427e-05
-4.89854e-05
9.73316e-05
-5.42647e-05
9.93742e-05
-5.56062e-05
9.8693e-05
-5.25992e-05
9.46176e-05
-4.29989e-05
9.03819e-05
-2.80604e-05
5.44113e-06
0.000101369
7.83816e-05
6.91809e-06
8.33494e-05
-6.44027e-06
9.02908e-05
-2.07383e-05
9.84293e-05
-3.46149e-05
0.000106509
-4.69028e-05
0.000112791
-5.5268e-05
0.000116547
-5.80217e-05
0.000117891
-5.69515e-05
0.000116466
-5.11759e-05
0.00011267
-3.92033e-05
0.000109514
-2.49057e-05
9.14132e-07
0.000114041
9.13745e-05
1.91874e-06
9.94645e-05
-1.45308e-05
0.000109176
-3.04504e-05
0.000118767
-4.42063e-05
0.00012618
-5.43171e-05
0.00013017
-5.92592e-05
0.000131681
-5.95338e-05
0.000130925
-5.61967e-05
0.000128236
-4.84888e-05
0.000124452
-3.54208e-05
0.000120695
-2.11499e-05
2.69606e-07
0.00012134
0.000110242
-7.39859e-06
0.00012175
-2.60394e-05
0.000131966
-4.06669e-05
0.000138789
-5.10291e-05
0.000141705
-5.72339e-05
0.000142023
-5.9578e-05
0.000141069
-5.85812e-05
0.000138566
-5.36947e-05
0.000134916
-4.48403e-05
0.000130915
-3.1421e-05
0.00012658
-1.68155e-05
0.000124878
1.97089e-06
9.13098e-05
1.01576e-05
8.43574e-05
1.69025e-05
7.58932e-05
2.41495e-05
6.96928e-05
2.9553e-05
6.60109e-05
3.38634e-05
6.43113e-05
3.70451e-05
6.38205e-05
3.89376e-05
6.37581e-05
3.93457e-05
6.37658e-05
3.77014e-05
6.39615e-05
3.35491e-05
6.4418e-05
2.73891e-05
1.95266e-05
6.52958e-05
0.000112203
1.19963e-05
0.000107062
2.2045e-05
0.000100109
3.11043e-05
9.24587e-05
3.72046e-05
8.56619e-05
4.06615e-05
8.0509e-05
4.21991e-05
7.72047e-05
4.22422e-05
7.5292e-05
4.12586e-05
7.42871e-05
3.87065e-05
7.41144e-05
3.37217e-05
7.4487e-05
2.70167e-05
1.83265e-05
7.5687e-05
0.000119846
1.34903e-05
0.000116608
2.52848e-05
0.000112065
3.56481e-05
0.00010651
4.27617e-05
0.00010056
4.66127e-05
9.49433e-05
4.78169e-05
9.03314e-05
4.6855e-05
8.70236e-05
4.4567e-05
8.50801e-05
4.06501e-05
8.42672e-05
3.45348e-05
8.45141e-05
2.67692e-05
1.63378e-05
8.65011e-05
0.000122921
1.54484e-05
0.000120148
2.80592e-05
0.000116578
3.92196e-05
0.000112326
4.70151e-05
0.000107748
5.1192e-05
0.000103444
5.21224e-05
9.97488e-05
5.05516e-05
9.69877e-05
4.73289e-05
9.55072e-05
4.21316e-05
9.53082e-05
3.4734e-05
9.6739e-05
2.53379e-05
0.000101031
1.20467e-05
6.70701e-05
9.7612e-06
7.01237e-05
-1.49353e-06
7.46678e-05
-1.3854e-05
8.05128e-05
-2.65671e-05
8.71175e-05
-3.89435e-05
9.32894e-05
-4.91207e-05
9.74647e-05
-5.43877e-05
9.94928e-05
-5.5711e-05
9.87901e-05
-5.26635e-05
9.46927e-05
-4.30107e-05
9.04426e-05
-2.80246e-05
5.55497e-06
0.000101446
7.85223e-05
6.92539e-06
8.34942e-05
-6.46597e-06
9.04383e-05
-2.07987e-05
9.85785e-05
-3.47077e-05
0.000106653
-4.70188e-05
0.000112919
-5.5387e-05
0.000116655
-5.81255e-05
0.000117978
-5.70346e-05
0.000116528
-5.12145e-05
0.000112714
-3.91979e-05
0.00010955
-2.48615e-05
1.01775e-06
0.000114087
9.15088e-05
1.91702e-06
9.95988e-05
-1.45567e-05
0.000109308
-3.05088e-05
0.000118893
-4.42928e-05
0.000126286
-5.44137e-05
0.000130251
-5.9353e-05
0.00013174
-5.96158e-05
0.00013096
-5.62561e-05
0.000128257
-4.85129e-05
0.000124461
-3.54027e-05
0.000120695
-2.10967e-05
3.6877e-07
0.000121343
0.000110349
-7.40219e-06
0.000121849
-2.60564e-05
0.000132054
-4.07147e-05
0.000138858
-5.10974e-05
0.000141753
-5.73091e-05
0.000142055
-5.96558e-05
0.000141087
-5.86491e-05
0.000138565
-5.37356e-05
0.000134899
-4.48476e-05
0.000130887
-3.13913e-05
0.000126544
-1.67553e-05
0.000124845
2.06664e-06
9.13485e-05
1.02513e-05
8.43623e-05
1.69693e-05
7.58623e-05
2.4178e-05
6.96362e-05
2.95353e-05
6.59397e-05
3.38033e-05
6.42343e-05
3.69498e-05
6.37439e-05
3.88188e-05
6.36866e-05
3.92176e-05
6.3695e-05
3.75904e-05
6.38869e-05
3.34641e-05
6.43388e-05
2.73284e-05
1.94953e-05
6.5211e-05
0.000112241
1.20971e-05
0.000107085
2.21273e-05
0.000100111
3.11518e-05
9.24416e-05
3.72056e-05
8.56301e-05
4.06156e-05
8.0465e-05
4.21153e-05
7.71518e-05
4.21319e-05
7.52355e-05
4.11336e-05
7.42195e-05
3.86061e-05
7.40356e-05
3.36479e-05
7.43973e-05
2.69669e-05
1.831e-05
7.55826e-05
0.000119849
1.35919e-05
0.000116607
2.53696e-05
0.000112061
3.57001e-05
0.000106502
4.27652e-05
0.000100552
4.65674e-05
9.49331e-05
4.77345e-05
9.03158e-05
4.67496e-05
8.69988e-05
4.44505e-05
8.50345e-05
4.05702e-05
8.42015e-05
3.44807e-05
8.4423e-05
2.67448e-05
1.63529e-05
8.63793e-05
0.000122894
1.55433e-05
0.000120127
2.81374e-05
0.000116564
3.92638e-05
0.000112321
4.70103e-05
0.000107754
5.1136e-05
0.000103459
5.20296e-05
9.97647e-05
5.0445e-05
9.69869e-05
4.72286e-05
9.54777e-05
4.20795e-05
9.5248e-05
3.47101e-05
9.66381e-05
2.53547e-05
0.000100892
1.20997e-05
6.69731e-05
9.77706e-06
7.00093e-05
-1.42534e-06
7.45336e-05
-1.37351e-05
8.03581e-05
-2.63991e-05
8.69483e-05
-3.87379e-05
9.31263e-05
-4.89201e-05
9.73222e-05
-5.42334e-05
9.93742e-05
-5.55971e-05
9.87127e-05
-5.26307e-05
9.46549e-05
-4.30616e-05
9.04328e-05
-2.81303e-05
5.36176e-06
7.83962e-05
6.9635e-06
8.33461e-05
-6.37534e-06
9.02699e-05
-2.0659e-05
9.83942e-05
-3.45237e-05
0.000106471
-4.68147e-05
0.000112765
-5.52154e-05
0.000116535
-5.80038e-05
0.000117899
-5.69629e-05
0.000116502
-5.1235e-05
0.000112724
-3.92845e-05
0.000109584
-2.49913e-05
8.14759e-07
9.13563e-05
1.98605e-06
9.94269e-05
-1.44464e-05
0.000109125
-3.03574e-05
0.000118713
-4.41129e-05
0.000126142
-5.42439e-05
0.000130153
-5.92283e-05
0.000131685
-5.95362e-05
0.000130958
-5.62376e-05
0.00012829
-4.85684e-05
0.000124521
-3.55174e-05
0.00012078
-2.12515e-05
1.56837e-07
0.000110188
-7.30985e-06
0.000121686
-2.59451e-05
0.000131907
-4.0578e-05
0.00013875
-5.09563e-05
0.000141693
-5.71873e-05
0.000142029
-5.95657e-05
0.000141096
-5.86045e-05
0.000138618
-5.37609e-05
0.000134987
-4.4938e-05
0.000130998
-3.15299e-05
0.000126676
-1.693e-05
1.8532e-06
-3.8225e-05
1.79521e-05
3.56697e-05
-4.12782e-05
3.10949e-05
-4.44861e-05
4.24123e-05
-4.77156e-05
5.02287e-05
-5.07121e-05
5.41681e-05
-5.29986e-05
5.43796e-05
-5.43118e-05
5.18289e-05
-5.40854e-05
4.70778e-05
-5.20596e-05
4.01206e-05
-4.84252e-05
3.11383e-05
-4.25948e-05
1.95781e-05
3.04156e-06
-3.34904e-05
-4.43275e-05
2.09245e-05
4.13572e-05
-4.73529e-05
3.41224e-05
-4.99552e-05
4.50169e-05
-5.18652e-05
5.21407e-05
-5.28149e-05
5.51193e-05
-5.26418e-05
5.42077e-05
-5.10644e-05
5.02524e-05
-4.7601e-05
4.36148e-05
-4.28016e-05
3.53214e-05
-3.71251e-05
2.54611e-05
-3.05104e-05
1.29595e-05
-5.15844e-06
-2.23061e-05
-4.85342e-05
2.38776e-05
4.55807e-05
-5.09932e-05
3.65826e-05
-5.24218e-05
4.6447e-05
-5.27319e-05
5.24523e-05
-5.18454e-05
5.42343e-05
-4.93323e-05
5.1696e-05
-4.49869e-05
4.59083e-05
-3.95132e-05
3.8142e-05
-3.35017e-05
2.93102e-05
-2.73242e-05
1.92827e-05
-2.16933e-05
7.32927e-06
-9.91217e-06
-1.69499e-05
-5.04976e-05
4.79917e-05
2.63852e-05
-5.19882e-05
3.80746e-05
-5.22539e-05
4.6714e-05
-5.11223e-05
5.13221e-05
-4.81483e-05
5.12618e-05
-4.35099e-05
4.7059e-05
-3.77723e-05
4.01718e-05
-3.14761e-05
3.18466e-05
-2.49326e-05
2.27672e-05
-1.85835e-05
1.29341e-05
-1.33565e-05
2.09725e-06
-1.42093e-05
-9.05205e-06
-2.14196e-05
-1.93348e-05
-1.32515e-05
-3.40931e-05
-9.25884e-06
-4.45877e-05
-8.40262e-06
-5.18608e-05
-9.63179e-06
-5.60213e-05
-1.24832e-05
-5.67815e-05
-1.63952e-05
-5.47461e-05
-2.08347e-05
-4.93418e-05
-2.54335e-05
-4.03191e-05
-2.95379e-05
-2.73639e-05
-3.35139e-05
-1.28434e-05
4.334e-06
-3.58201e-05
-1.20355e-05
-2.96072e-05
-7.44724e-06
-3.86808e-05
-6.37152e-06
-4.56635e-05
-7.7119e-06
-5.05208e-05
-1.09009e-05
-5.28331e-05
-1.51892e-05
-5.24941e-05
-2.01696e-05
-4.9767e-05
-2.53738e-05
-4.41387e-05
-3.03966e-05
-3.52975e-05
-3.47551e-05
-2.30047e-05
-3.8692e-05
-8.90783e-06
7.1667e-06
-4.15253e-05
-8.61714e-06
-3.79339e-05
-6.22638e-06
-4.10704e-05
-6.67469e-06
-4.5215e-05
-9.10163e-06
-4.80944e-05
-1.29715e-05
-4.89643e-05
-1.77757e-05
-4.76913e-05
-2.3149e-05
-4.43953e-05
-2.8663e-05
-3.86264e-05
-3.39349e-05
-3.00268e-05
-3.85494e-05
-1.83927e-05
-4.26049e-05
-4.8523e-06
1.03081e-05
-4.5746e-05
-7.29154e-06
-4.48546e-05
-6.59246e-06
-4.17694e-05
-7.94222e-06
-4.3865e-05
-1.0856e-05
-4.51807e-05
-1.49609e-05
-4.48597e-05
-1.98895e-05
-4.27632e-05
-2.53298e-05
-3.89554e-05
-3.0895e-05
-3.30617e-05
-3.62285e-05
-2.46937e-05
-4.09501e-05
-1.36697e-05
-4.50188e-05
-7.84528e-07
-4.81311e-05
1.34199e-05
-3.83633e-05
1.80818e-05
-4.14141e-05
3.12218e-05
-4.46144e-05
4.25316e-05
-4.78302e-05
5.03127e-05
-5.08099e-05
5.42037e-05
-5.30789e-05
5.43746e-05
-5.43754e-05
5.17989e-05
-5.41267e-05
4.70164e-05
-5.20812e-05
4.00307e-05
-4.84283e-05
3.10305e-05
-4.25784e-05
1.94533e-05
2.90108e-06
-3.34547e-05
-4.44792e-05
2.10357e-05
-4.74899e-05
3.42334e-05
-5.00694e-05
4.51127e-05
-5.19485e-05
5.21935e-05
-5.28721e-05
5.51286e-05
-5.26776e-05
5.41813e-05
-5.10713e-05
5.01934e-05
-4.7584e-05
4.35297e-05
-4.27736e-05
3.52205e-05
-3.70854e-05
2.53421e-05
-3.04624e-05
1.28279e-05
-5.3027e-06
-2.22548e-05
-4.86762e-05
2.39666e-05
-5.11092e-05
3.66672e-05
-5.25015e-05
4.65059e-05
-5.27776e-05
5.24711e-05
-5.18608e-05
5.42135e-05
-4.93122e-05
5.16344e-05
-4.49395e-05
4.58221e-05
-3.94561e-05
3.80473e-05
-3.34392e-05
2.9204e-05
-2.72576e-05
1.91602e-05
-2.16291e-05
7.19984e-06
-1.00401e-05
-1.68998e-05
-5.06081e-05
2.64436e-05
-5.2068e-05
3.81273e-05
-5.22962e-05
4.67354e-05
-5.11215e-05
5.12975e-05
-4.81051e-05
5.11983e-05
-4.34382e-05
4.69686e-05
-3.76884e-05
4.00731e-05
-3.13891e-05
3.17487e-05
-2.48454e-05
2.26606e-05
-1.84985e-05
1.28135e-05
-1.32803e-05
1.97801e-06
-1.41591e-05
-9.15503e-06
-2.13777e-05
-1.94738e-05
-1.32205e-05
-3.41961e-05
-9.24007e-06
-4.46475e-05
-8.39062e-06
-5.18793e-05
-9.62156e-06
-5.60042e-05
-1.24677e-05
-5.67334e-05
-1.63728e-05
-5.46782e-05
-2.08036e-05
-4.92659e-05
-2.53939e-05
-4.02521e-05
-2.94905e-05
-2.73263e-05
-3.34591e-05
-1.28491e-05
4.27599e-06
-3.57637e-05
-1.19903e-05
-2.9739e-05
-7.41811e-06
-3.87677e-05
-6.35104e-06
-4.57144e-05
-7.69337e-06
-5.05374e-05
-1.08779e-05
-5.28202e-05
-1.5156e-05
-5.24562e-05
-2.01232e-05
-4.97119e-05
-2.53132e-05
-4.40769e-05
-3.03236e-05
-3.52425e-05
-3.46735e-05
-2.29775e-05
-3.86033e-05
-8.91882e-06
7.10884e-06
-4.14373e-05
-8.58388e-06
-3.80507e-05
-6.20352e-06
-4.11472e-05
-6.65424e-06
-4.52636e-05
-9.07849e-06
-4.81136e-05
-1.29401e-05
-4.89595e-05
-1.77306e-05
-4.76669e-05
-2.30878e-05
-4.43561e-05
-2.85848e-05
-3.85815e-05
-3.38415e-05
-2.99874e-05
-3.84449e-05
-1.83755e-05
-4.24946e-05
-4.87143e-06
1.02538e-05
-4.56386e-05
-7.27223e-06
-4.49383e-05
-6.5741e-06
-4.18449e-05
-7.92211e-06
-4.39154e-05
-1.08305e-05
-4.52052e-05
-1.49254e-05
-4.48648e-05
-1.98389e-05
-4.27535e-05
-2.52622e-05
-3.89331e-05
-3.08098e-05
-3.30342e-05
-3.61268e-05
-2.46707e-05
-4.08372e-05
-1.36656e-05
-4.49017e-05
-8.05842e-07
-4.80216e-05
1.33725e-05
-3.83084e-05
1.79937e-05
-4.13628e-05
3.11153e-05
-4.45716e-05
4.24305e-05
-4.77989e-05
5.02449e-05
-5.07886e-05
5.4184e-05
-5.30611e-05
5.4397e-05
-5.43523e-05
5.18443e-05
-5.40905e-05
4.70686e-05
-5.20323e-05
4.00744e-05
-4.83675e-05
3.10697e-05
-4.25128e-05
1.94828e-05
2.92218e-06
-3.33945e-05
-4.43967e-05
2.09542e-05
-4.74195e-05
3.41398e-05
-5.00181e-05
4.50311e-05
-5.19196e-05
5.21484e-05
-5.28591e-05
5.51253e-05
-5.26701e-05
5.42097e-05
-5.10602e-05
5.02359e-05
-4.75621e-05
4.35718e-05
-4.27395e-05
3.52529e-05
-3.7041e-05
2.53716e-05
-3.04171e-05
1.28552e-05
-5.27233e-06
-2.22173e-05
-4.85809e-05
2.38968e-05
-5.10352e-05
3.65952e-05
-5.24565e-05
4.64539e-05
-5.27589e-05
5.24525e-05
-5.18601e-05
5.42284e-05
-4.93211e-05
5.16727e-05
-4.49473e-05
4.58641e-05
-3.94523e-05
3.80786e-05
-3.3422e-05
2.92239e-05
-2.72297e-05
1.91795e-05
-2.15995e-05
7.22656e-06
-1.00027e-05
-1.68801e-05
-5.05171e-05
2.63931e-05
-5.20035e-05
3.80826e-05
-5.22637e-05
4.67153e-05
-5.11198e-05
5.13098e-05
-4.81269e-05
5.1237e-05
-4.34694e-05
4.70167e-05
-3.77158e-05
4.0112e-05
-3.14044e-05
3.17684e-05
-2.4848e-05
2.26688e-05
-1.84912e-05
1.28238e-05
-1.32726e-05
2.00329e-06
-1.41581e-05
-9.10933e-06
-2.13246e-05
-1.94692e-05
-1.31837e-05
-3.41965e-05
-9.21311e-06
-4.46854e-05
-8.37674e-06
-5.19346e-05
-9.62117e-06
-5.60658e-05
-1.24851e-05
-5.67936e-05
-1.64072e-05
-5.4729e-05
-2.08514e-05
-4.92935e-05
-2.54508e-05
-4.02497e-05
-2.95528e-05
-2.72921e-05
-3.3523e-05
-1.27859e-05
4.36421e-06
-3.58209e-05
-1.19571e-05
-2.97311e-05
-7.41044e-06
-3.87424e-05
-6.34872e-06
-4.57471e-05
-7.70386e-06
-5.05797e-05
-1.09035e-05
-5.28669e-05
-1.51977e-05
-5.25002e-05
-2.01817e-05
-4.97461e-05
-2.53846e-05
-4.40916e-05
-3.04028e-05
-3.52327e-05
-3.47546e-05
-2.29397e-05
-3.86828e-05
-8.8595e-06
7.18596e-06
-4.15055e-05
-8.58781e-06
-3.80159e-05
-6.21021e-06
-4.11183e-05
-6.6666e-06
-4.52903e-05
-9.10224e-06
-4.81444e-05
-1.29783e-05
-4.89917e-05
-1.77844e-05
-4.76953e-05
-2.31569e-05
-4.43752e-05
-2.8666e-05
-3.8584e-05
-3.39297e-05
-2.99702e-05
-3.85343e-05
-1.83378e-05
-4.25787e-05
-4.8155e-06
1.03157e-05
-4.57086e-05
-7.29055e-06
-4.48867e-05
-6.57161e-06
-4.18371e-05
-7.939e-06
-4.39227e-05
-1.08602e-05
-4.52234e-05
-1.49686e-05
-4.48834e-05
-1.98969e-05
-4.27674e-05
-2.53337e-05
-3.89386e-05
-3.08919e-05
-3.30262e-05
-3.6215e-05
-2.46475e-05
-4.09246e-05
-1.3627e-05
-4.49817e-05
-7.59839e-07
-4.80842e-05
1.34172e-05
-3.83545e-05
1.80774e-05
-4.13944e-05
3.11781e-05
-4.45847e-05
4.24558e-05
-4.77929e-05
5.02208e-05
-5.07696e-05
5.41146e-05
-5.30415e-05
5.43031e-05
-5.43455e-05
5.175e-05
-5.4117e-05
4.70009e-05
-5.20961e-05
4.00588e-05
-4.8469e-05
3.1083e-05
-4.264e-05
1.9525e-05
2.98066e-06
-3.35248e-05
-4.4448e-05
2.10196e-05
-4.74487e-05
3.41795e-05
-5.00224e-05
4.50313e-05
-5.19026e-05
5.21028e-05
-5.28334e-05
5.50468e-05
-5.26527e-05
5.41237e-05
-5.10694e-05
5.01676e-05
-4.76112e-05
4.35433e-05
-4.28244e-05
3.52723e-05
-3.71578e-05
2.5416e-05
-3.05444e-05
1.29094e-05
-5.23106e-06
-2.23288e-05
-4.86289e-05
2.39403e-05
-5.10561e-05
3.66075e-05
-5.24504e-05
4.64265e-05
-5.27353e-05
5.23892e-05
-5.18336e-05
5.41468e-05
-4.93091e-05
5.16008e-05
-4.49638e-05
4.58239e-05
-3.95047e-05
3.80852e-05
-3.35077e-05
2.92759e-05
-2.73421e-05
1.92501e-05
-2.17156e-05
7.28348e-06
-9.98728e-06
-1.69672e-05
-5.05551e-05
2.64107e-05
-5.2015e-05
3.80675e-05
-5.22507e-05
4.66637e-05
-5.10918e-05
5.12315e-05
-4.80986e-05
5.11548e-05
-4.3456e-05
4.69594e-05
-3.77274e-05
4.00963e-05
-3.14464e-05
3.18048e-05
-2.49164e-05
2.27464e-05
-1.8578e-05
1.29121e-05
-1.33549e-05
2.05696e-06
-1.42129e-05
-9.12283e-06
-2.14406e-05
-1.93922e-05
-1.32679e-05
-3.41172e-05
-9.26691e-06
-4.45791e-05
-8.39585e-06
-5.1828e-05
-9.60558e-06
-5.59788e-05
-1.24292e-05
-5.67437e-05
-1.63131e-05
-5.47225e-05
-2.07288e-05
-4.93471e-05
-2.53108e-05
-4.0358e-05
-2.94015e-05
-2.74409e-05
-3.33623e-05
-1.29716e-05
4.16085e-06
-1.20432e-05
-2.96783e-05
-7.44897e-06
-3.87108e-05
-6.36173e-06
-4.56661e-05
-7.68339e-06
-5.05067e-05
-1.08487e-05
-5.2814e-05
-1.51098e-05
-5.24834e-05
-2.00615e-05
-4.97716e-05
-2.52414e-05
-4.41682e-05
-3.02465e-05
-3.53537e-05
-3.4593e-05
-2.30954e-05
-3.85188e-05
-9.04503e-06
6.99811e-06
-8.62141e-06
-3.80196e-05
-6.2209e-06
-4.11103e-05
-6.65443e-06
-4.52323e-05
-9.0631e-06
-4.80984e-05
-1.29103e-05
-4.89676e-05
-1.76889e-05
-4.77059e-05
-2.3035e-05
-4.44269e-05
-2.85253e-05
-3.86794e-05
-3.37793e-05
-3.01011e-05
-3.83816e-05
-1.84942e-05
-4.24304e-05
-4.99848e-06
1.01491e-05
-7.29419e-06
-4.49387e-05
-6.58422e-06
-4.18198e-05
-7.91955e-06
-4.38968e-05
-1.08161e-05
-4.52018e-05
-1.49007e-05
-4.48831e-05
-1.98065e-05
-4.28002e-05
-2.5223e-05
-3.90105e-05
-3.07672e-05
-3.31352e-05
-3.60845e-05
-2.47839e-05
-4.07964e-05
-1.37825e-05
-4.48635e-05
-9.29986e-07
1.32762e-05
-5.03325e-05
2.82141e-05
4.85029e-05
-5.09293e-05
3.86718e-05
-4.99174e-05
4.57029e-05
-4.70213e-05
4.84272e-05
-4.25001e-05
4.67421e-05
-3.6905e-05
4.14655e-05
-3.06691e-05
3.39372e-05
-2.41456e-05
2.53243e-05
-1.75179e-05
1.61405e-05
-1.09983e-05
6.41454e-06
-5.00334e-06
-3.89507e-06
-1.40604e-05
-4.83988e-05
2.92115e-05
4.74029e-05
-4.77826e-05
3.80566e-05
-4.53991e-05
4.33206e-05
-4.13972e-05
4.44266e-05
-3.62092e-05
4.15555e-05
-3.0318e-05
3.55756e-05
-2.41191e-05
2.77394e-05
-1.787e-05
1.90762e-05
-1.18091e-05
1.00806e-05
-6.33566e-06
9.42302e-07
-2.07123e-06
-8.15969e-06
-1.61233e-05
-4.46285e-05
2.92086e-05
4.46305e-05
-4.29729e-05
3.64011e-05
-3.97356e-05
4.00837e-05
-3.51937e-05
3.98856e-05
-2.98178e-05
3.61807e-05
-2.40618e-05
2.98211e-05
-1.82634e-05
2.19422e-05
-1.26836e-05
1.34978e-05
-7.61708e-06
5.01515e-06
-3.45566e-06
-3.21787e-06
-7.2261e-07
-1.08894e-05
-1.68454e-05
-3.98212e-05
2.83085e-05
4.07227e-05
-3.73874e-05
3.39684e-05
-3.36091e-05
3.63064e-05
-2.88633e-05
3.51411e-05
-2.36081e-05
3.09267e-05
-1.82506e-05
2.44646e-05
-1.31067e-05
1.67995e-05
-8.44974e-06
8.84169e-06
-4.52942e-06
1.09594e-06
-1.60187e-06
-6.14404e-06
1.36504e-08
-1.25035e-05
-1.68258e-05
-3.45527e-05
2.66157e-05
3.62445e-05
-3.15185e-05
3.09339e-05
-2.74233e-05
3.22118e-05
-2.26805e-05
3.03988e-05
-1.77223e-05
2.59695e-05
-1.29276e-05
1.96714e-05
-8.58193e-06
1.24546e-05
-4.92288e-06
5.18437e-06
-2.10275e-06
-1.72345e-06
-2.02366e-07
-8.04281e-06
6.36979e-07
-1.334e-05
-1.61839e-05
-2.92408e-05
2.42324e-05
3.16252e-05
-2.57363e-05
2.74304e-05
-2.14559e-05
2.79324e-05
-1.68253e-05
2.57694e-05
-1.22611e-05
2.14065e-05
-8.10131e-06
1.55126e-05
-4.57431e-06
8.92857e-06
-1.86381e-06
2.47478e-06
-2.21646e-08
-3.56417e-06
1.004e-06
-9.06776e-06
1.17468e-06
-1.35085e-05
-1.50041e-05
-2.42033e-05
2.12408e-05
2.71946e-05
-2.03122e-05
2.35392e-05
-1.59164e-05
2.35378e-05
-1.14454e-05
2.12989e-05
-7.29359e-06
1.72561e-05
-3.74979e-06
1.19697e-05
-9.74381e-07
6.15448e-06
8.99606e-07
6.01945e-07
1.88994e-06
-4.55312e-06
2.13409e-06
-9.31042e-06
1.66863e-06
-1.30401e-05
-1.33292e-05
-1.96672e-05
1.77208e-05
2.31872e-05
-1.54496e-05
1.93231e-05
-1.09645e-05
1.9054e-05
-6.64083e-06
1.69768e-05
-2.85359e-06
1.34699e-05
1.57274e-07
8.96054e-06
2.29747e-06
4.01501e-06
3.46604e-06
-5.64654e-07
3.71743e-06
-4.8038e-06
3.23204e-06
-8.8231e-06
2.10212e-06
-1.19078e-05
-1.12217e-05
-1.57701e-05
1.37535e-05
1.97418e-05
-1.1266e-05
1.48177e-05
-6.68397e-06
1.44755e-05
-2.45537e-06
1.27474e-05
1.05954e-06
9.95852e-06
3.6557e-06
6.36267e-06
5.29555e-06
2.37943e-06
5.88482e-06
-1.1558e-06
5.4953e-06
-4.40948e-06
4.3106e-06
-7.63853e-06
2.46592e-06
-1.00585e-05
-8.75165e-06
-1.25318e-05
9.40981e-06
1.68785e-05
-7.76702e-06
1.00559e-05
-3.06107e-06
9.77327e-06
1.14781e-06
8.54095e-06
4.50419e-06
6.60473e-06
6.81458e-06
4.05426e-06
8.08024e-06
1.11593e-06
8.19252e-06
-1.26576e-06
7.23659e-06
-3.45045e-06
5.36121e-06
-5.7603e-06
2.75569e-06
-7.44953e-06
-5.98975e-06
-9.75277e-06
4.7729e-06
1.43944e-05
-4.75929e-06
5.06972e-06
1.04493e-07
4.91931e-06
4.36431e-06
4.287e-06
7.68225e-06
3.29276e-06
9.80837e-06
1.93174e-06
1.07658e-05
1.64029e-07
1.04318e-05
-9.28186e-07
8.95235e-06
-1.96574e-06
6.35732e-06
-3.16116e-06
3.01188e-06
-4.09939e-06
-2.96815e-06
-6.55214e-06
1.13254e-05
-1.48036e-06
3.44021e-06
7.72846e-06
1.10219e-05
1.29546e-05
1.31193e-05
1.2192e-05
1.02268e-05
7.06634e-06
2.96815e-06
-5.6922e-06
-3.91615e-05
-7.2061e-06
-4.02553e-05
-9.22825e-06
-4.18429e-05
-1.24183e-05
-4.19911e-05
-1.65783e-05
-4.07003e-05
-2.1443e-05
-3.78995e-05
-2.67582e-05
-3.36413e-05
-3.2185e-05
-2.7636e-05
-3.7389e-05
-1.94903e-05
-4.20069e-05
-9.05395e-06
-4.58564e-05
3.0657e-06
1.61645e-05
-4.86003e-05
-5.39999e-06
-3.37645e-05
-7.81126e-06
-3.78444e-05
-1.02958e-05
-3.93583e-05
-1.36524e-05
-3.86345e-05
-1.77774e-05
-3.65753e-05
-2.24664e-05
-3.32104e-05
-2.75149e-05
-2.85928e-05
-3.26351e-05
-2.25155e-05
-3.75102e-05
-1.46152e-05
-4.17903e-05
-4.77186e-06
-4.52148e-05
6.48962e-06
1.84046e-05
-4.74551e-05
-5.3529e-06
-2.84147e-05
-8.27311e-06
-3.49248e-05
-1.11053e-05
-3.65265e-05
-1.4564e-05
-3.51759e-05
-1.85996e-05
-3.25401e-05
-2.30392e-05
-2.87713e-05
-2.77101e-05
-2.39224e-05
-3.23727e-05
-1.78535e-05
-3.67284e-05
-1.02597e-05
-4.04356e-05
-1.06642e-06
-4.31867e-05
9.24186e-06
1.98452e-05
-4.46265e-05
-5.37422e-06
-2.30425e-05
-8.63963e-06
-3.166e-05
-1.16966e-05
-3.34694e-05
-1.52055e-05
-3.1667e-05
-1.91151e-05
-2.86304e-05
-2.32592e-05
-2.46269e-05
-2.74774e-05
-1.97038e-05
-3.15666e-05
-1.37637e-05
-3.52544e-05
-6.57138e-06
-3.82118e-05
1.89313e-06
-4.01228e-05
1.11525e-05
2.03964e-05
-4.0674e-05
-5.35759e-06
-1.76898e-05
-8.86575e-06
-2.81524e-05
-1.20971e-05
-3.02387e-05
-1.56288e-05
-2.81353e-05
-1.93946e-05
-2.48645e-05
-2.3223e-05
-2.07988e-05
-2.69543e-05
-1.59724e-05
-3.04076e-05
-1.03111e-05
-3.33441e-05
-3.63452e-06
-3.54638e-05
4.0111e-06
-3.64815e-05
1.21714e-05
2.00786e-05
-3.61626e-05
-5.27953e-06
-1.24116e-05
-8.93591e-06
-2.44965e-05
-1.23213e-05
-2.68534e-05
-1.58733e-05
-2.4583e-05
-1.95001e-05
-2.12376e-05
-2.30161e-05
-1.72823e-05
-2.62621e-05
-1.27259e-05
-2.90707e-05
-7.50155e-06
-3.12413e-05
-1.46336e-06
-3.25135e-05
5.28543e-06
-3.26547e-05
1.23123e-05
1.89445e-05
-3.15206e-05
-5.00326e-06
-7.41202e-06
-8.79608e-06
-2.07041e-05
-1.23608e-05
-2.3289e-05
-1.59584e-05
-2.09854e-05
-1.94767e-05
-1.7719e-05
-2.27088e-05
-1.40503e-05
-2.55015e-05
-9.93281e-06
-2.77005e-05
-5.30257e-06
-2.91441e-05
-1.90523e-08
-2.96209e-05
5.76113e-06
-2.89504e-05
1.1643e-05
1.70716e-05
-2.70765e-05
-4.54965e-06
-2.86265e-06
-8.38554e-06
-1.68682e-05
-1.21853e-05
-1.94897e-05
-1.58794e-05
-1.72909e-05
-1.93442e-05
-1.42541e-05
-2.23463e-05
-1.10478e-05
-2.47461e-05
-7.5322e-06
-2.64058e-05
-3.64216e-06
-2.72014e-05
7.77639e-07
-2.69736e-05
5.53476e-06
-2.55873e-05
1.02571e-05
1.45464e-05
-2.30617e-05
-3.71457e-06
8.51135e-07
-7.59733e-06
-1.29856e-05
-1.17343e-05
-1.53517e-05
-1.56029e-05
-1.34234e-05
-1.90882e-05
-1.07677e-05
-2.19361e-05
-8.20045e-06
-2.40271e-05
-5.44008e-06
-2.52425e-05
-2.4265e-06
-2.5494e-05
1.03006e-06
-2.46785e-05
4.71951e-06
-2.26903e-05
8.26979e-06
1.14702e-05
-1.96129e-05
-2.2644e-06
3.11664e-06
-6.27481e-06
-8.97397e-06
-1.09116e-05
-1.07149e-05
-1.50554e-05
-9.27918e-06
-1.86381e-05
-7.18449e-06
-2.14153e-05
-5.42294e-06
-2.32985e-05
-3.55515e-06
-2.4185e-05
-1.53886e-06
-2.40138e-05
8.61104e-07
-2.27406e-05
3.44774e-06
-2.02731e-05
5.80378e-06
7.94675e-06
-1.67482e-05
1.21336e-07
2.99837e-06
-4.18835e-06
-4.66248e-06
-9.53731e-06
-5.36467e-06
-1.40334e-05
-4.78228e-06
-1.77331e-05
-3.48358e-06
-2.05108e-05
-2.64392e-06
-2.23057e-05
-1.75722e-06
-2.30146e-05
-8.267e-07
-2.25603e-05
4.11564e-07
-2.09584e-05
1.84883e-06
-1.81373e-05
2.98559e-06
4.07537e-06
-1.4263e-05
2.99897e-06
-1.66323e-06
-7.0277e-06
-1.18097e-05
-1.52931e-05
-1.79364e-05
-1.9693e-05
-2.05188e-05
-2.01066e-05
-1.82572e-05
-1.5271e-05
-1.11951e-05
-5.04033e-05
2.82471e-05
-5.09656e-05
3.86903e-05
-4.99068e-05
4.56771e-05
-4.69667e-05
4.83587e-05
-4.24144e-05
4.66473e-05
-3.68021e-05
4.13577e-05
-3.0561e-05
3.38332e-05
-2.40389e-05
2.52275e-05
-1.74168e-05
1.60392e-05
-1.09113e-05
6.30787e-06
-4.94367e-06
-3.98801e-06
-1.41067e-05
-4.84186e-05
2.92105e-05
-4.77606e-05
3.80324e-05
-4.53374e-05
4.3255e-05
-4.13044e-05
4.43265e-05
-3.60962e-05
4.14398e-05
-3.01964e-05
3.54587e-05
-2.39975e-05
2.7635e-05
-1.77535e-05
1.8984e-05
-1.17052e-05
9.99135e-06
-6.25734e-06
8.60679e-07
-2.03421e-06
-8.21255e-06
-1.6134e-05
-4.45959e-05
2.91806e-05
-4.29085e-05
3.63457e-05
-3.96414e-05
3.99884e-05
-3.50783e-05
3.97642e-05
-2.96912e-05
3.60535e-05
-2.39326e-05
2.97013e-05
-1.81381e-05
2.18413e-05
-1.25676e-05
1.34145e-05
-7.51884e-06
4.94309e-06
-3.38571e-06
-3.27215e-06
-6.88665e-07
-1.09079e-05
-1.68278e-05
-3.97509e-05
2.82574e-05
-3.72937e-05
3.38885e-05
-3.34958e-05
3.61912e-05
-2.87387e-05
3.50078e-05
-2.34794e-05
3.07948e-05
-1.81241e-05
2.43464e-05
-1.29876e-05
1.67055e-05
-8.34307e-06
8.77035e-06
-4.44216e-06
1.0428e-06
-1.54e-06
-6.17359e-06
4.61939e-08
-1.24944e-05
-1.67761e-05
-3.44563e-05
2.65518e-05
-3.14078e-05
3.08406e-05
-2.73034e-05
3.20874e-05
-2.25576e-05
3.02624e-05
-1.76013e-05
2.5839e-05
-1.2813e-05
1.95594e-05
-8.47749e-06
1.23704e-05
-4.83241e-06
5.12667e-06
-2.03067e-06
-1.75881e-06
-1.51346e-07
-8.0524e-06
6.64567e-07
-1.3309e-05
-1.61131e-05
-2.91292e-05
2.41604e-05
-2.56193e-05
2.73307e-05
-2.13389e-05
2.78072e-05
-1.67127e-05
2.56368e-05
-1.2156e-05
2.12829e-05
-8.00619e-06
1.54101e-05
-4.49119e-06
8.85605e-06
-1.79481e-06
2.43087e-06
3.08787e-08
-3.584e-06
1.04115e-06
-9.06196e-06
1.19516e-06
-1.34626e-05
-1.49137e-05
-2.40848e-05
2.11694e-05
-2.01965e-05
2.3443e-05
-1.58093e-05
2.34207e-05
-1.13495e-05
2.1177e-05
-7.21015e-06
1.71443e-05
-3.67926e-06
1.18797e-05
-9.16947e-07
6.09466e-06
9.43677e-07
5.70888e-07
1.92098e-06
-4.5605e-06
2.15459e-06
-9.29518e-06
1.68322e-06
-1.29897e-05
-1.32297e-05
-1.95477e-05
1.76557e-05
-1.53406e-05
1.92362e-05
-1.08716e-05
1.89519e-05
-6.56517e-06
1.68713e-05
-2.79482e-06
1.33742e-05
2.00818e-07
8.88522e-06
2.32736e-06
3.96821e-06
3.48379e-06
-5.84046e-07
3.72483e-06
-4.80169e-06
3.23317e-06
-8.80249e-06
2.11656e-06
-1.18726e-05
-1.11099e-05
-1.56532e-05
1.36969e-05
-1.11656e-05
1.47491e-05
-6.6066e-06
1.43937e-05
-2.40052e-06
1.26636e-05
1.09364e-06
9.8827e-06
3.67257e-06
6.3036e-06
5.29858e-06
2.34611e-06
5.87696e-06
-1.16582e-06
5.479e-06
-4.39917e-06
4.2886e-06
-7.61355e-06
2.48541e-06
-1.00665e-05
-8.62343e-06
-1.24175e-05
9.36751e-06
-7.6753e-06
1.00081e-05
-2.99771e-06
9.71554e-06
1.1838e-06
8.48196e-06
4.51599e-06
6.5509e-06
6.80727e-06
4.01284e-06
8.05873e-06
1.09524e-06
8.162e-06
-1.26834e-06
7.20059e-06
-3.43592e-06
5.31636e-06
-5.72813e-06
2.7566e-06
-7.50484e-06
-5.86304e-06
-9.64085e-06
4.74816e-06
-4.67431e-06
5.0436e-06
1.56526e-07
4.88428e-06
4.38472e-06
4.25309e-06
7.67509e-06
3.26187e-06
9.77966e-06
1.90863e-06
1.07225e-05
1.54646e-07
1.03823e-05
-9.27343e-07
8.9027e-06
-1.95318e-06
6.30772e-06
-3.1314e-06
2.95055e-06
-4.14404e-06
-2.9063e-06
-6.44653e-06
-1.403e-06
3.48108e-06
7.73446e-06
1.09964e-05
1.29054e-05
1.30602e-05
1.21333e-05
1.01804e-05
7.04948e-06
2.9063e-06
-5.6779e-06
-3.92596e-05
-7.19013e-06
-4.03324e-05
-9.20895e-06
-4.18967e-05
-1.23928e-05
-4.20216e-05
-1.6543e-05
-4.07151e-05
-2.13934e-05
-3.79037e-05
-2.66921e-05
-3.36352e-05
-3.21022e-05
-2.7625e-05
-3.72908e-05
-1.94831e-05
-4.18984e-05
-9.05884e-06
-4.57484e-05
3.04207e-06
1.61298e-05
-4.85046e-05
-5.39069e-06
-3.38695e-05
-7.79759e-06
-3.79257e-05
-1.02787e-05
-3.94154e-05
-1.36298e-05
-3.86705e-05
-1.77463e-05
-3.65983e-05
-2.24231e-05
-3.32266e-05
-2.7457e-05
-2.86009e-05
-3.25627e-05
-2.2519e-05
-3.7425e-05
-1.46203e-05
-4.16983e-05
-4.7855e-06
-4.51248e-05
6.47003e-06
1.83845e-05
-4.73806e-05
-5.34589e-06
-2.85264e-05
-8.26271e-06
-3.50093e-05
-1.10923e-05
-3.65862e-05
-1.45469e-05
-3.5216e-05
-1.85758e-05
-3.25696e-05
-2.30061e-05
-2.87966e-05
-2.76655e-05
-2.39417e-05
-3.23169e-05
-1.78681e-05
-3.6664e-05
-1.02737e-05
-4.03679e-05
-1.08217e-06
-4.31259e-05
9.22642e-06
1.98431e-05
-4.45832e-05
-5.3708e-06
-2.3156e-05
-8.6337e-06
-3.17468e-05
-1.16895e-05
-3.35304e-05
-1.51959e-05
-3.17095e-05
-1.9101e-05
-2.86641e-05
-2.3239e-05
-2.4658e-05
-2.74495e-05
-1.97306e-05
-3.15312e-05
-1.37854e-05
-3.52147e-05
-6.5896e-06
-3.81733e-05
1.87694e-06
-4.00926e-05
1.11474e-05
2.04103e-05
-4.06607e-05
-5.35794e-06
-1.78031e-05
-8.86527e-06
-2.824e-05
-1.20971e-05
-3.02995e-05
-1.56282e-05
-2.8178e-05
-1.9392e-05
-2.49003e-05
-2.32172e-05
-2.08327e-05
-2.69448e-05
-1.60028e-05
-3.03944e-05
-1.03361e-05
-3.33302e-05
-3.65371e-06
-3.54534e-05
3.99962e-06
-3.64802e-05
1.21729e-05
2.0106e-05
-3.61744e-05
-5.28447e-06
-1.25183e-05
-8.94174e-06
-2.45832e-05
-1.23294e-05
-2.69117e-05
-1.5883e-05
-2.46241e-05
-1.951e-05
-2.12728e-05
-2.30256e-05
-1.73165e-05
-2.62711e-05
-1.27564e-05
-2.90794e-05
-7.52701e-06
-3.12516e-05
-1.4807e-06
-3.25284e-05
5.27687e-06
-3.26766e-05
1.23228e-05
1.89805e-05
-3.15519e-05
-5.01347e-06
-7.50881e-06
-8.8088e-06
-2.07881e-05
-1.23779e-05
-2.33432e-05
-1.59791e-05
-2.10225e-05
-1.94999e-05
-1.7752e-05
-2.27337e-05
-1.40822e-05
-2.55288e-05
-9.96122e-06
-2.77298e-05
-5.32554e-06
-2.91769e-05
-3.37685e-08
-2.96574e-05
5.75767e-06
-2.89921e-05
1.16566e-05
1.71128e-05
-2.71227e-05
-4.56239e-06
-2.94552e-06
-8.40551e-06
-1.6945e-05
-1.22118e-05
-1.95371e-05
-1.59114e-05
-1.73224e-05
-1.93808e-05
-1.42819e-05
-2.23864e-05
-1.10761e-05
-2.47907e-05
-7.55576e-06
-2.6454e-05
-3.66202e-06
-2.72537e-05
7.67029e-07
-2.70292e-05
5.53316e-06
-2.5645e-05
1.02738e-05
1.45872e-05
-2.31197e-05
-3.73173e-06
7.83768e-07
-7.62486e-06
-1.30511e-05
-1.17707e-05
-1.53915e-05
-1.5646e-05
-1.34461e-05
-1.91382e-05
-1.07912e-05
-2.19905e-05
-8.22128e-06
-2.40881e-05
-5.46042e-06
-2.53073e-05
-2.4398e-06
-2.55637e-05
1.02094e-06
-2.47498e-05
4.72218e-06
-2.27613e-05
8.28517e-06
1.15074e-05
-1.96796e-05
-2.28442e-06
3.06976e-06
-6.31025e-06
-9.02394e-06
-1.0958e-05
-1.07436e-05
-1.51099e-05
-9.29348e-06
-1.87004e-05
-7.20037e-06
-2.14835e-05
-5.43732e-06
-2.33738e-05
-3.56935e-06
-2.42651e-05
-1.54752e-06
-2.40981e-05
8.54777e-07
-2.28253e-05
3.45145e-06
-2.03544e-05
5.8169e-06
7.97395e-06
-1.68219e-05
1.00055e-07
2.97342e-06
-4.23162e-06
-4.68995e-06
-9.59399e-06
-5.38001e-06
-1.40982e-05
-4.78769e-06
-1.78067e-05
-3.49117e-06
-2.05911e-05
-2.65069e-06
-2.23938e-05
-1.76543e-06
-2.31077e-05
-8.30696e-07
-2.2657e-05
4.05941e-07
-2.10539e-05
1.85276e-06
-1.8227e-05
2.99356e-06
4.0891e-06
-1.43419e-05
2.97424e-06
-1.71548e-06
-7.095e-06
-1.18826e-05
-1.53733e-05
-1.80238e-05
-1.97886e-05
-2.0619e-05
-2.02121e-05
-1.83586e-05
-1.5365e-05
-1.12758e-05
-5.03284e-05
2.82169e-05
-5.09204e-05
3.86751e-05
-4.98983e-05
4.5694e-05
-4.69905e-05
4.84032e-05
-4.24576e-05
4.67057e-05
-3.68511e-05
4.14118e-05
-3.06048e-05
3.38673e-05
-2.40718e-05
2.52369e-05
-1.74391e-05
1.60377e-05
-1.09259e-05
6.31142e-06
-4.95546e-06
-3.96413e-06
-1.40703e-05
-4.83697e-05
2.92067e-05
-4.7746e-05
3.80523e-05
-4.53563e-05
4.33051e-05
-4.13487e-05
4.43965e-05
-3.61543e-05
4.15122e-05
-3.02568e-05
3.55154e-05
-2.40524e-05
2.76638e-05
-1.77996e-05
1.89852e-05
-1.17423e-05
9.98148e-06
-6.28388e-06
8.54723e-07
-2.04681e-06
-8.20157e-06
-1.6109e-05
-4.4578e-05
2.92014e-05
-4.29197e-05
3.63942e-05
-3.96793e-05
4.0065e-05
-3.51346e-05
3.98526e-05
-2.9756e-05
3.61345e-05
-2.39974e-05
2.97579e-05
-1.81981e-05
2.18658e-05
-1.26207e-05
1.34088e-05
-7.56358e-06
4.92586e-06
-3.41815e-06
-3.28935e-06
-7.0479e-07
-1.09115e-05
-1.68137e-05
-3.97586e-05
2.83e-05
-3.73238e-05
3.396e-05
-3.35447e-05
3.62867e-05
-2.87987e-05
3.5107e-05
-2.35435e-05
3.08799e-05
-1.81866e-05
2.44017e-05
-1.30463e-05
1.67261e-05
-8.39611e-06
8.75936e-06
-4.48761e-06
1.01815e-06
-1.57324e-06
-6.20232e-06
2.86792e-08
-1.25123e-05
-1.67796e-05
-3.44834e-05
2.66088e-05
-3.14496e-05
3.09262e-05
-2.73558e-05
3.21925e-05
-2.26143e-05
3.03661e-05
-1.76584e-05
2.59246e-05
-1.28675e-05
1.96115e-05
-8.52864e-06
1.23883e-05
-4.87902e-06
5.11027e-06
-2.07083e-06
-1.78866e-06
-1.80824e-07
-8.09128e-06
6.48441e-07
-1.33391e-05
-1.61278e-05
-2.91697e-05
2.42276e-05
-2.56663e-05
2.74233e-05
-2.13885e-05
2.79155e-05
-1.67609e-05
2.57388e-05
-1.22014e-05
2.13659e-05
-8.04759e-06
1.54581e-05
-4.52975e-06
8.87106e-06
-1.8296e-06
2.41036e-06
2.96866e-10
-3.61783e-06
1.01861e-06
-9.10884e-06
1.18249e-06
-1.35014e-05
-1.49419e-05
-2.41341e-05
2.12385e-05
-2.02443e-05
2.35341e-05
-1.58529e-05
2.35234e-05
-1.13859e-05
2.12728e-05
-7.2408e-06
1.72204e-05
-3.70424e-06
1.19229e-05
-9.39432e-07
6.10605e-06
9.24e-07
5.4869e-07
1.90264e-06
-4.59629e-06
2.14086e-06
-9.34518e-06
1.67421e-06
-1.30331e-05
-1.32625e-05
-1.96024e-05
1.77227e-05
-1.53867e-05
1.93187e-05
-1.09069e-05
1.90445e-05
-6.58834e-06
1.69545e-05
-2.80905e-06
1.34426e-05
1.93587e-07
8.92022e-06
2.32281e-06
3.97878e-06
3.48041e-06
-6.09495e-07
3.71991e-06
-4.83376e-06
3.22866e-06
-8.85391e-06
2.11192e-06
-1.19143e-05
-1.11477e-05
-1.57116e-05
1.3752e-05
-1.12084e-05
1.4819e-05
-6.63366e-06
1.44668e-05
-2.40966e-06
1.27351e-05
1.09477e-06
9.93264e-06
3.68415e-06
6.33827e-06
5.31049e-06
2.34511e-06
5.89111e-06
-1.18006e-06
5.48575e-06
-4.43558e-06
4.29373e-06
-7.65305e-06
2.48425e-06
-1.01055e-05
-8.65501e-06
-1.24776e-05
9.40819e-06
-7.71517e-06
1.00584e-05
-3.01607e-06
9.76835e-06
1.18663e-06
8.53339e-06
4.53303e-06
6.58625e-06
6.8348e-06
4.03807e-06
8.08812e-06
1.09242e-06
8.19031e-06
-1.2796e-06
7.21945e-06
-3.46398e-06
5.32854e-06
-5.75754e-06
2.76013e-06
-7.53267e-06
-5.88674e-06
-9.70202e-06
4.76935e-06
-4.71098e-06
5.07161e-06
1.45974e-07
4.91296e-06
4.39941e-06
4.28312e-06
7.70639e-06
3.27897e-06
9.82351e-06
1.92462e-06
1.07672e-05
1.48677e-07
1.04245e-05
-9.32048e-07
8.93143e-06
-1.96989e-06
6.32577e-06
-3.1453e-06
2.95736e-06
-4.15725e-06
-2.91629e-06
-6.50556e-06
-1.43369e-06
3.48008e-06
7.763e-06
1.10428e-05
1.29673e-05
1.3117e-05
1.2185e-05
1.02161e-05
7.07172e-06
2.91629e-06
-5.67879e-06
-3.92058e-05
-7.20093e-06
-4.03144e-05
-9.22918e-06
-4.18943e-05
-1.24243e-05
-4.20285e-05
-1.65865e-05
-4.07217e-05
-2.14499e-05
-3.79049e-05
-2.67604e-05
-3.3629e-05
-3.21791e-05
-2.76085e-05
-3.73718e-05
-1.94554e-05
-4.19773e-05
-9.02385e-06
-4.58163e-05
3.07929e-06
1.61543e-05
-4.85533e-05
-5.39565e-06
-3.38136e-05
-7.81017e-06
-3.79004e-05
-1.02997e-05
-3.94048e-05
-1.36601e-05
-3.86681e-05
-1.77866e-05
-3.65951e-05
-2.24741e-05
-3.32173e-05
-2.75178e-05
-2.85852e-05
-3.26299e-05
-2.24961e-05
-3.74942e-05
-1.45911e-05
-4.17629e-05
-4.75351e-06
-4.51786e-05
6.49391e-06
1.83895e-05
-4.74146e-05
-5.35201e-06
-2.84642e-05
-8.27547e-06
-3.49774e-05
-1.11118e-05
-3.65689e-05
-1.45738e-05
-3.52061e-05
-1.86107e-05
-3.25586e-05
-2.3049e-05
-2.87793e-05
-2.77157e-05
-2.3919e-05
-3.23712e-05
-1.78412e-05
-3.67178e-05
-1.02447e-05
-4.04158e-05
-1.05727e-06
-4.31608e-05
9.23942e-06
1.98284e-05
-4.45994e-05
-5.3767e-06
-2.30903e-05
-8.64507e-06
-3.17099e-05
-1.17059e-05
-3.35081e-05
-1.52179e-05
-3.16943e-05
-1.91288e-05
-2.86474e-05
-2.32722e-05
-2.46357e-05
-2.74872e-05
-1.97035e-05
-3.15707e-05
-1.37572e-05
-3.52517e-05
-6.5633e-06
-3.82026e-05
1.89534e-06
-4.01101e-05
1.11461e-05
2.038e-05
-4.06623e-05
-5.36242e-06
-1.77331e-05
-8.87399e-06
-2.8199e-05
-1.21093e-05
-3.02737e-05
-1.56441e-05
-2.81591e-05
-1.94117e-05
-2.488e-05
-2.32398e-05
-2.08076e-05
-2.69693e-05
-1.59742e-05
-3.04185e-05
-1.03084e-05
-3.33504e-05
-3.63131e-06
-3.5466e-05
4.00939e-06
-3.64824e-05
1.21629e-05
2.00637e-05
-3.61656e-05
-5.28675e-06
-1.24484e-05
-8.94695e-06
-2.45396e-05
-1.23365e-05
-2.68843e-05
-1.58919e-05
-2.46038e-05
-1.95208e-05
-2.12508e-05
-2.30371e-05
-1.72911e-05
-2.62823e-05
-1.27285e-05
-2.90885e-05
-7.50174e-06
-3.12564e-05
-1.46276e-06
-3.25265e-05
5.2808e-06
-3.26679e-05
1.23034e-05
1.89316e-05
-3.15364e-05
-5.01262e-06
-7.44114e-06
-8.80975e-06
-2.0743e-05
-1.23792e-05
-2.33158e-05
-1.59803e-05
-2.10022e-05
-1.95013e-05
-1.77303e-05
-2.2734e-05
-1.40579e-05
-2.5527e-05
-9.93589e-06
-2.77246e-05
-5.30382e-06
-2.91674e-05
-2.02148e-08
-2.96432e-05
5.75601e-06
-2.89738e-05
1.16341e-05
1.70607e-05
-2.71028e-05
-4.55996e-06
-2.88187e-06
-8.40162e-06
-1.69019e-05
-1.22067e-05
-1.95112e-05
-1.59045e-05
-1.73045e-05
-1.93724e-05
-1.42621e-05
-2.23754e-05
-1.10551e-05
-2.47764e-05
-7.53406e-06
-2.64355e-05
-3.64473e-06
-2.72313e-05
7.76632e-07
-2.70034e-05
5.52848e-06
-2.56187e-05
1.02492e-05
1.45378e-05
-2.30962e-05
-3.72623e-06
8.38582e-07
-7.61511e-06
-1.30118e-05
-1.17587e-05
-1.53698e-05
-1.56304e-05
-1.34306e-05
-1.912e-05
-1.07758e-05
-2.19681e-05
-8.20358e-06
-2.40617e-05
-5.44392e-06
-2.52762e-05
-2.42647e-06
-2.55294e-05
1.02684e-06
-2.47137e-05
4.71604e-06
-2.27275e-05
8.26301e-06
1.14637e-05
-1.96533e-05
-2.27501e-06
3.11247e-06
-6.29361e-06
-8.99304e-06
-1.09376e-05
-1.07272e-05
-1.50852e-05
-9.28296e-06
-1.86719e-05
-7.1899e-06
-2.145e-05
-5.425e-06
-2.33355e-05
-3.55813e-06
-2.42219e-05
-1.53879e-06
-2.40524e-05
8.58179e-07
-2.27793e-05
3.44591e-06
-2.03137e-05
5.79941e-06
7.9424e-06
-1.6792e-05
1.14285e-07
2.99648e-06
-4.20614e-06
-4.67304e-06
-9.56366e-06
-5.37273e-06
-1.40632e-05
-4.78346e-06
-1.77671e-05
-3.4874e-06
-2.05458e-05
-2.64474e-06
-2.23433e-05
-1.76019e-06
-2.30523e-05
-8.26619e-07
-2.25999e-05
4.08047e-07
-2.09979e-05
1.84947e-06
-1.81787e-05
2.98391e-06
4.07268e-06
-1.43075e-05
2.99649e-06
-1.67729e-06
-7.04992e-06
-1.18338e-05
-1.53208e-05
-1.79655e-05
-1.97251e-05
-2.05514e-05
-2.01421e-05
-1.82919e-05
-1.53077e-05
-1.12347e-05
-5.03538e-05
2.82115e-05
-5.09207e-05
3.86351e-05
-4.98754e-05
4.56189e-05
-4.69555e-05
4.8313e-05
-4.24249e-05
4.66257e-05
-3.68317e-05
4.13676e-05
-3.06059e-05
3.38719e-05
-2.40952e-05
2.52952e-05
-1.74782e-05
1.61301e-05
-1.0967e-05
6.40086e-06
-4.97857e-06
-3.92969e-06
-1.41088e-05
-4.83799e-05
2.91766e-05
-4.77318e-05
3.7987e-05
-4.53242e-05
4.32126e-05
-4.13096e-05
4.42994e-05
-3.61186e-05
4.14356e-05
-3.02322e-05
3.54821e-05
-2.4043e-05
2.76836e-05
-1.7804e-05
1.90569e-05
-1.17525e-05
1.00792e-05
-6.29129e-06
9.40404e-07
-2.04855e-06
-8.17354e-06
-1.61502e-05
-4.45735e-05
2.91512e-05
-4.28969e-05
3.63111e-05
-3.9644e-05
3.99605e-05
-3.50957e-05
3.97521e-05
-2.9721e-05
3.60618e-05
-2.39713e-05
2.97336e-05
-1.81816e-05
2.1895e-05
-1.26102e-05
1.34867e-05
-7.553e-06
5.02271e-06
-3.40569e-06
-3.20652e-06
-6.95496e-07
-1.08819e-05
-1.685e-05
-3.97449e-05
2.82334e-05
-3.72974e-05
3.38636e-05
-3.3511e-05
3.61749e-05
-2.87648e-05
3.50068e-05
-2.35139e-05
3.08116e-05
-1.81634e-05
2.43839e-05
-1.30275e-05
1.67599e-05
-8.37821e-06
8.83802e-06
-4.4669e-06
1.11214e-06
-1.55279e-06
-6.11983e-06
4.18195e-08
-1.24765e-05
-1.68025e-05
-3.44648e-05
2.6533e-05
-3.14242e-05
3.08236e-05
-2.73283e-05
3.20801e-05
-2.25899e-05
3.02689e-05
-1.76385e-05
2.5861e-05
-1.28518e-05
1.95984e-05
-8.51367e-06
1.24226e-05
-4.86166e-06
5.18751e-06
-2.04942e-06
-1.6996e-06
-1.60357e-07
-8.00837e-06
6.61503e-07
-1.32968e-05
-1.61415e-05
-2.91498e-05
2.4146e-05
-2.56459e-05
2.73199e-05
-2.13714e-05
2.78059e-05
-1.67495e-05
2.56481e-05
-1.21946e-05
2.13068e-05
-8.04369e-06
1.54485e-05
-4.52398e-06
8.90377e-06
-1.81963e-06
2.48414e-06
1.60245e-08
-3.53467e-06
1.03455e-06
-9.02606e-06
1.1932e-06
-1.34548e-05
-1.49438e-05
-2.41152e-05
2.11586e-05
-2.02312e-05
2.34365e-05
-1.58475e-05
2.34234e-05
-1.13895e-05
2.119e-05
-7.24919e-06
1.71679e-05
-3.71531e-06
1.19149e-05
-9.46704e-07
6.13687e-06
9.22199e-07
6.15802e-07
1.90916e-06
-4.52014e-06
2.15002e-06
-9.26665e-06
1.68255e-06
-1.29854e-05
-1.32594e-05
-1.95857e-05
1.7648e-05
-1.53813e-05
1.92325e-05
-1.0914e-05
1.89562e-05
-6.60738e-06
1.68848e-05
-2.83387e-06
1.33948e-05
1.66375e-07
8.91645e-06
2.30023e-06
4.00328e-06
3.46521e-06
-5.47059e-07
3.71575e-06
-4.77079e-06
3.23073e-06
-8.78038e-06
2.11767e-06
-1.18715e-05
-1.11378e-05
-1.56965e-05
1.36917e-05
-1.12106e-05
1.47473e-05
-6.65177e-06
1.43987e-05
-2.44432e-06
1.26738e-05
1.05522e-06
9.90069e-06
3.63953e-06
6.32728e-06
5.2742e-06
2.37544e-06
5.86089e-06
-1.13941e-06
5.47304e-06
-4.37543e-06
4.28848e-06
-7.59899e-06
2.48866e-06
-1.00669e-05
-8.64811e-06
-1.24639e-05
9.36445e-06
-7.72258e-06
1.00074e-05
-3.04459e-06
9.719e-06
1.13958e-06
8.48873e-06
4.47809e-06
6.5636e-06
6.7762e-06
4.0298e-06
8.0368e-06
1.11653e-06
8.14918e-06
-1.25093e-06
7.19782e-06
-3.42082e-06
5.31938e-06
-5.7194e-06
2.76207e-06
-7.50692e-06
-5.8812e-06
-9.68763e-06
4.74657e-06
-4.72184e-06
5.04324e-06
1.09651e-07
4.88473e-06
4.341e-06
4.25502e-06
7.63839e-06
3.26934e-06
9.75081e-06
1.91809e-06
1.0704e-05
1.67944e-07
1.03736e-05
-9.19386e-07
8.90406e-06
-1.94607e-06
6.31416e-06
-3.12765e-06
2.95804e-06
-4.14585e-06
-2.91516e-06
-6.48773e-06
-1.44502e-06
3.43905e-06
7.69477e-06
1.09642e-05
1.28831e-05
1.30512e-05
1.21327e-05
1.01869e-05
7.05989e-06
2.91516e-06
-5.69068e-06
-3.92468e-05
-7.19706e-06
-4.03129e-05
-9.20729e-06
-4.18865e-05
-1.23824e-05
-4.20268e-05
-1.65254e-05
-4.07406e-05
-2.13716e-05
-3.79547e-05
-2.66677e-05
-3.37151e-05
-3.20781e-05
-2.77256e-05
-3.72702e-05
-1.95926e-05
-4.18822e-05
-9.17098e-06
-4.57377e-05
2.9235e-06
1.60423e-05
-5.39908e-06
-3.38478e-05
-7.80397e-06
-3.79079e-05
-1.02792e-05
-3.94109e-05
-1.36241e-05
-3.86818e-05
-1.77358e-05
-3.66285e-05
-2.24114e-05
-3.32788e-05
-2.74468e-05
-2.86792e-05
-3.25563e-05
-2.26156e-05
-3.7425e-05
-1.47232e-05
-4.17056e-05
-4.89005e-06
-4.5139e-05
6.35863e-06
1.83053e-05
-5.35319e-06
-2.84969e-05
-8.26907e-06
-3.49923e-05
-1.10948e-05
-3.65855e-05
-1.45452e-05
-3.52315e-05
-1.85716e-05
-3.26022e-05
-2.30031e-05
-2.88475e-05
-2.76672e-05
-2.40152e-05
-3.23257e-05
-1.79575e-05
-3.66818e-05
-1.03673e-05
-4.03957e-05
-1.17644e-06
-4.31641e-05
9.12547e-06
1.97729e-05
-5.37619e-06
-2.31204e-05
-8.63952e-06
-3.17292e-05
-1.16929e-05
-3.3532e-05
-1.51969e-05
-3.17272e-05
-1.91016e-05
-2.86971e-05
-2.32427e-05
-2.47058e-05
-2.74603e-05
-1.97969e-05
-3.15517e-05
-1.3865e-05
-3.5246e-05
-6.67216e-06
-3.8216e-05
1.79436e-06
-4.01467e-05
1.10578e-05
2.03483e-05
-5.3616e-06
-1.77631e-05
-8.86973e-06
-2.82213e-05
-1.21001e-05
-3.03023e-05
-1.56304e-05
-2.81966e-05
-1.93954e-05
-2.49319e-05
-2.32252e-05
-2.0876e-05
-2.69613e-05
-1.60603e-05
-3.04222e-05
-1.04043e-05
-3.33698e-05
-3.72431e-06
-3.55051e-05
3.92923e-06
-3.65436e-05
1.2095e-05
2.00503e-05
-5.28559e-06
-1.24762e-05
-8.94388e-06
-2.45633e-05
-1.23308e-05
-2.69151e-05
-1.58846e-05
-2.46424e-05
-1.95143e-05
-2.13016e-05
-2.30353e-05
-1.73542e-05
-2.62901e-05
-1.28046e-05
-2.91104e-05
-7.58303e-06
-3.12946e-05
-1.53908e-06
-3.25836e-05
5.21881e-06
-3.27439e-05
1.22567e-05
1.89308e-05
-5.01143e-06
-7.46752e-06
-8.80768e-06
-2.07671e-05
-1.23765e-05
-2.33466e-05
-1.59786e-05
-2.10399e-05
-1.9503e-05
-1.77769e-05
-2.27432e-05
-1.41135e-05
-2.55476e-05
-9.99978e-06
-2.77605e-05
-5.36968e-06
-2.92193e-05
-8.0317e-08
-2.97117e-05
5.71132e-06
-2.90582e-05
1.16022e-05
1.70686e-05
-4.55817e-06
-2.90733e-06
-8.40036e-06
-1.69246e-05
-1.22065e-05
-1.95405e-05
-1.59076e-05
-1.73381e-05
-1.93813e-05
-1.43026e-05
-2.2394e-05
-1.11003e-05
-2.48074e-05
-7.58513e-06
-2.64819e-05
-3.69466e-06
-2.72926e-05
7.31353e-07
-2.70793e-05
5.49793e-06
-2.57066e-05
1.02306e-05
1.45479e-05
-3.72417e-06
8.16257e-07
-7.61504e-06
-1.30329e-05
-1.17608e-05
-1.53942e-05
-1.56383e-05
-1.34601e-05
-1.91351e-05
-1.08061e-05
-2.19949e-05
-8.23881e-06
-2.4101e-05
-5.48014e-06
-2.53307e-05
-2.46264e-06
-2.55969e-05
9.95457e-07
-2.47936e-05
4.69691e-06
-2.28165e-05
8.25337e-06
1.14722e-05
-2.27393e-06
3.09384e-06
-6.29538e-06
-9.00932e-06
-1.09431e-05
-1.07458e-05
-1.50977e-05
-9.30453e-06
-1.86932e-05
-7.20979e-06
-2.14836e-05
-5.44757e-06
-2.33817e-05
-3.58074e-06
-2.42828e-05
-1.5607e-06
-2.41244e-05
8.37821e-07
-2.28616e-05
3.43597e-06
-2.04028e-05
5.79547e-06
7.94455e-06
1.12775e-07
2.98867e-06
-4.21169e-06
-4.68086e-06
-9.57406e-06
-5.38036e-06
-1.40818e-05
-4.79451e-06
-1.77952e-05
-3.49477e-06
-2.05861e-05
-2.65434e-06
-2.23952e-05
-1.76956e-06
-2.31184e-05
-8.34861e-07
-2.2675e-05
3.9624e-07
-2.10814e-05
1.84588e-06
-1.82674e-05
2.98118e-06
4.06724e-06
2.99e-06
-1.69022e-06
-7.06991e-06
-1.18641e-05
-1.53584e-05
-1.80123e-05
-1.97813e-05
-2.06159e-05
-2.02189e-05
-1.8373e-05
-1.53927e-05
)
;

boundaryField
{
    rotor
    {
        type            calculated;
        value           uniform 0;
    }
    stator
    {
        type            calculated;
        value           uniform 0;
    }
    front
    {
        type            empty;
        value           nonuniform 0();
    }
    back
    {
        type            empty;
        value           nonuniform 0();
    }
}


// ************************************************************************* //
