/*--------------------------------*- C++ -*----------------------------------*\
  =========                 |
  \\      /  F ield         | OpenFOAM: The Open Source CFD Toolbox
   \\    /   O peration     | Website:  https://openfoam.org
    \\  /    A nd           | Version:  6
     \\/     M anipulation  |
\*---------------------------------------------------------------------------*/
FoamFile
{
    version     2.0;
    format      ascii;
    class       volVectorField;
    location    "100";
    object      U;
}
// * * * * * * * * * * * * * * * * * * * * * * * * * * * * * * * * * * * * * //

dimensions      [0 1 -1 0 0 0 0];

internalField   nonuniform List<vector> 
3072
(
(-0.315183 2.29799 0)
(-0.23948 1.87151 0)
(-0.128143 1.68531 2.53965e-19)
(0.0986985 1.84937 1.35869e-18)
(1.0698 1.89651 -1.87917e-18)
(2.49378 2.04311 4.67627e-19)
(3.2081 2.9672 1.56588e-19)
(3.59465 3.42625 2.11397e-18)
(4.09732 3.87666 -3.8078e-18)
(4.53434 4.10566 2.2256e-18)
(5.02217 4.21683 -4.97854e-19)
(5.419 4.20877 1.20321e-19)
(-0.662049 2.80881 -2.69409e-19)
(-0.0269537 2.53546 -3.72243e-19)
(1.00889 2.78372 2.77395e-19)
(2.02541 3.36525 0)
(2.84489 3.72832 4.05491e-19)
(3.37953 3.9183 -7.21733e-19)
(3.57398 4.05376 0)
(3.70837 4.19655 0)
(3.91665 4.32795 0)
(4.14224 4.40768 7.94259e-19)
(4.36881 4.46019 -1.45959e-19)
(4.5907 4.44884 7.58546e-19)
(0.0131731 3.14977 1.80907e-19)
(0.959254 3.20912 0)
(1.92093 3.5532 0)
(2.73912 3.80019 -1.61242e-18)
(3.32999 3.87882 7.86141e-19)
(3.67974 3.85307 -1.51206e-18)
(3.83976 3.88498 1.57778e-18)
(4.00851 3.88029 0)
(4.17359 3.88149 0)
(4.33151 3.86629 -5.15361e-19)
(4.48452 3.83809 -2.6164e-19)
(4.63103 3.7907 1.31292e-18)
(0.400383 3.35097 -1.40209e-18)
(1.42402 3.5088 -1.39545e-18)
(2.30346 3.72159 8.75833e-19)
(2.96695 3.7884 -1.02911e-18)
(3.38693 3.75876 2.99729e-18)
(3.64211 3.70824 -2.63582e-18)
(3.78372 3.64879 -1.66352e-18)
(3.91152 3.61811 -3.84531e-18)
(4.02706 3.59035 3.37194e-20)
(4.13557 3.56366 1.83381e-18)
(4.23876 3.53557 1.92154e-18)
(4.33596 3.50141 -1.50331e-18)
(0.922999 3.44446 0)
(1.78412 3.64889 5.80606e-19)
(2.52067 3.70884 -1.25445e-18)
(3.04064 3.6706 2.12162e-18)
(3.35684 3.58055 2.75138e-19)
(3.54336 3.48952 1.59367e-18)
(3.66536 3.41195 1.37794e-18)
(3.77424 3.35117 1.1768e-18)
(3.86923 3.299 -2.33202e-18)
(3.95427 3.2558 2.11229e-18)
(4.03006 3.21897 -2.711e-18)
(4.09613 3.18559 3.75499e-18)
(1.22281 3.53359 -1.17454e-18)
(1.96251 3.74459 7.24155e-19)
(2.55535 3.67383 2.48273e-18)
(2.99503 3.55841 0)
(3.25381 3.4155 -4.26014e-18)
(3.41251 3.2871 4.19495e-18)
(3.5241 3.18136 0)
(3.61732 3.0956 -2.93895e-18)
(3.69454 3.02619 2.62653e-18)
(3.75836 2.97248 0)
(3.80936 2.93193 1.9449e-19)
(3.84784 2.90263 2.27538e-18)
(1.35551 3.65159 0)
(1.99942 3.8327 -1.90324e-18)
(2.50485 3.66782 1.53471e-18)
(2.87243 3.47908 0)
(3.10085 3.27881 -2.57822e-18)
(3.24964 3.10752 4.26659e-19)
(3.35672 2.96879 3.7008e-18)
(3.44048 2.85854 3.2207e-18)
(3.50443 2.77277 -2.9038e-18)
(3.55072 2.70911 2.78274e-18)
(3.58041 2.66459 -2.42811e-18)
(3.59421 2.63751 -6.66087e-18)
(1.34 3.79024 0)
(1.93538 3.95224 1.89902e-18)
(2.37178 3.6858 -2.979e-18)
(2.68853 3.42778 3.42109e-18)
(2.90806 3.1704 0)
(3.06116 2.95279 -4.41924e-18)
(3.17147 2.77854 4.03019e-18)
(3.25201 2.64297 -3.91225e-20)
(3.30712 2.54054 -6.37288e-18)
(3.33927 2.467 -2.86842e-18)
(3.35056 2.41864 -1.21178e-19)
(3.34337 2.39301 5.09537e-18)
(1.24397 3.97258 0)
(1.78753 4.10523 -2.6898e-18)
(2.1553 3.75144 -4.58667e-18)
(2.45864 3.4148 -3.40671e-18)
(2.68677 3.0972 6.30621e-18)
(2.85497 2.82977 0)
(2.97629 2.61682 0)
(3.05982 2.45385 0)
(3.11023 2.33374 0)
(3.13133 2.25009 3.08758e-18)
(3.12691 2.1976 -2.97713e-18)
(3.10083 2.17268 2.81528e-18)
(1.06477 4.19546 0)
(1.60561 4.33586 3.0169e-18)
(1.89446 3.87454 -5.44923e-19)
(2.19415 3.44461 4.26298e-18)
(2.44299 3.06268 3.80954e-18)
(2.63627 2.74236 -5.7982e-18)
(2.77707 2.48897 0)
(2.86994 2.29717 -1.79447e-19)
(2.92044 2.15838 -1.20358e-17)
(2.93397 2.06411 0)
(2.91649 2.00679 6.95921e-18)
(2.87395 1.98144 -3.10806e-18)
(1.10072 4.50203 0)
(1.29285 4.49391 3.65064e-18)
(1.53704 3.96118 9.851e-18)
(1.87955 3.45631 -8.25209e-18)
(2.17112 3.03282 -1.05024e-17)
(2.40506 2.67652 1.54192e-17)
(2.57589 2.39143 -1.81867e-19)
(2.68653 2.17406 -5.31738e-18)
(2.74307 2.01785 4.0557e-18)
(2.75305 1.91342 -8.30331e-18)
(2.72535 1.85105 -1.10307e-17)
(2.66844 1.82452 1.09978e-17)
(0.394129 3.85797 -1.75542e-18)
(0.80339 3.91649 -1.20366e-17)
(1.11668 3.52232 2.37406e-18)
(1.50704 3.15682 0)
(1.87075 2.85249 0)
(2.16212 2.55399 3.0297e-19)
(2.37313 2.2875 1.80007e-17)
(2.50955 2.06937 1.06625e-17)
(2.57971 1.90664 0)
(2.59129 1.79675 8.88053e-18)
(2.55677 1.73104 0)
(2.48773 1.70387 5.15989e-19)
(5.77274 4.10466 4.12401e-18)
(6.02842 3.92267 -2.05072e-18)
(6.19363 3.67711 1.11099e-18)
(6.25108 3.39052 -1.49858e-19)
(6.20991 3.06099 7.13427e-20)
(6.04502 2.7189 0)
(5.75328 2.36918 0)
(5.32991 2.03718 9.16752e-19)
(4.77097 1.72794 -1.08559e-18)
(4.02614 1.4183 0)
(3.23253 1.03618 0)
(2.82278 0.233273 2.73068e-20)
(4.80603 4.38686 -2.72594e-19)
(4.99815 4.27358 0)
(5.16353 4.11004 -8.87652e-19)
(5.28415 3.90251 -3.67509e-19)
(5.33135 3.6769 -7.46449e-20)
(5.29784 3.4442 1.58644e-18)
(5.17502 3.21709 -2.80252e-18)
(4.96127 3.01502 5.28598e-19)
(4.65757 2.8583 0)
(4.15491 2.74131 0)
(3.60642 2.63571 0)
(3.45209 2.35236 7.48198e-19)
(4.76647 3.72321 5.28891e-19)
(4.87817 3.63881 -1.4592e-18)
(4.9554 3.54279 3.47688e-19)
(4.98845 3.44328 1.18449e-18)
(4.96993 3.3459 -1.23438e-18)
(4.89603 3.26017 0)
(4.76338 3.1953 0)
(4.57346 3.16387 -5.17308e-20)
(4.33277 3.17909 8.62991e-19)
(3.96995 3.24329 0)
(3.55334 3.30964 0)
(3.51657 3.27329 -4.28123e-19)
(4.42152 3.45928 2.42135e-19)
(4.48752 3.41057 1.88076e-18)
(4.52696 3.35895 1.41266e-18)
(4.53419 3.31153 -1.43073e-18)
(4.50589 3.27661 0)
(4.44083 3.26135 9.63165e-19)
(4.33957 3.27354 0)
(4.20496 3.32296 1.90888e-18)
(4.04537 3.42127 -6.98452e-19)
(3.84267 3.5774 0)
(3.50936 3.79743 -3.23997e-19)
(3.68415 4.07692 3.73936e-19)
(4.14861 3.15496 -1.40123e-18)
(4.18086 3.13019 0)
(4.19115 3.11393 0)
(4.17906 3.10764 0)
(4.14326 3.1222 0)
(4.08532 3.16096 -1.79496e-18)
(4.00848 3.22884 -6.22641e-20)
(3.91735 3.33263 -9.82635e-19)
(3.81928 3.48372 0)
(3.72244 3.69738 -7.38486e-19)
(3.48525 3.99288 2.92993e-19)
(3.79936 4.42626 -1.05852e-19)
(3.86967 2.88584 -1.48089e-19)
(3.87592 2.87976 -3.57383e-18)
(3.86678 2.88829 1.81595e-18)
(3.84233 2.91612 3.06464e-21)
(3.80375 2.9665 1.36084e-19)
(3.75501 3.04274 2.82264e-18)
(3.70168 3.14692 -4.55307e-20)
(3.65207 3.28281 -3.36789e-18)
(3.6156 3.46049 -1.39946e-18)
(3.60223 3.69968 6.47432e-19)
(3.49844 4.04444 -9.25464e-19)
(3.93189 4.63099 -2.25117e-19)
(3.59279 2.62809 6.35023e-18)
(3.57818 2.63695 2.05376e-18)
(3.55212 2.66507 0)
(3.51665 2.71519 0)
(3.47497 2.79023 1.39113e-19)
(3.43259 2.89113 -2.09091e-18)
(3.39788 3.01639 3.43856e-18)
(3.38369 3.16568 -6.55544e-20)
(3.40211 3.34554 1.23236e-18)
(3.47172 3.57491 0)
(3.51173 3.91898 -1.78807e-19)
(3.98773 4.56755 -8.85855e-20)
(3.32084 2.38929 -2.45619e-18)
(3.28629 2.40738 -2.21631e-18)
(3.24292 2.44789 2.41446e-18)
(3.19433 2.51282 -2.28193e-18)
(3.14516 2.60384 -1.22026e-20)
(3.10239 2.71944 4.79066e-18)
(3.07809 2.85376 -2.28307e-18)
(3.09178 3.00132 1.35724e-18)
(3.16041 3.16493 0)
(3.31308 3.36219 8.79623e-19)
(3.47967 3.66694 3.83389e-19)
(4.03883 4.27869 -6.23313e-19)
(3.05929 2.17273 2.63086e-18)
(3.00406 2.19648 -2.64899e-18)
(2.94101 2.24448 -2.45873e-18)
(2.87454 2.31774 -5.23706e-18)
(2.80982 2.41717 5.18198e-18)
(2.75523 2.53853 -5.12262e-18)
(2.72771 2.67017 0)
(2.75666 2.80027 -1.33597e-18)
(2.86348 2.92681 0)
(3.09109 3.06183 0)
(3.38868 3.28516 0)
(3.98907 3.82372 3.07721e-19)
(2.81301 1.98408 3.04041e-18)
(2.7363 2.01184 -6.1273e-18)
(2.65022 2.06397 6.01373e-18)
(2.55876 2.14095 5.8646e-18)
(2.46683 2.24316 2.90842e-18)
(2.38464 2.36317 0)
(2.33657 2.48132 0)
(2.36586 2.57991 3.28495e-18)
(2.49435 2.65075 0)
(2.78565 2.69531 -1.03686e-18)
(3.18997 2.77733 5.95989e-19)
(3.8588 3.04494 -9.74168e-19)
(2.58798 1.82917 -7.08405e-18)
(2.48839 1.8597 6.397e-18)
(2.3734 1.91404 -6.28457e-18)
(2.24618 1.99166 -1.62283e-17)
(2.11116 2.09271 -1.89299e-19)
(1.98223 2.20575 1.27589e-19)
(1.89676 2.30135 -3.53414e-18)
(1.91405 2.35838 -3.30445e-18)
(2.04256 2.35809 0)
(2.37044 2.28724 3.14441e-18)
(2.84907 2.14834 8.87119e-19)
(3.57468 1.87895 -1.41609e-18)
(2.38833 1.71072 -5.14905e-19)
(2.26112 1.74326 0)
(2.10618 1.79797 0)
(1.9262 1.87348 3.44047e-18)
(1.72711 1.97043 1.06619e-17)
(1.53358 2.07284 -3.48177e-18)
(1.40525 2.14115 -1.68721e-19)
(1.40719 2.14932 -1.69947e-18)
(1.51669 2.08185 -1.63346e-18)
(1.82557 1.88563 -1.93385e-18)
(2.34594 1.47379 0)
(2.91995 0.172044 1.87131e-18)
(2.29046 0.303285 2.6236e-22)
(1.86958 0.23036 0)
(1.68452 0.120986 -2.5488e-19)
(1.8506 -0.107029 0)
(1.89516 -1.08013 -8.12237e-19)
(2.05168 -2.50033 4.60603e-19)
(2.97086 -3.20328 0)
(3.42822 -3.59144 1.79202e-18)
(3.87571 -4.09117 -3.3361e-18)
(4.10324 -4.52799 2.57884e-18)
(4.21278 -5.01385 -1.6968e-19)
(4.20394 -5.41013 -1.21605e-19)
(2.80749 0.654121 -1.82129e-19)
(2.53503 0.0226777 -8.08283e-20)
(2.78435 -1.0111 1.79267e-19)
(3.36568 -2.02645 0)
(3.72608 -2.84357 -4.10138e-19)
(3.91624 -3.37302 3.62651e-19)
(4.05127 -3.56539 0)
(4.19401 -3.70053 7.40057e-19)
(4.32452 -3.90812 -1.65419e-18)
(4.40362 -4.13407 8.99952e-19)
(4.45509 -4.36029 -2.70427e-19)
(4.44313 -4.58225 -1.58909e-18)
(3.14624 -0.0171699 -1.81248e-19)
(3.20694 -0.964282 0)
(3.55126 -1.92466 -8.29354e-19)
(3.79804 -2.73991 0)
(3.87544 -3.32708 0)
(3.85049 -3.67324 -7.00452e-19)
(3.88253 -3.83165 3.19484e-18)
(3.87794 -3.99998 -2.30488e-18)
(3.87895 -4.16457 6.13944e-19)
(3.86356 -4.32257 0)
(3.83498 -4.47562 1.18369e-18)
(3.78721 -4.62246 -6.77685e-19)
(3.34957 -0.404568 8.02759e-19)
(3.50772 -1.42817 7.22496e-19)
(3.72003 -2.30571 6.91255e-19)
(3.78648 -2.96585 1.63701e-18)
(3.75656 -3.38276 -1.45855e-18)
(3.70645 -3.63553 -1.00186e-18)
(3.64761 -3.77605 0)
(3.61729 -3.9036 0)
(3.58953 -4.0191 1.20817e-18)
(3.56266 -4.12785 0)
(3.53414 -4.23136 3.24843e-19)
(3.49938 -4.32905 5.56846e-19)
(3.44386 -0.925965 6.73115e-19)
(3.64839 -1.78729 -4.732e-19)
(3.70788 -2.52197 -1.25053e-18)
(3.66963 -3.03879 0)
(3.57987 -3.35241 0)
(3.48947 -3.53735 2.02267e-18)
(3.41251 -3.65879 0)
(3.3521 -3.76751 -2.67063e-18)
(3.30008 -3.86256 -9.93774e-19)
(3.25673 -3.94788 2.10573e-18)
(3.21949 -4.02407 -2.70623e-18)
(3.18544 -4.09062 1.78827e-18)
(3.53317 -1.22521 -6.07878e-19)
(3.74438 -1.96522 -6.77769e-19)
(3.67342 -2.55614 1.11433e-18)
(3.55834 -2.99313 1.64926e-19)
(3.41611 -3.24988 2.16707e-18)
(3.28855 -3.40751 -4.0117e-18)
(3.18353 -3.51872 3.39427e-18)
(3.09829 -3.61186 2.38592e-19)
(3.02915 -3.68922 0)
(2.97541 -3.75337 0)
(2.93451 -3.80485 4.4663e-18)
(2.90454 -3.84394 -4.12796e-20)
(3.65134 -1.35766 -7.83452e-20)
(3.83245 -2.00191 -1.07242e-18)
(3.66754 -2.50565 0)
(3.47951 -2.87093 -2.50877e-18)
(3.28025 -3.09774 2.73101e-18)
(3.11004 -3.24578 6.6398e-18)
(2.97224 -3.3526 3.93883e-18)
(2.86272 -3.43636 4.35416e-19)
(2.77741 -3.50052 -5.90568e-18)
(2.71387 -3.54722 2.63542e-18)
(2.66912 -3.57754 2.70797e-18)
(2.64141 -3.59221 1.14066e-19)
(3.78982 -1.34219 9.54299e-20)
(3.95173 -1.93778 1.89178e-18)
(3.68545 -2.37273 0)
(3.42831 -2.68767 -3.41298e-18)
(3.17219 -2.90598 -2.60214e-18)
(2.9559 -3.05851 2.9294e-19)
(2.78283 -3.16863 -7.81364e-18)
(2.64821 -3.24922 1.79589e-19)
(2.54643 -3.30459 -2.02267e-19)
(2.47319 -3.33723 3.04966e-18)
(2.42474 -3.34926 -2.38357e-18)
(2.39855 -3.34302 1.70381e-19)
(3.97238 -1.24564 -2.93977e-18)
(4.10445 -1.78972 1.09668e-18)
(3.75065 -2.15654 -6.66536e-18)
(3.41496 -2.45854 3.39393e-18)
(3.09878 -2.68576 0)
(2.83289 -2.85349 0)
(2.62137 -2.97466 4.59949e-18)
(2.4596 -3.05824 7.93111e-18)
(2.34037 -3.10892 -3.54483e-18)
(2.2572 -3.13053 -3.07822e-18)
(2.20477 -3.12692 -2.86653e-18)
(2.17936 -3.10178 0)
(4.1942 -1.06575 6.10974e-21)
(4.33418 -1.60732 4.52931e-18)
(3.87298 -1.8959 9.82936e-18)
(3.44409 -2.19484 0)
(3.06361 -2.44304 6.78005e-18)
(2.74497 -2.63592 0)
(2.49322 -2.77653 1.61902e-19)
(2.30285 -2.86941 -4.20999e-18)
(2.16516 -2.92013 4.13328e-18)
(2.07158 -2.93416 0)
(2.01448 -2.91746 0)
(1.98881 -2.87584 -6.50277e-18)
(4.50199 -1.09937 -6.32773e-18)
(4.4936 -1.29421 3.6495e-18)
(3.9604 -1.53913 4.76062e-19)
(3.45587 -1.88116 -8.91591e-18)
(3.03341 -2.17229 -3.33416e-18)
(2.67855 -2.40586 -3.09416e-18)
(2.39505 -2.57639 -5.55434e-18)
(2.17921 -2.6869 -1.46787e-17)
(2.02428 -2.74354 -4.04457e-18)
(1.9207 -2.75392 -8.28296e-18)
(1.85872 -2.7269 7.77776e-18)
(1.83204 -2.67087 6.88277e-18)
(3.86049 -0.394699 3.33467e-18)
(3.91941 -0.805053 -1.42572e-18)
(3.52459 -1.11871 3.0218e-19)
(3.15862 -1.50933 7.85548e-18)
(2.85434 -1.8729 0)
(2.55637 -2.16393 -6.70913e-18)
(2.29079 -2.37455 5.8158e-18)
(2.0739 -2.5107 4.90283e-18)
(1.91239 -2.58077 -1.5115e-17)
(1.80342 -2.59257 8.86245e-18)
(1.73822 -2.55858 -8.29169e-18)
(1.71107 -2.49028 0)
(4.09889 -5.76273 -2.0919e-18)
(3.91672 -6.01824 5.29593e-18)
(3.67086 -6.18303 -2.05356e-18)
(3.38442 -6.24097 -2.20298e-18)
(3.05539 -6.20006 1.80632e-18)
(2.71381 -6.03618 -1.7842e-19)
(2.36496 -5.74535 4.12089e-20)
(2.03364 -5.3233 4.82673e-20)
(1.72521 -4.76566 -1.08635e-18)
(1.41607 -4.02223 0)
(1.03431 -3.23053 0)
(0.231032 -2.82147 2.70755e-20)
(4.38055 -4.79742 3.85333e-20)
(4.26697 -4.9896 4.35745e-19)
(4.10324 -5.15511 -8.87709e-19)
(3.89569 -5.27604 0)
(3.67016 -5.32375 5.13747e-19)
(3.43771 -5.29091 0)
(3.21099 -5.16886 7.83374e-19)
(3.00941 -4.95604 1.99013e-18)
(2.85327 -4.65333 -1.66729e-18)
(2.73678 -4.15166 0)
(2.63143 -3.60471 0)
(2.34786 -3.45137 4.50943e-20)
(3.7192 -4.75823 2.0911e-19)
(3.63422 -4.8704 -2.0543e-19)
(3.53764 -4.94822 3.50846e-19)
(3.43758 -4.98195 0)
(3.33978 -4.96412 -5.69262e-19)
(3.25382 -4.89092 1.88506e-18)
(3.18891 -4.75898 -2.68602e-18)
(3.1576 -4.56982 -3.68594e-18)
(3.17307 -4.32992 2.49053e-18)
(3.23762 -3.96786 0)
(3.30395 -3.55224 4.95677e-19)
(3.2679 -3.51616 1.55977e-19)
(3.45647 -4.41516 5.20085e-19)
(3.407 -4.48175 -1.30934e-18)
(3.35464 -4.52183 1.41635e-18)
(3.30646 -4.52973 -1.43539e-18)
(3.2708 -4.50209 0)
(3.25501 -4.43764 9.65929e-19)
(3.26692 -4.33698 8.98028e-19)
(3.31624 -4.20297 6.42855e-19)
(3.41458 -4.04392 -1.36645e-18)
(3.57091 -3.84169 0)
(3.79113 -3.50883 -2.79098e-19)
(4.07039 -3.68416 3.87886e-19)
(3.154 -4.14364 1.6109e-18)
(3.12807 -4.17677 -8.13027e-19)
(3.1108 -4.1878 0)
(3.10363 -4.1765 0)
(3.1172 -4.14138 9.21275e-19)
(3.15513 -4.08404 -8.27986e-19)
(3.22246 -4.00771 -1.34469e-19)
(3.32593 -3.91699 0)
(3.47692 -3.8192 -6.23648e-19)
(3.69062 -3.72255 7.40902e-19)
(3.98651 -3.48528 -6.08543e-19)
(4.4198 -3.79983 -1.31978e-19)
(2.88673 -3.86677 -3.41181e-18)
(2.87968 -3.87382 1.72834e-18)
(2.88685 -3.86554 3.77425e-18)
(2.91337 -3.84186 3.03104e-21)
(2.9625 -3.80393 -4.69013e-18)
(3.03766 -3.75571 -2.05267e-18)
(3.14103 -3.70274 -1.37096e-19)
(3.27643 -3.65329 0)
(3.45394 -3.61682 0)
(3.69321 -3.60326 -6.4899e-19)
(4.03819 -3.49897 -5.35988e-19)
(4.6249 -3.93266 9.44947e-20)
(2.63098 -3.59178 2.14234e-18)
(2.63859 -3.57811 -4.32509e-18)
(2.66527 -3.55295 -1.90894e-18)
(2.7139 -3.51821 -1.20313e-19)
(2.78746 -3.47712 1.93424e-18)
(2.88703 -3.43514 1.99776e-18)
(3.01127 -3.40062 1.18565e-18)
(3.15993 -3.38638 1.18424e-18)
(3.33955 -3.40455 -1.32036e-18)
(3.56903 -3.47372 0)
(3.91335 -3.51314 7.44939e-19)
(4.56219 -3.98871 -2.81494e-19)
(2.39385 -3.32153 0)
(2.41064 -3.28798 2.21492e-18)
(2.44965 -3.24551 0)
(2.51296 -3.19764 -1.24067e-19)
(2.60234 -3.14898 -1.19675e-20)
(2.71641 -3.10649 4.79591e-18)
(2.84955 -3.08224 -4.84588e-18)
(2.99636 -3.09568 0)
(3.1597 -3.16384 -1.51669e-18)
(3.35707 -3.31579 8.8105e-19)
(3.66221 -3.48148 -1.45783e-18)
(4.27499 -4.04011 7.47566e-19)
(2.17858 -3.06131 2.62443e-18)
(2.20105 -3.00715 -2.64454e-18)
(2.24753 -2.94498 -2.68991e-18)
(2.31914 -2.87918 2.67353e-18)
(2.41683 -2.81489 2.60128e-18)
(2.53656 -2.76049 -7.87856e-18)
(2.66688 -2.73291 2.57927e-18)
(2.79618 -2.76147 0)
(2.92242 -2.86763 1.43357e-18)
(3.05765 -3.09435 0)
(3.28144 -3.39095 1.96276e-18)
(3.82106 -3.99028 -1.5451e-18)
(1.9907 -2.816 0)
(2.01728 -2.74029 -6.12153e-18)
(2.06795 -2.65505 -3.23424e-18)
(2.1433 -2.5642 -5.64848e-18)
(2.24378 -2.47262 2.90995e-18)
(2.36208 -2.39059 2.85115e-18)
(2.47887 -2.34239 0)
(2.57667 -2.3712 0)
(2.64723 -2.49894 0)
(2.69202 -2.78924 0)
(2.77469 -3.19252 -5.71841e-19)
(3.04428 -3.86033 -7.00756e-20)
(1.83607 -2.59141 3.38572e-18)
(1.86555 -2.49275 3.04354e-18)
(1.91854 -2.37851 1.30336e-17)
(1.99462 -2.25181 3.47189e-18)
(2.09399 -2.11707 1.3366e-17)
(2.20531 -1.98833 -3.32921e-18)
(2.29957 -1.90274 -3.53758e-18)
(2.35588 -1.91954 0)
(2.35533 -2.04722 -3.61028e-18)
(2.28479 -2.3741 -2.05517e-18)
(2.14682 -2.85191 -1.61245e-18)
(1.87998 -3.57599 -9.26061e-26)
(1.71745 -2.39175 0)
(1.74908 -2.26531 0)
(1.80256 -2.11099 -1.47914e-17)
(1.87665 -1.93142 -1.07753e-17)
(1.972 -1.73259 -3.39844e-18)
(2.07276 -1.53934 0)
(2.13977 -1.41088 3.50992e-18)
(2.14732 -1.41229 0)
(2.0797 -1.52113 -1.02387e-19)
(1.88388 -1.82915 1.93616e-18)
(1.47325 -2.34893 5.38815e-19)
(0.174451 -2.92176 3.71875e-18)
(0.304321 -2.29026 5.9354e-20)
(0.231407 -1.86913 3.84585e-19)
(0.122002 -1.68389 -5.52946e-19)
(-0.106262 -1.85009 1.74725e-19)
(-1.08082 -1.89489 0)
(-2.50274 -2.05273 2.70511e-19)
(-3.20675 -2.97332 0)
(-3.59571 -3.4318 6.00059e-20)
(-4.0963 -3.8803 2.66769e-18)
(-4.53388 -4.10849 -1.39879e-18)
(-5.02041 -4.21856 -3.35764e-18)
(-5.41721 -4.20996 2.05667e-18)
(0.655008 -2.80735 4.69357e-19)
(0.023354 -2.53472 -3.78836e-19)
(-1.01137 -2.78418 2.29259e-19)
(-2.02824 -3.36633 -6.21857e-20)
(-2.84696 -3.72741 -4.10668e-19)
(-3.37763 -3.91824 -9.89124e-20)
(-3.5704 -4.05376 -7.9888e-19)
(-3.70571 -4.19718 -1.27792e-18)
(-3.9135 -4.3283 2.26267e-18)
(-4.13963 -4.40798 -3.94127e-19)
(-4.36602 -4.45988 8.58237e-19)
(-4.58812 -4.44822 6.58064e-19)
(-0.0163332 -3.14672 -3.62916e-19)
(-0.964664 -3.20707 0)
(-1.92656 -3.55188 0)
(-2.74348 -3.79917 -6.42259e-19)
(-3.33197 -3.87687 0)
(-3.67863 -3.85216 -8.10394e-19)
(-3.83717 -3.88465 6.96449e-19)
(-4.00567 -3.88037 1.54672e-18)
(-4.17034 -3.88177 -1.0104e-18)
(-4.32835 -3.86678 -9.65015e-19)
(-4.48137 -3.83858 -1.44044e-18)
(-4.62814 -3.79116 1.30931e-18)
(-0.404131 -3.35003 -1.60851e-18)
(-1.42916 -3.50806 -7.23038e-19)
(-2.30829 -3.72068 1.08529e-18)
(-2.96995 -3.78727 6.08898e-19)
(-3.38781 -3.75738 0)
(-3.64098 -3.70736 -2.90365e-18)
(-3.78163 -3.64863 2.83742e-18)
(-3.90923 -3.61862 0)
(-4.02465 -3.59122 1.68089e-18)
(-4.13327 -3.56478 -2.53797e-18)
(-4.23659 -3.53673 1.59019e-18)
(-4.33406 -3.50244 2.35806e-19)
(-0.926034 -3.44438 1.00379e-18)
(-1.78863 -3.64863 1.33739e-18)
(-2.5248 -3.70815 2.92076e-19)
(-3.04294 -3.66973 0)
(-3.35733 -3.57981 -1.97343e-18)
(-3.54256 -3.48936 3.37765e-18)
(-3.66406 -3.41246 0)
(-3.77275 -3.35226 -1.48465e-18)
(-3.86766 -3.30055 -1.29899e-18)
(-3.95277 -3.25764 2.10313e-18)
(-4.02869 -3.2209 0)
(-4.09494 -3.18742 -1.53169e-18)
(-1.2249 -3.53382 5.635e-19)
(-1.9664 -3.7441 2.65625e-19)
(-2.55878 -3.67298 -1.11466e-18)
(-2.997 -3.55765 -4.99593e-18)
(-3.2544 -3.41512 -7.94867e-20)
(-3.41225 -3.28738 4.17401e-18)
(-3.5235 -3.18234 0)
(-3.61654 -3.09721 4.51353e-18)
(-3.69371 -3.02833 -2.58045e-18)
(-3.75757 -2.975 2.36437e-18)
(-3.8087 -2.93461 1.93519e-19)
(-3.84736 -2.90528 4.16441e-20)
(-1.36195 -3.64574 -7.19781e-19)
(-2.00393 -3.8321 -7.67651e-19)
(-2.5082 -3.66673 0)
(-2.87436 -3.47821 5.29045e-18)
(-3.1017 -3.27846 -7.79594e-18)
(-3.24993 -3.10791 -1.44209e-19)
(-3.35673 -2.96995 -7.62048e-18)
(-3.44036 -2.86044 2.10895e-19)
(-3.50426 -2.77531 -2.89051e-18)
(-3.55059 -2.71212 -2.77094e-18)
(-3.58041 -2.66786 2.70182e-18)
(-3.59445 -2.64081 -2.2909e-18)
(-1.33462 -3.7992 -2.72349e-20)
(-1.93745 -3.95097 -9.68436e-19)
(-2.37451 -3.68458 0)
(-2.69045 -3.42652 3.41159e-18)
(-2.90926 -3.16973 2.45523e-18)
(-3.06196 -2.95294 2.07015e-18)
(-3.17205 -2.77958 -2.236e-19)
(-3.25247 -2.64486 3.89382e-20)
(-3.30751 -2.54318 -3.28223e-18)
(-3.33967 -2.47022 -2.49073e-19)
(-3.35108 -2.42222 1.79805e-19)
(-3.3441 -2.3967 0)
(-1.25496 -3.96361 1.44494e-18)
(-1.79101 -4.10349 0)
(-2.15801 -3.74907 0)
(-2.46066 -3.41281 -3.39357e-18)
(-2.68831 -3.09584 2.83089e-18)
(-2.85621 -2.82931 -5.31944e-18)
(-2.97736 -2.61735 0)
(-3.06073 -2.45538 3.86717e-18)
(-3.11103 -2.33615 -1.91133e-19)
(-3.13209 -2.2532 3.07506e-18)
(-3.12773 -2.20118 -3.12276e-18)
(-3.10183 -2.17648 5.78395e-18)
(-1.06068 -4.19803 4.64933e-18)
(-1.60738 -4.33348 -1.51664e-18)
(-1.89657 -3.87196 -5.17877e-18)
(-2.19619 -3.44182 -8.18328e-18)
(-2.44483 -3.06038 0)
(-2.63793 -2.74096 5.34213e-18)
(-2.77854 -2.48866 -9.85252e-18)
(-2.8712 -2.29799 4.16073e-18)
(-2.92149 -2.16022 4.12884e-18)
(-2.9349 -2.06679 0)
(-2.91738 -2.01004 -3.7174e-18)
(-2.87497 -1.98505 -6.00163e-18)
(-1.09881 -4.50299 -6.386e-18)
(-1.29358 -4.49257 1.63526e-18)
(-1.53906 -3.9589 4.68187e-18)
(-1.88168 -3.45333 3.9341e-18)
(-2.17332 -3.02993 1.62703e-20)
(-2.40718 -2.67427 -9.35374e-18)
(-2.57776 -2.39016 1.06674e-17)
(-2.68807 -2.17396 1.93198e-17)
(-2.74426 -2.01889 -1.28153e-17)
(-2.75398 -1.91539 -8.27215e-18)
(-2.72613 -1.8537 7.26411e-18)
(-2.6692 -1.82762 0)
(-0.393598 -3.86007 5.22593e-18)
(-0.80386 -3.91793 1.82909e-18)
(-1.1181 -3.52246 2.07339e-18)
(-1.5093 -3.15574 8.30295e-18)
(-1.87337 -2.85063 0)
(-2.16466 -2.55184 6.39353e-18)
(-2.37538 -2.28571 -1.21599e-17)
(-2.51138 -2.06846 -5.20379e-18)
(-2.581 -1.90681 -4.97109e-18)
(-2.59209 -1.79787 8.84723e-18)
(-2.55727 -1.73291 4.55224e-18)
(-2.48806 -1.70627 1.24207e-17)
(-5.77013 -4.10501 7.06533e-19)
(-6.0258 -3.92271 9.14069e-20)
(-6.19055 -3.67656 1.61529e-18)
(-6.24828 -3.38968 -4.42549e-18)
(-6.20689 -3.06006 1.74139e-18)
(-6.04235 -2.71781 0)
(-5.75073 -2.36823 -3.40274e-19)
(-5.32776 -2.03619 2.17198e-19)
(-4.76921 -1.72712 0)
(-4.02491 -1.41749 3.58123e-20)
(-3.23192 -1.03545 0)
(-2.82247 -0.232806 -3.80475e-19)
(-4.8034 -4.38581 -8.92016e-19)
(-4.99563 -4.27227 1.34325e-18)
(-5.16106 -4.10849 5.94017e-19)
(-5.28169 -3.90089 -1.44337e-19)
(-5.329 -3.67522 0)
(-5.29568 -3.44253 0)
(-5.17309 -3.21549 1.09478e-18)
(-4.95965 -3.01347 -1.21961e-18)
(-4.65622 -2.8568 0)
(-4.154 -2.73988 6.28153e-19)
(-3.60589 -2.63439 -7.03782e-20)
(-3.45172 -2.35111 -1.16601e-18)
(-4.76377 -3.72346 6.33036e-19)
(-4.8757 -3.63877 -9.35115e-19)
(-4.9532 -3.54245 0)
(-4.98653 -3.44258 -1.15418e-18)
(-4.96828 -3.34489 -1.47106e-18)
(-4.89464 -3.25891 3.45836e-18)
(-4.76222 -3.19387 -3.36179e-18)
(-4.57254 -3.16229 0)
(-4.33202 -3.1774 0)
(-3.96942 -3.24158 0)
(-3.55304 -3.308 -5.64993e-19)
(-3.51631 -3.27171 1.1624e-19)
(-4.4199 -3.46 -5.17654e-19)
(-4.48615 -3.41096 -2.87433e-19)
(-4.52581 -3.35899 0)
(-4.53326 -3.31119 -2.46407e-19)
(-4.50514 -3.27585 0)
(-4.44021 -3.26023 0)
(-4.33907 -3.27217 9.3934e-19)
(-4.20458 -3.32139 -1.26465e-18)
(-4.04504 -3.41955 1.4009e-18)
(-3.84238 -3.57561 0)
(-3.50923 -3.79567 -3.24329e-19)
(-3.68398 -4.07503 -3.74528e-19)
(-4.14761 -3.15655 3.38914e-18)
(-4.18018 -3.13134 -8.04353e-19)
(-4.19072 -3.11463 1.44817e-18)
(-4.17884 -3.10794 7.46269e-19)
(-4.14319 -3.122 -2.58863e-18)
(-4.08533 -3.16031 0)
(-4.00855 -3.22782 -1.05607e-18)
(-3.91742 -3.33131 0)
(-3.81932 -3.48216 0)
(-3.72241 -3.69565 7.39196e-19)
(-3.48529 -3.99115 6.0821e-20)
(-3.79931 -4.42435 4.2006e-19)
(-3.86952 -2.88823 -1.50493e-18)
(-3.87603 -2.88182 -1.16671e-19)
(-3.86712 -2.8898 0)
(-3.84282 -2.91707 0)
(-3.80434 -2.96689 -2.98686e-18)
(-3.75561 -3.04258 1.90381e-18)
(-3.70224 -3.14628 2.04247e-18)
(-3.65252 -3.28179 1.11937e-18)
(-3.61594 -3.45919 -2.6984e-18)
(-3.60243 -3.69815 -6.47917e-19)
(-3.49858 -4.04277 0)
(-3.9319 -4.62914 3.56577e-19)
(-3.59331 -2.63118 -4.4296e-18)
(-3.57896 -2.63966 1.83389e-18)
(-3.55309 -2.66727 2.03524e-18)
(-3.51772 -2.71681 1.1388e-19)
(-3.47606 -2.79124 -2.50929e-19)
(-3.43362 -2.89152 -2.2243e-18)
(-3.39877 -3.01623 -3.35992e-18)
(-3.3844 -3.16506 -1.25736e-18)
(-3.40264 -3.34455 1.23243e-18)
(-3.47207 -3.57363 0)
(-3.51196 -3.91751 1.28881e-18)
(-3.9878 -4.56585 -3.45625e-19)
(-3.32182 -2.39284 4.68346e-18)
(-3.28749 -2.41061 -2.61314e-18)
(-3.24426 -2.45065 -2.40909e-18)
(-3.19571 -2.515 -4.43238e-18)
(-3.14649 -2.6054 4.4633e-18)
(-3.10357 -2.72035 -1.52295e-19)
(-3.07907 -2.85406 7.23356e-18)
(-3.09254 -3.00109 1.19884e-18)
(-3.16094 -3.16426 1.51422e-18)
(-3.31342 -3.36116 0)
(-3.47988 -3.66565 -8.91675e-19)
(-4.03892 -4.27728 -4.28107e-19)
(-3.06046 -2.17648 0)
(-3.00539 -2.19999 2.49322e-18)
(-2.94241 -2.24758 2.45376e-18)
(-2.87591 -2.32032 -2.55977e-18)
(-2.81105 -2.41914 -1.11195e-19)
(-2.75623 -2.53985 -2.74649e-18)
(-2.72849 -2.67083 -2.57536e-18)
(-2.75722 -2.80036 0)
(-2.86383 -2.92642 -1.43149e-18)
(-3.0913 -3.06099 -9.5821e-19)
(-3.38879 -3.28402 3.13935e-18)
(-3.98912 -3.82233 -7.11102e-19)
(-2.81411 -1.98776 0)
(-2.73746 -2.01538 0)
(-2.65134 -2.06718 0)
(-2.55975 -2.14371 -8.84953e-18)
(-2.46759 -2.24537 5.78012e-18)
(-2.38513 -2.36474 5.79389e-18)
(-2.33686 -2.4822 0)
(-2.36601 -2.58021 -3.28571e-18)
(-2.49435 -2.65053 0)
(-2.78563 -2.69457 -2.04792e-18)
(-3.18992 -2.77627 -5.71573e-19)
(-3.85881 -3.04371 -9.74588e-19)
(-2.58872 -1.8325 0)
(-2.48906 -1.86302 0)
(-2.37389 -1.91714 6.73894e-18)
(-2.24642 -1.99441 9.49557e-18)
(-2.11109 -2.09499 3.28186e-19)
(-1.98188 -2.2074 3.45201e-18)
(-1.89634 -2.30228 -1.76353e-18)
(-1.91366 -2.35874 4.97711e-18)
(-2.04211 -2.35789 3.60732e-18)
(-2.37016 -2.28648 1.90998e-18)
(-2.84889 -2.14729 -1.61148e-18)
(-3.57469 -1.87775 -1.63037e-18)
(-2.38849 -1.71349 0)
(-2.261 -1.74615 0)
(-2.10572 -1.80075 -7.13716e-18)
(-1.92536 -1.87601 3.90429e-18)
(-1.7259 -1.97258 -3.39128e-18)
(-1.53218 -2.07438 -3.48047e-18)
(-1.40403 -2.14193 3.67278e-18)
(-1.40614 -2.14956 0)
(-1.51587 -2.08153 -3.30328e-18)
(-1.82526 -1.8847 -1.96999e-18)
(-2.3458 -1.47269 2.03894e-18)
(-2.92022 -0.171085 -3.61454e-18)
(-2.28949 -0.303145 5.7077e-20)
(-1.86925 -0.229943 0)
(-1.68248 -0.121837 0)
(-1.84733 0.102678 1.07807e-18)
(-1.89677 1.06958 -1.08011e-18)
(-2.04252 2.49256 0)
(-2.96589 3.20649 0)
(-3.42468 3.59247 6.04839e-20)
(-3.87448 4.09442 3.33062e-19)
(-4.10303 4.53099 -9.46116e-19)
(-4.21378 5.01822 -3.52279e-18)
(-4.20539 5.41473 1.35102e-18)
(-2.80635 -0.655098 -6.05867e-19)
(-2.53467 -0.0279385 0)
(-2.78023 1.00459 0)
(-3.3606 2.02323 -3.6042e-19)
(-3.72498 2.84363 6.92552e-19)
(-3.91509 3.3775 -1.59571e-18)
(-4.05118 3.57138 1.16067e-18)
(-4.19387 3.70512 6.96345e-19)
(-4.32521 3.91296 1.09033e-19)
(-4.40472 4.13822 7.94181e-19)
(-4.45696 4.36444 0)
(-4.44542 4.58611 1.86037e-19)
(-3.14639 0.0118122 3.598e-19)
(-3.20496 0.959562 0)
(-3.54983 1.9222 0)
(-3.7973 2.74041 -3.89805e-19)
(-3.87642 3.32984 3.1286e-19)
(-3.85068 3.67799 -1.16143e-18)
(-3.88265 3.83715 0)
(-3.87803 4.00499 -2.2475e-18)
(-3.8792 4.1695 2.36141e-18)
(-3.86384 4.32698 -5.15793e-19)
(-3.83543 4.4797 -1.01412e-18)
(-3.78778 4.62611 1.31548e-18)
(-3.35077 0.399627 -8.07466e-19)
(-3.50749 1.42457 7.23202e-19)
(-3.72049 2.30474 0)
(-3.78711 2.96787 6.07049e-19)
(-3.75743 3.38642 -5.88907e-19)
(-3.70695 3.64034 9.98448e-19)
(-3.6476 3.781 0)
(-3.61687 3.90797 -1.41599e-18)
(-3.58901 4.02295 -2.89628e-18)
(-3.56212 4.13105 1.83118e-18)
(-3.53371 4.234 1.59582e-18)
(-3.49913 4.33117 -3.24648e-18)
(-3.44485 0.920953 5.026e-19)
(-3.64859 1.78424 -5.78132e-19)
(-3.7086 2.52175 1.25118e-18)
(-3.67017 3.04113 0)
(-3.58013 3.35603 -4.14202e-18)
(-3.48922 3.54143 3.81355e-18)
(-3.41176 3.66254 1.74783e-18)
(-3.35101 3.77074 1.17418e-18)
(-3.29876 3.86522 0)
(-3.25534 3.94993 0)
(-3.21814 4.02556 0)
(-3.18423 4.09161 -4.27603e-19)
(-3.53431 1.22071 1.21945e-18)
(-3.74472 1.96263 0)
(-3.67399 2.55624 -1.11596e-18)
(-3.55852 2.99535 2.58245e-18)
(-3.41576 3.25297 2.1728e-18)
(-3.28764 3.41064 -3.89921e-18)
(-3.18213 3.52143 1.839e-18)
(-3.09652 3.61403 -6.11914e-18)
(-3.02712 3.69082 3.33946e-20)
(-2.97327 3.75438 -1.67111e-19)
(-2.93237 3.80532 1.93969e-19)
(-2.90253 3.8439 5.79497e-18)
(-3.65199 1.35408 -2.76768e-18)
(-3.83288 1.99981 1.89887e-18)
(-3.66804 2.50577 -2.65507e-18)
(-3.47945 2.87276 -2.51041e-18)
(-3.27954 3.10015 -4.9241e-18)
(-3.1087 3.24804 -2.49648e-18)
(-2.97039 3.35438 -3.69801e-18)
(-2.86046 3.4376 6.24179e-18)
(-2.77487 3.5012 0)
(-2.71119 3.54733 5.21316e-18)
(-2.66641 3.57712 -7.21936e-18)
(-2.63879 3.59128 2.43329e-18)
(-3.79075 1.33894 -1.52169e-18)
(-3.95241 1.93596 -3.05168e-18)
(-3.68601 2.37282 4.52522e-18)
(-3.42826 2.68904 0)
(-3.17137 2.90767 -2.95825e-18)
(-2.95439 3.05996 4.41078e-18)
(-2.78076 3.1696 -2.28395e-19)
(-2.64571 3.24968 -3.83919e-20)
(-2.54361 3.30451 -3.20727e-18)
(-2.47019 3.33663 -5.80281e-18)
(-2.42169 3.34817 2.55229e-18)
(-2.39558 3.34147 -2.51843e-18)
(-3.97309 1.24322 1.79466e-18)
(-4.10528 1.78823 0)
(-3.7515 2.15646 0)
(-3.41519 2.45935 0)
(-3.09817 2.68675 2.83917e-18)
(-2.83152 2.85423 0)
(-2.61937 2.97497 -1.91235e-19)
(-2.45711 3.05807 7.81003e-18)
(-2.33752 3.10829 1.16438e-19)
(-2.25414 3.12945 3.08417e-18)
(-2.20164 3.12541 -2.97889e-18)
(-2.17628 3.09987 8.62735e-18)
(-4.19558 1.06409 6.23781e-21)
(-4.33566 1.60625 8.21295e-18)
(-3.87435 1.89571 -2.40419e-18)
(-3.44487 2.19514 0)
(-3.06351 2.4434 0)
(-2.74403 2.63605 0)
(-2.49157 2.7763 0)
(-2.30063 2.86878 4.28938e-18)
(-2.16253 2.91913 -1.5781e-17)
(-2.06869 2.9328 -7.44558e-18)
(-2.01149 2.91577 6.9605e-18)
(-1.98582 2.87384 3.59772e-18)
(-4.50294 1.09912 -6.38004e-18)
(-4.49485 1.29353 -5.14195e-18)
(-3.96191 1.53862 -2.74634e-18)
(-3.45703 1.88093 0)
(-3.03383 2.17203 0)
(-2.67819 2.40542 6.34593e-18)
(-2.39395 2.57568 -1.09497e-17)
(-2.17748 2.68592 1.95721e-17)
(-2.02206 2.74233 1.30391e-17)
(-1.91817 2.75248 7.78626e-18)
(-1.85605 2.72524 -7.28773e-18)
(-1.82936 2.66902 4.96575e-19)
(-3.86139 0.394819 -1.7581e-18)
(-3.92014 0.804738 0)
(-3.52553 1.11809 4.00488e-18)
(-3.15942 1.5086 -1.23613e-17)
(-2.85471 1.87206 1.11301e-17)
(-2.55624 2.16296 3.03953e-19)
(-2.29012 2.37344 5.81832e-18)
(-2.07268 2.50943 -5.22139e-18)
(-1.91067 2.57943 -2.4789e-17)
(-1.80136 2.59117 0)
(-1.736 2.55712 0)
(-1.7088 2.48877 5.15746e-19)
(-4.101 5.76817 -9.62066e-20)
(-3.91892 6.02381 5.83453e-19)
(-3.67332 6.189 2.11457e-18)
(-3.38689 6.24673 -3.92539e-18)
(-3.05779 6.20587 1.38253e-18)
(-2.71612 6.04158 -1.7976e-19)
(-2.36701 5.75041 -3.38034e-19)
(-2.03555 5.32776 1.29489e-18)
(-1.72691 4.76951 -7.36184e-19)
(-1.41772 4.02515 -3.58256e-20)
(-1.0359 3.23216 0)
(-0.233372 2.8228 0)
(-4.38327 4.80124 1.59763e-19)
(-4.26992 4.9933 -1.02033e-18)
(-4.10634 5.15876 -8.88122e-19)
(-3.89876 5.27965 0)
(-3.6732 5.32722 -5.83995e-19)
(-3.44068 5.29416 0)
(-3.21383 5.17185 -5.75498e-19)
(-3.01211 4.9587 1.21793e-18)
(-2.85587 4.65561 0)
(-2.73939 4.15325 1.68443e-18)
(-2.63419 3.60568 -1.7433e-18)
(-2.35144 3.45194 2.33974e-19)
(-3.71995 4.76153 5.30489e-19)
(-3.63519 4.87334 -1.46426e-18)
(-3.53886 4.95084 3.49652e-19)
(-3.43909 4.98424 0)
(-3.34158 4.96612 5.68123e-19)
(-3.2559 4.89266 1.88353e-18)
(-3.1912 4.76049 -2.652e-18)
(-3.16009 4.57109 1.53726e-18)
(-3.17578 4.33096 -7.59487e-19)
(-3.24058 3.96856 0)
(-3.30724 3.55249 0)
(-3.27157 3.51653 -1.55806e-19)
(-3.45648 4.41684 -1.40279e-18)
(-3.40731 4.48304 1.08591e-18)
(-3.35526 4.52281 1.416e-18)
(-3.30743 4.53047 -7.63089e-19)
(-3.27216 4.50267 -1.54279e-18)
(-3.25673 4.43813 0)
(-3.26895 4.33741 4.44074e-20)
(-3.31857 4.20331 2.48884e-18)
(-3.41727 4.0442 -2.10192e-18)
(-3.57393 3.84198 7.17905e-19)
(-3.79453 3.50875 -6.83585e-20)
(-4.0746 3.68449 -3.87091e-19)
(-3.15304 4.14421 1.60912e-18)
(-3.12748 4.17692 -8.09602e-19)
(-3.11057 4.18766 1.45581e-18)
(-3.10376 4.17615 -8.95913e-19)
(-3.11778 4.14093 0)
(-3.15616 4.08359 0)
(-3.22394 4.00729 -9.25121e-19)
(-3.32786 3.91662 -2.33229e-18)
(-3.47931 3.81891 1.29338e-18)
(-3.69348 3.72237 7.39914e-19)
(-3.98973 3.48496 -6.07945e-19)
(-4.42371 3.79998 0)
(-2.88497 3.86623 -1.48506e-19)
(-2.8782 3.87293 -3.57686e-18)
(-2.88578 3.86437 0)
(-2.91272 3.84055 1.82654e-18)
(-2.96231 3.80262 -1.85001e-18)
(-3.03799 3.75449 0)
(-3.14192 3.70167 -6.44249e-20)
(-3.2779 3.65243 -6.3205e-20)
(-3.45596 3.61616 0)
(-3.69576 3.6028 -1.40475e-18)
(-4.04124 3.49856 7.36135e-19)
(-4.62878 3.93278 -2.68469e-19)
(-2.62859 3.5904 -2.31888e-18)
(-2.63649 3.57637 6.27754e-18)
(-2.66352 3.55098 0)
(-2.71254 3.51619 -2.03786e-18)
(-2.78653 3.4752 2.05514e-18)
(-2.88664 3.43343 2.12003e-18)
(-3.0115 3.39919 -2.38091e-18)
(-3.16084 3.38524 -1.16983e-18)
(-3.34111 3.40369 0)
(-3.5712 3.47312 -9.63787e-19)
(-3.91604 3.51272 9.22772e-19)
(-4.5658 3.98871 0)
(-2.39107 3.31956 4.86128e-18)
(-2.40812 3.28571 -4.58936e-18)
(-2.44743 3.24309 4.70803e-18)
(-2.51105 3.19525 -4.58008e-18)
(-2.6008 3.14678 -1.19072e-20)
(-2.71537 3.10462 2.33378e-18)
(-2.84916 3.08072 2.28841e-18)
(-2.9967 3.09452 0)
(-3.16081 3.163 -1.51794e-18)
(-3.35891 3.31523 3.48639e-18)
(-3.66462 3.4811 -8.91389e-19)
(-4.27812 4.04011 0)
(-2.17564 3.05906 2.62986e-18)
(-2.19834 3.00468 8.82511e-20)
(-2.24506 2.94245 -2.46142e-18)
(-2.3169 2.87679 0)
(-2.41486 2.81281 0)
(-2.53501 2.75882 0)
(-2.66596 2.73162 0)
(-2.79602 2.7605 -2.98331e-18)
(-2.9231 2.86695 1.43484e-18)
(-3.05917 3.09391 2.79204e-19)
(-3.28358 3.39069 0)
(-3.82425 3.99017 0)
(-1.98784 2.81374 -3.04039e-18)
(-2.01459 2.73795 -8.96166e-18)
(-2.06545 2.65278 0)
(-2.14094 2.56219 3.10355e-18)
(-2.24157 2.47103 5.93602e-18)
(-2.36021 2.38947 0)
(-2.47763 2.34157 0)
(-2.57614 2.37055 1.36413e-18)
(-2.64756 2.4985 -5.12051e-18)
(-2.69329 2.78893 2.2815e-19)
(-2.77665 3.19232 0)
(-3.04717 3.86012 0)
(-1.83346 2.58945 -3.69533e-18)
(-1.86306 2.49084 -3.83424e-18)
(-1.91617 2.37683 6.76009e-18)
(-1.99231 2.25053 -9.52413e-18)
(-2.09173 2.11634 3.59431e-18)
(-2.20335 1.98806 6.794e-18)
(-2.29822 1.90253 -1.77467e-18)
(-2.3552 1.91924 1.6352e-18)
(-2.35545 2.04699 3.38681e-18)
(-2.28588 2.37378 -3.97198e-18)
(-2.14861 2.85167 -1.61335e-18)
(-1.88268 3.57564 0)
(-1.7152 2.39027 -5.14504e-19)
(-1.7469 2.26407 7.28861e-18)
(-1.80045 2.11016 -7.16041e-18)
(-1.87454 1.93116 0)
(-1.96987 1.73295 -7.04162e-18)
(-2.07091 1.54003 -1.08576e-17)
(-2.13856 1.4113 -1.69002e-19)
(-2.14671 1.41244 0)
(-2.07985 1.52091 0)
(-1.88495 1.8283 1.04458e-18)
(-1.47488 2.34828 6.87105e-20)
(-0.176072 2.92082 1.868e-18)
(0.211259 1.44213 5.06208e-19)
(0.439656 1.77473 2.16395e-18)
(0.834024 2.0884 1.14555e-20)
(1.24172 2.25584 0)
(1.62442 2.30666 6.31934e-18)
(1.94441 2.23892 -6.03707e-18)
(2.18518 2.09961 -1.74939e-17)
(2.34617 1.94091 -1.12052e-17)
(2.43254 1.80363 -4.10525e-20)
(2.44849 1.70373 -4.88641e-18)
(2.41044 1.64135 9.52801e-18)
(2.33146 1.6166 -8.60352e-18)
(0.336912 1.03992 0)
(0.705709 1.14428 0)
(1.04106 1.32243 -2.30614e-18)
(1.33353 1.51359 4.81421e-18)
(1.605 1.68478 -1.30693e-17)
(1.85101 1.7871 -8.20032e-18)
(2.05632 1.8039 1.08727e-17)
(2.21435 1.75324 2.69456e-17)
(2.30778 1.6791 -5.20357e-18)
(2.32453 1.60958 0)
(2.28285 1.56538 4.81886e-19)
(2.19332 1.55142 0)
(0.383116 1.03172 -3.61344e-19)
(0.767293 1.07468 3.81875e-19)
(1.12722 1.13732 3.25432e-18)
(1.42205 1.22002 -1.01522e-19)
(1.65125 1.32179 4.45591e-18)
(1.84385 1.4285 -4.13485e-20)
(1.99829 1.50282 0)
(2.12365 1.53899 -5.02939e-18)
(2.19859 1.52693 -5.4007e-18)
(2.19812 1.51063 1.24728e-17)
(2.15434 1.49689 -1.24754e-17)
(2.03842 1.49686 9.11521e-18)
(0.364065 1.17897 -6.19492e-19)
(0.768842 1.21535 1.31361e-18)
(1.15098 1.24026 -8.96502e-20)
(1.46758 1.26689 -3.11814e-18)
(1.71876 1.30481 -7.28533e-18)
(1.9076 1.34686 -3.46498e-20)
(2.03728 1.37287 -8.26998e-18)
(2.13516 1.38715 4.86761e-18)
(2.17434 1.36921 -5.50366e-18)
(2.14574 1.34782 -8.62404e-18)
(2.05834 1.32081 0)
(1.86476 1.30205 9.40679e-18)
(2.21033 1.6275 8.20515e-18)
(2.0431 1.66088 8.33462e-18)
(1.82559 1.71314 0)
(1.56733 1.78358 0)
(1.28389 1.87315 3.52112e-18)
(1.02777 1.96241 -3.41441e-18)
(0.88148 1.9964 1.49484e-18)
(0.875772 1.96869 4.21375e-18)
(0.982053 1.85063 0)
(1.22228 1.55389 0)
(1.653 1.02873 4.92223e-19)
(1.54225 -0.229367 -1.48217e-18)
(2.03713 1.57099 -8.88038e-18)
(1.79931 1.601 5.04405e-19)
(1.48302 1.64416 0)
(1.12467 1.70469 -3.55868e-18)
(0.760771 1.78374 3.73847e-20)
(0.48881 1.86114 3.23362e-18)
(0.38467 1.86173 0)
(0.404466 1.80495 -2.55055e-18)
(0.560652 1.65183 0)
(0.805863 1.31075 -2.93712e-18)
(1.18841 0.865068 -1.35993e-18)
(1.18478 -0.0421856 -1.28902e-26)
(1.81017 1.52613 -6.15083e-19)
(1.44428 1.53332 -7.98881e-18)
(0.996632 1.55523 0)
(0.551727 1.61041 7.11624e-18)
(0.17767 1.68224 3.06002e-18)
(0.0120923 1.7375 -2.89515e-20)
(0.0256979 1.73103 -5.66439e-18)
(0.13689 1.6634 7.13865e-18)
(0.376349 1.48543 -1.29867e-18)
(0.63604 1.13444 6.02384e-18)
(0.974898 0.724927 1.89437e-18)
(1.07734 0.0276314 -3.38707e-19)
(1.47498 1.31481 2.48739e-17)
(0.87041 1.31014 0)
(0.32025 1.34936 0)
(-0.0744247 1.4287 -5.87193e-18)
(-0.250988 1.53165 -5.34514e-18)
(-0.225755 1.62102 5.4751e-18)
(-0.103514 1.63686 9.33051e-18)
(0.0960002 1.55633 -5.04026e-18)
(0.385952 1.37438 2.50058e-18)
(0.66722 1.03466 -2.60299e-18)
(0.974109 0.640324 -1.26011e-18)
(1.15122 0.0648148 -2.81655e-19)
(1.44256 -0.214601 -1.0131e-18)
(1.77737 -0.441628 0)
(2.09263 -0.836275 1.20425e-20)
(2.26052 -1.24443 0)
(2.31114 -1.62706 0)
(2.24302 -1.94683 6.04528e-18)
(2.1036 -2.18726 0)
(1.94534 -2.34787 1.07277e-17)
(1.80881 -2.43397 1.00484e-17)
(1.70964 -2.44992 9.97529e-18)
(1.64775 -2.4122 -4.61399e-18)
(1.62311 -2.33377 -4.67108e-18)
(1.04121 -0.340612 -4.64029e-19)
(1.14633 -0.708846 -5.10022e-19)
(1.32571 -1.0443 -1.18998e-18)
(1.51803 -1.3365 0)
(1.68974 -1.60765 -2.62733e-18)
(1.79225 -1.85342 1.36754e-17)
(1.80886 -2.0585 0)
(1.75801 -2.21627 5.39974e-18)
(1.68403 -2.30931 -5.20805e-18)
(1.61478 -2.32586 -1.0137e-17)
(1.57093 -2.28432 -9.81112e-18)
(1.55706 -2.19507 8.62876e-18)
(1.03466 -0.387176 -7.07408e-19)
(1.07776 -0.770979 1.15879e-18)
(1.14096 -1.13108 -2.51744e-18)
(1.22414 -1.42558 1.78884e-18)
(1.32639 -1.65419 0)
(1.43329 -1.84624 -1.91146e-17)
(1.50773 -2.00022 0)
(1.54386 -2.12514 1.05431e-17)
(1.53174 -2.1997 -5.62502e-18)
(1.51538 -2.19905 8.40178e-18)
(1.50161 -2.1552 4.03662e-18)
(1.50149 -2.0392 -9.12194e-18)
(1.18335 -0.367989 9.45183e-19)
(1.2194 -0.772551 1.31566e-18)
(1.2444 -1.155 0)
(1.27104 -1.47128 0)
(1.3091 -1.72181 0)
(1.35094 -1.90989 1.53962e-17)
(1.37669 -2.03886 8.29312e-18)
(1.39109 -2.13666 -1.44486e-17)
(1.37302 -2.17507 1.65605e-17)
(1.35152 -2.1461 -8.6442e-18)
(1.32431 -2.05828 0)
(1.30535 -1.86418 8.7764e-18)
(1.63367 -2.2133 -8.73794e-18)
(1.66628 -2.04662 -8.34057e-18)
(1.71743 -1.82955 7.4626e-18)
(1.78657 -1.57161 -7.53926e-18)
(1.87465 -1.28842 0)
(1.96236 -1.03271 -6.98558e-18)
(1.99514 -0.886191 8.08002e-18)
(1.96698 -0.880068 -1.40304e-18)
(1.84882 -0.985844 3.14215e-18)
(1.5525 -1.22551 -9.09904e-19)
(1.02858 -1.65568 8.9136e-19)
(-0.226739 -1.54525 -8.07371e-19)
(1.57635 -2.03926 8.36192e-18)
(1.60566 -1.80162 7.97026e-18)
(1.64781 -1.48558 0)
(1.70714 -1.12747 3.41633e-18)
(1.78486 -0.76395 6.78966e-18)
(1.86083 -0.492412 3.08852e-18)
(1.86041 -0.388055 -1.21292e-17)
(1.80327 -0.407523 -2.55335e-18)
(1.65007 -0.563336 -2.68499e-18)
(1.30953 -0.808154 -7.62262e-19)
(0.864918 -1.19021 7.02571e-19)
(-0.0401711 -1.18692 4.27844e-19)
(1.53044 -1.81091 0)
(1.53688 -1.44479 -1.26226e-17)
(1.55792 -0.997365 3.81875e-18)
(1.61203 -0.552753 3.70762e-18)
(1.68278 -0.179322 6.18197e-18)
(1.73672 -0.01412 -2.88524e-18)
(1.7296 -0.0275822 5.59324e-18)
(1.66144 -0.138643 5.93205e-18)
(1.48351 -0.378006 1.42632e-18)
(1.13318 -0.63736 -1.33241e-18)
(0.72464 -0.975666 -3.20889e-19)
(0.0292247 -1.07816 -2.46965e-20)
(1.31779 -1.47363 0)
(1.31248 -0.86855 -4.01988e-19)
(1.35101 -0.318979 0)
(1.42944 0.0748767 -1.20437e-17)
(1.53161 0.250541 2.59125e-18)
(1.61997 0.224868 -8.23334e-18)
(1.63517 0.102545 0)
(1.55436 -0.097053 -5.03066e-18)
(1.37238 -0.386564 2.56392e-18)
(1.0333 -0.667446 -2.47784e-18)
(0.639907 -0.973712 -8.85746e-19)
(0.0660552 -1.15054 -3.06511e-19)
(-0.212391 -1.44553 -1.01377e-18)
(-0.43989 -1.77911 1.57391e-20)
(-0.835246 -2.09241 0)
(-1.24396 -2.25856 -3.03523e-18)
(-1.62708 -2.30762 6.32146e-18)
(-1.94721 -2.23852 -9.38581e-18)
(-2.18777 -2.09846 -2.39688e-19)
(-2.34827 -1.9399 1.09437e-17)
(-2.43389 -1.80328 -5.1555e-18)
(-2.44911 -1.70411 0)
(-2.41056 -1.6424 -1.85087e-17)
(-2.33125 -1.61821 5.24792e-19)
(-0.338309 -1.04384 9.14929e-19)
(-0.70645 -1.14866 -6.38111e-19)
(-1.04221 -1.32704 4.41151e-18)
(-1.33521 -1.5178 -9.75072e-18)
(-1.60719 -1.68793 5.21384e-18)
(-1.85359 -1.789 -1.15233e-19)
(-2.05897 -1.80452 0)
(-2.21671 -1.75313 1.63193e-17)
(-2.3092 -1.67896 -5.19505e-18)
(-2.32488 -1.60963 0)
(-2.28263 -1.56593 9.29184e-18)
(-2.19249 -1.55235 -8.61213e-18)
(-0.384776 -1.03574 -3.72968e-19)
(-0.768136 -1.0788 -9.32523e-20)
(-1.12836 -1.14165 -3.41616e-18)
(-1.4236 -1.2242 3.66012e-18)
(-1.65327 -1.32556 -4.45906e-18)
(-1.84625 -1.43151 1.42808e-17)
(-2.00083 -1.50495 1.5221e-17)
(-2.12603 -1.54031 -5.02667e-18)
(-2.19979 -1.52769 5.63676e-18)
(-2.19842 -1.51112 0)
(-2.15382 -1.49727 -8.66814e-18)
(-2.03673 -1.49725 0)
(-0.365795 -1.18284 -1.24048e-18)
(-0.769774 -1.21909 -2.68244e-18)
(-1.15211 -1.24417 2.83901e-18)
(-1.46902 -1.27074 -1.56789e-18)
(-1.72057 -1.30845 3.63865e-18)
(-1.90979 -1.35001 -1.34495e-17)
(-2.03962 -1.37539 -8.26577e-18)
(-2.13753 -1.38915 9.66691e-18)
(-2.17513 -1.37034 -1.63551e-17)
(-2.14563 -1.34852 0)
(-2.05682 -1.32102 8.551e-18)
(-1.86174 -1.30208 -1.81769e-17)
(-2.2097 -1.62958 1.29108e-17)
(-2.0419 -1.66317 -4.06771e-18)
(-1.82387 -1.71541 0)
(-1.56513 -1.7857 -7.09389e-18)
(-1.28133 -1.87497 0)
(-1.02534 -1.96363 0)
(-0.879613 -1.99686 -3.11473e-18)
(-0.874212 -1.96875 0)
(-0.981051 -1.85004 0)
(-1.2221 -1.5526 3.51182e-20)
(-1.65316 -1.02742 1.76898e-18)
(-1.54261 0.230351 1.61568e-18)
(-2.03544 -1.57237 -8.3473e-18)
(-1.79672 -1.60258 0)
(-1.4798 -1.64578 0)
(-1.12098 -1.70624 -3.55482e-18)
(-0.757033 -1.78511 3.40728e-18)
(-0.485758 -1.86193 0)
(-0.38255 -1.86176 -4.60107e-18)
(-0.402914 -1.8046 -1.26157e-18)
(-0.56021 -1.6508 0)
(-0.80612 -1.30924 -6.41921e-19)
(-1.18894 -0.863591 -1.81259e-18)
(-1.18543 0.0433593 -4.40109e-19)
(-1.80711 -1.52674 8.9871e-18)
(-1.44013 -1.53406 -4.06694e-18)
(-0.991986 -1.55615 -7.70824e-18)
(-0.546967 -1.61142 3.49062e-18)
(-0.17365 -1.6831 -6.32287e-18)
(-0.00958444 -1.73774 0)
(-0.024025 -1.73096 8.96734e-18)
(-0.136338 -1.66299 0)
(-0.376734 -1.48407 1.31336e-18)
(-0.636815 -1.13275 7.70823e-19)
(-0.975785 -0.723313 9.57486e-19)
(-1.07823 -0.026509 -1.56393e-20)
(-1.47017 -1.31494 -8.02078e-18)
(-0.864928 -1.31046 0)
(-0.31498 -1.34996 6.62032e-18)
(0.0787531 -1.42943 -9.1334e-18)
(0.253595 -1.53243 1.31372e-17)
(0.227223 -1.62141 -5.46244e-18)
(0.104162 -1.63671 -9.32663e-18)
(-0.0963165 -1.55529 0)
(-0.386939 -1.37286 0)
(-0.668451 -1.03286 0)
(-0.975262 -0.638617 -1.18468e-18)
(-1.15211 -0.0636008 -9.33953e-19)
(-1.44306 0.21505 -5.93197e-20)
(-1.77777 0.441455 5.55974e-19)
(-2.09298 0.835569 0)
(-2.26057 1.24338 6.1242e-18)
(-2.31085 1.62582 -3.06608e-18)
(-2.24244 1.94543 -9.14439e-18)
(-2.10284 2.18578 -5.81981e-18)
(-1.9443 2.34635 5.51061e-18)
(-1.80742 2.43256 1.00522e-17)
(-1.70801 2.44866 9.98031e-18)
(-1.64598 2.41104 -9.53519e-18)
(-1.6213 2.33272 -8.61172e-18)
(-1.04194 0.341025 -1.45035e-26)
(-1.14705 0.708454 1.97047e-18)
(-1.3263 1.04326 4.41286e-18)
(-1.51818 1.33511 0)
(-1.68934 1.60608 5.21807e-18)
(-1.79131 1.85177 0)
(-1.8077 2.05681 5.51087e-18)
(-1.75678 2.21453 -1.37892e-20)
(-1.68267 2.30786 -1.57972e-17)
(-1.61339 2.32479 -1.01359e-17)
(-1.56949 2.2835 9.33678e-18)
(-1.55567 2.19458 9.12998e-18)
(-1.03547 0.387532 3.45905e-19)
(-1.07848 0.770442 -3.83751e-18)
(-1.14152 1.12975 -5.8485e-18)
(-1.2244 1.42374 -1.82662e-18)
(-1.32621 1.6522 -1.33316e-17)
(-1.43257 1.84432 7.1315e-18)
(-1.50658 1.99845 -4.78966e-20)
(-1.54241 2.1235 5.17326e-18)
(-1.53019 2.19854 -4.04798e-19)
(-1.51395 2.19828 0)
(-1.50036 2.15485 0)
(-1.50047 2.03951 5.50722e-19)
(-1.18395 0.368409 2.9513e-19)
(-1.2198 0.772025 1.36784e-18)
(-1.2446 1.15357 2.93027e-18)
(-1.27104 1.46925 -3.06713e-18)
(-1.3088 1.7195 1.46255e-17)
(-1.35033 1.90758 -7.67287e-18)
(-1.3758 2.0368 0)
(-1.38996 2.13471 9.75088e-18)
(-1.37189 2.17407 1.09026e-17)
(-1.35052 2.1457 0)
(-1.32362 2.05881 0)
(-1.30493 1.86576 -2.69545e-17)
(-1.63185 2.21248 8.21489e-18)
(-1.66449 2.04627 -8.34603e-18)
(-1.71566 1.8298 -1.17712e-17)
(-1.78475 1.57256 4.54076e-20)
(-1.87279 1.29 7.23008e-18)
(-1.96083 1.03426 1.70945e-17)
(-1.99429 0.88705 3.12068e-18)
(-1.96657 0.88046 -2.87954e-18)
(-1.84925 0.985442 0)
(-1.55385 1.22387 3.46898e-20)
(-1.03021 1.65392 0)
(0.225036 1.5426 -8.07101e-19)
(-1.57495 2.03929 0)
(-1.60431 1.80244 -5.04161e-19)
(-1.64646 1.48713 7.46425e-18)
(-1.70571 1.12978 -1.09374e-17)
(-1.78336 0.766594 -1.0134e-17)
(-1.85975 0.494393 -6.32742e-18)
(-1.86005 0.388968 7.68924e-18)
(-1.80334 0.407698 3.83242e-18)
(-1.65109 0.562107 -2.68444e-18)
(-1.31119 0.805884 1.53596e-18)
(-0.866841 1.18754 0)
(0.0376441 1.1836 0)
(-1.52957 1.8121 -9.0009e-18)
(-1.5361 1.44699 3.92034e-18)
(-1.55703 1.00021 -3.99646e-18)
(-1.61099 0.556093 3.31154e-18)
(-1.6817 0.182159 9.15629e-18)
(-1.73621 0.015484 0)
(-1.72944 0.0280159 6.21377e-20)
(-1.66166 0.137687 -2.38657e-18)
(-1.48496 0.375801 1.1124e-19)
(-1.13517 0.634491 -2.58353e-18)
(-0.726884 0.972339 3.20911e-19)
(-0.0319636 1.07433 -3.54483e-19)
(-1.31747 1.47648 -8.82516e-18)
(-1.31208 0.872094 0)
(-1.3504 0.322588 6.63393e-18)
(-1.42865 -0.0718073 -9.15701e-18)
(-1.53064 -0.248977 2.67784e-18)
(-1.61932 -0.22455 0)
(-1.63514 -0.103222 6.05951e-20)
(-1.55538 0.0950605 4.9794e-18)
(-1.37407 0.3835 2.56436e-18)
(-1.03548 0.663919 1.25813e-19)
(-0.642357 0.969825 0)
(-0.0690682 1.14638 6.07942e-19)
(0.5029 1.46297 9.20388e-19)
(0.927958 1.51268 3.5501e-20)
(1.31851 1.52498 -4.71727e-18)
(1.62781 1.51664 0)
(1.84997 1.49968 7.64808e-18)
(1.99024 1.4775 1.79289e-17)
(2.05869 1.43632 2.31227e-17)
(2.06957 1.37348 0)
(1.9921 1.27448 0)
(1.83371 1.17549 -6.44469e-18)
(1.57535 1.09065 6.59326e-18)
(1.14966 1.04721 -2.8236e-17)
(0.521642 1.70187 -5.41924e-19)
(0.96398 1.75864 1.87212e-18)
(1.36476 1.75725 -6.4204e-18)
(1.67618 1.71042 0)
(1.87836 1.63161 9.76669e-18)
(1.97566 1.51791 -1.0159e-17)
(1.99815 1.3933 -5.00879e-18)
(1.91503 1.23289 8.34354e-20)
(1.73496 1.05432 -6.72136e-18)
(1.49066 0.904891 0)
(1.16368 0.808219 0)
(0.70955 0.804024 3.53545e-17)
(0.578536 1.87353 0)
(1.01185 1.91613 -2.41246e-18)
(1.38738 1.88249 5.11526e-18)
(1.66226 1.78584 2.35251e-18)
(1.83243 1.64326 -1.33873e-17)
(1.88158 1.47336 7.47933e-18)
(1.80827 1.26808 -1.79645e-17)
(1.63804 1.04538 6.71544e-18)
(1.40959 0.843726 3.87919e-20)
(1.12635 0.682965 1.29832e-20)
(0.794328 0.609988 -4.93193e-17)
(0.384338 0.6983 -4.95574e-17)
(0.626877 1.96417 0)
(1.03445 1.97648 4.54944e-18)
(1.36897 1.90169 0)
(1.60955 1.76643 9.02925e-18)
(1.71708 1.57384 0)
(1.68475 1.3372 5.99173e-18)
(1.54858 1.09005 2.589e-17)
(1.34116 0.854584 -6.95457e-18)
(1.0866 0.650615 0)
(0.791342 0.492662 0)
(0.473441 0.420382 -1.30321e-17)
(0.149504 0.581878 1.7982e-17)
(0.491502 1.04667 -2.93702e-17)
(-0.042956 1.05903 -5.75678e-18)
(-0.328824 1.1643 2.33747e-17)
(-0.426471 1.30549 -1.25219e-17)
(-0.380532 1.4361 1.43875e-17)
(-0.215911 1.51246 -1.54311e-17)
(0.0383123 1.52523 -1.81547e-17)
(0.344052 1.43205 0)
(0.678299 1.21648 -3.38849e-18)
(0.979617 0.860119 0)
(1.24789 0.440641 0)
(1.4093 -0.0805332 -8.78233e-19)
(0.0605886 0.8662 0)
(-0.299679 0.898327 0)
(-0.432695 1.03303 -1.883e-17)
(-0.432919 1.18336 4.36693e-18)
(-0.301073 1.32277 3.96128e-18)
(-0.0752799 1.40899 -1.42386e-19)
(0.216786 1.42563 8.85434e-18)
(0.548647 1.34285 5.41779e-18)
(0.891324 1.14379 0)
(1.19839 0.814404 0)
(1.45613 0.4081 -4.64976e-19)
(1.62327 -0.0819306 2.41705e-18)
(-0.20965 0.898275 0)
(-0.387615 0.883547 -5.07951e-18)
(-0.423213 0.99273 -1.50505e-17)
(-0.349852 1.12617 1.70688e-17)
(-0.175006 1.23989 1.54692e-17)
(0.0766396 1.30437 3.66216e-18)
(0.38216 1.30505 -5.45672e-18)
(0.718794 1.21639 -5.39172e-18)
(1.05923 1.02178 7.73501e-18)
(1.36551 0.711394 0)
(1.61772 0.320932 5.20221e-19)
(1.78724 -0.140461 1.69894e-18)
(-0.370639 0.9575 -5.57259e-17)
(-0.392698 0.884006 -2.3983e-17)
(-0.358015 0.966796 2.0084e-17)
(-0.240896 1.073 -2.12136e-17)
(-0.0444794 1.15894 4.04498e-18)
(0.215045 1.20062 0)
(0.519692 1.18462 -1.96359e-18)
(0.849452 1.08948 4.29972e-20)
(1.17977 0.898889 -5.89303e-18)
(1.47849 0.604758 0)
(1.72261 0.231569 -4.03854e-18)
(1.88681 -0.20381 -5.24968e-18)
(1.46861 -0.506516 -1.86378e-18)
(1.51781 -0.931817 -2.07928e-18)
(1.52974 -1.32253 0)
(1.52085 -1.63119 0)
(1.50339 -1.85222 7.71611e-18)
(1.48092 -1.99153 -7.77711e-18)
(1.43904 -2.05931 3.20177e-20)
(1.37601 -2.06936 1.8123e-17)
(1.27654 -1.99089 -6.46351e-18)
(1.17742 -1.83185 6.45368e-18)
(1.09243 -1.57282 -3.28693e-17)
(1.04884 -1.14634 0)
(1.70814 -0.524807 1.59764e-18)
(1.76414 -0.967558 1.82032e-18)
(1.76183 -1.36836 -5.17742e-18)
(1.7139 -1.67881 -2.7901e-18)
(1.63395 -1.87963 -7.26774e-18)
(1.51975 -1.97611 0)
(1.39459 -1.99773 -1.52386e-17)
(1.23324 -1.91314 -6.22932e-18)
(1.05477 -1.73252 -1.36135e-17)
(0.905322 -1.48761 0)
(0.808845 -1.1602 3.19985e-17)
(0.804789 -0.705653 0)
(1.87961 -0.581082 1.18334e-18)
(1.92107 -1.01468 -4.91988e-18)
(1.88619 -1.38986 5.12611e-18)
(1.78795 -1.66357 2.35799e-18)
(1.64443 -1.83282 -4.50091e-18)
(1.47365 -1.88065 2.47778e-18)
(1.26734 -1.806 0)
(1.04434 -1.63513 6.68368e-18)
(0.842942 -1.40627 7.17276e-18)
(0.68241 -1.12251 8.12416e-18)
(0.609908 -0.790335 -4.95252e-17)
(0.698769 -0.380188 0)
(1.96917 -0.628642 -2.43211e-18)
(1.98007 -1.03629 6.76587e-18)
(1.90408 -1.37028 0)
(1.76725 -1.60982 -9.0636e-18)
(1.57317 -1.71584 0)
(1.33548 -1.68219 -6.01806e-18)
(1.08791 -1.54532 -6.46484e-18)
(0.852498 -1.3376 3.49909e-17)
(0.648863 -1.08269 1.88974e-20)
(0.491385 -0.787044 -9.40405e-18)
(0.419652 -0.469245 5.41828e-17)
(0.581501 -0.145965 -7.1993e-17)
(1.04808 -0.487838 0)
(1.06015 0.045815 -1.16931e-17)
(1.16501 0.330432 0)
(1.30553 0.427151 4.12515e-18)
(1.43545 0.380577 3.69619e-18)
(1.51104 0.215746 1.90339e-17)
(1.52322 -0.03833 5.41421e-18)
(1.4298 -0.343678 -1.77309e-18)
(1.21446 -0.677314 3.47425e-18)
(0.858947 -0.978062 -6.24315e-20)
(0.440637 -1.24574 1.64925e-18)
(-0.079012 -1.40695 0)
(0.86713 -0.0569167 8.87896e-18)
(0.899196 0.302131 -1.04765e-17)
(1.03355 0.434177 4.734e-18)
(1.18332 0.433719 0)
(1.32209 0.301546 7.86365e-18)
(1.40761 0.0757935 -7.30403e-18)
(1.42368 -0.215883 -1.434e-17)
(1.3406 -0.54713 0)
(1.14169 -0.889049 -3.52079e-18)
(0.813066 -1.19546 -1.50103e-19)
(0.407911 -1.45263 -4.64136e-19)
(-0.0806886 -1.6196 4.92511e-19)
(0.899438 0.212857 0)
(0.884401 0.389504 2.61705e-20)
(0.993169 0.424515 -2.01204e-17)
(1.12607 0.350737 1.70799e-17)
(1.23922 0.175788 -7.64657e-18)
(1.3031 -0.0756145 -3.62569e-18)
(1.30329 -0.380592 9.08354e-18)
(1.21441 -0.716523 7.47691e-18)
(1.01991 -1.05612 1.92898e-18)
(0.710199 -1.36165 3.90767e-18)
(0.320803 -1.6133 0)
(-0.139334 -1.78274 1.12525e-18)
(0.958478 0.372919 -5.56997e-17)
(0.884884 0.394287 1.79976e-17)
(0.967257 0.35923 4.53209e-17)
(1.07295 0.241873 -2.12256e-17)
(1.1584 0.0454855 -1.1619e-17)
(1.19959 -0.2137 -1.12496e-17)
(1.18315 -0.517758 -3.75419e-18)
(1.08781 -0.846801 -7.5117e-18)
(0.897341 -1.17628 0)
(0.603793 -1.47423 1.05923e-18)
(0.231546 -1.71785 -1.13999e-18)
(-0.202863 -1.88212 -2.32794e-18)
(-0.504104 -1.46639 1.84318e-18)
(-0.928809 -1.5159 2.07414e-18)
(-1.31958 -1.52828 -4.72051e-18)
(-1.62909 -1.51985 0)
(-1.85147 -1.50263 2.61295e-18)
(-1.99193 -1.48002 7.80582e-18)
(-2.06024 -1.4379 0)
(-2.07029 -1.37429 1.19824e-17)
(-1.99116 -1.27434 0)
(-1.83154 -1.17494 3.19015e-17)
(-1.57173 -1.08986 -1.32562e-17)
(-1.14496 -1.04663 3.52922e-17)
(-0.522647 -1.70471 -5.42599e-19)
(-0.964771 -1.76124 2.9854e-18)
(-1.36567 -1.75978 -5.16847e-18)
(-1.67703 -1.7127 -8.28719e-18)
(-1.87917 -1.63338 7.88969e-20)
(-1.97656 -1.51929 -1.2701e-17)
(-1.99856 -1.39392 -1.52127e-17)
(-1.91388 -1.23222 -1.8584e-17)
(-1.73272 -1.05334 -2.69633e-17)
(-1.48734 -0.903545 -2.89743e-17)
(-1.15947 -0.806894 0)
(-0.704923 -0.803131 0)
(-0.579196 -1.8755 2.36252e-18)
(-1.0124 -1.9178 -3.65715e-18)
(-1.3879 -1.88406 6.3998e-18)
(-1.66261 -1.78698 -2.13762e-19)
(-1.83278 -1.64416 9.05539e-18)
(-1.88142 -1.47366 4.9998e-18)
(-1.80709 -1.2674 1.79325e-17)
(-1.63597 -1.04411 4.68322e-17)
(-1.40658 -0.842279 2.16337e-17)
(-1.12244 -0.681327 -3.23323e-17)
(-0.789983 -0.608447 0)
(-0.380058 -0.697356 0)
(-0.627199 -1.96509 -4.85439e-18)
(-1.03473 -1.97707 1.13178e-18)
(-1.36917 -1.90226 -1.1314e-18)
(-1.60952 -1.76668 1.11124e-17)
(-1.71657 -1.57355 -1.32466e-17)
(-1.68353 -1.33627 -5.93574e-18)
(-1.5467 -1.08875 -6.06449e-20)
(-1.33855 -0.853049 6.93972e-18)
(-1.08318 -0.649019 -3.11763e-17)
(-0.787269 -0.491085 3.76409e-17)
(-0.469416 -0.4189 -5.36368e-17)
(-0.146323 -0.580556 0)
(-0.486307 -1.04652 -2.93798e-17)
(0.0473809 -1.05932 -5.75e-18)
(0.332202 -1.16506 4.71932e-18)
(0.428662 -1.30645 -4.2829e-18)
(0.381769 -1.43677 -3.44577e-18)
(0.216095 -1.51272 -1.85982e-19)
(-0.0387943 -1.5249 8.89708e-18)
(-0.345058 -1.43101 -1.77153e-18)
(-0.679439 -1.21489 0)
(-0.9806 -0.858422 0)
(-1.24853 -0.439248 1.64784e-18)
(-1.40951 0.0812891 1.72392e-18)
(-0.0562216 -0.866036 7.12241e-17)
(0.30259 -0.898822 0)
(0.435 -1.03402 0)
(0.434219 -1.18429 8.63996e-18)
(0.301544 -1.32353 -4.00686e-18)
(0.075095 -1.40928 3.55591e-18)
(-0.217405 -1.42532 0)
(-0.54951 -1.34187 -5.46554e-18)
(-0.892086 -1.14226 -1.82841e-18)
(-1.19881 -0.812746 3.73018e-18)
(-1.45608 -0.40676 -2.36265e-18)
(-1.62271 0.0825863 -4.67536e-19)
(0.212899 -0.898384 -4.82635e-17)
(0.388138 -0.884042 1.74357e-17)
(0.424629 -0.993716 5.04492e-18)
(0.350601 -1.12711 4.20333e-18)
(0.175137 -1.24057 3.75098e-18)
(-0.07694 -1.30459 0)
(-0.382702 -1.30471 1.79347e-18)
(-0.719382 -1.21547 3.57001e-18)
(-1.05956 -1.02039 1.92918e-18)
(-1.36537 -0.709932 -3.90873e-18)
(-1.617 -0.319838 2.03987e-18)
(-1.78597 0.140835 -1.12551e-18)
(0.37231 -0.957496 5.57547e-17)
(0.39342 -0.88458 -2.79148e-17)
(0.358981 -0.967747 -4.98814e-18)
(0.241353 -1.07386 6.97416e-20)
(0.0444721 -1.15955 -1.16073e-17)
(-0.215345 -1.20083 -3.66545e-18)
(-0.52011 -1.18432 1.12347e-17)
(-0.849795 -1.08865 0)
(-1.17976 -0.897689 8.10823e-18)
(-1.47792 -0.603539 0)
(-1.72142 -0.23075 -4.59612e-18)
(-1.88511 0.20393 2.32922e-18)
(-1.46844 0.506422 9.57452e-19)
(-1.51732 0.930704 0)
(-1.52903 1.32053 4.78938e-18)
(-1.52005 1.62865 4.99929e-18)
(-1.50252 1.84961 -1.02662e-17)
(-1.48006 1.98922 5.11922e-18)
(-1.43834 2.05752 9.18483e-18)
(-1.37555 2.06832 4.08998e-20)
(-1.27651 1.99131 6.4974e-18)
(-1.17769 1.83339 -1.90607e-17)
(-1.09301 1.57554 -6.59835e-18)
(-1.0494 1.14981 2.82499e-17)
(-1.70711 0.524545 -1.56091e-18)
(-1.76277 0.966211 -5.84415e-19)
(-1.76035 1.36612 -5.01014e-18)
(-1.71255 1.67614 0)
(-1.63292 1.87712 -1.22448e-17)
(-1.5191 1.97411 -7.6835e-18)
(-1.3944 1.99651 1.88034e-20)
(-1.23383 1.91342 6.21307e-18)
(-1.05562 1.7342 -2.03376e-17)
(-0.906485 1.49035 2.90082e-17)
(-0.810165 1.16374 0)
(-0.805924 0.709317 3.53883e-17)
(-1.87789 0.58054 -2.94938e-18)
(-1.91914 1.01315 6.10389e-19)
(-1.88435 1.38763 0)
(-1.78656 1.66118 -9.40059e-18)
(-1.64358 1.83066 1.12062e-17)
(-1.47342 1.87935 1.26255e-17)
(-1.26789 1.80595 -1.79715e-17)
(-1.04544 1.6364 -2.68102e-17)
(-0.844203 1.40877 -2.87322e-17)
(-0.683856 1.12592 4.04852e-17)
(-0.611456 0.794137 -9.91783e-18)
(-0.700075 0.383667 -9.85804e-17)
(-1.96714 0.62792 4.24725e-18)
(-1.97803 1.03475 5.57166e-19)
(-1.90234 1.36827 0)
(-1.7661 1.60779 1.11391e-17)
(-1.57283 1.71444 5.0528e-20)
(-1.3359 1.68188 -2.88679e-18)
(-1.08888 1.54608 0)
(-0.853765 1.33949 7.02142e-18)
(-0.650151 1.08561 2.35333e-17)
(-0.492662 0.790598 -2.029e-19)
(-0.420974 0.472703 5.36768e-17)
(-0.583052 0.148456 1.44337e-16)
(-1.04833 0.491454 2.93996e-17)
(-1.0599 -0.0426509 5.76071e-18)
(-1.16433 -0.328112 -4.73003e-18)
(-1.30455 -0.425874 8.23421e-18)
(-1.43465 -0.380298 0)
(-1.51063 -0.21686 1.14837e-17)
(-1.52347 0.0360733 -1.63927e-17)
(-1.4309 0.340441 -8.67843e-18)
(-1.21629 0.673561 0)
(-0.861176 0.974192 3.3808e-18)
(-0.443269 1.24166 0)
(0.0762899 1.40293 -8.56395e-19)
(-0.867654 0.0600048 0)
(-0.898965 -0.299839 0)
(-1.03288 -0.432682 0)
(-1.18256 -0.433241 -4.25764e-18)
(-1.3214 -0.302101 1.10319e-19)
(-1.4074 -0.0774153 -3.5603e-18)
(-1.42408 0.213362 7.08603e-18)
(-1.3418 0.543889 -7.23e-18)
(-1.14356 0.885499 0)
(-0.81534 1.19188 2.82706e-18)
(-0.410613 1.44896 1.40483e-18)
(0.0780117 1.6161 -4.91677e-19)
(-0.899978 -0.210503 0)
(-0.884222 -0.388055 1.53693e-17)
(-0.992652 -0.423715 7.44701e-20)
(-1.12546 -0.350737 8.61681e-20)
(-1.23882 -0.176651 3.89008e-18)
(-1.30321 0.0739513 3.77586e-18)
(-1.30403 0.378242 5.48558e-18)
(-1.21582 0.713662 3.57667e-18)
(-1.02189 1.05313 1.93162e-18)
(-0.712498 1.35872 -3.90993e-18)
(-0.323483 1.6104 -2.11395e-18)
(0.136902 1.78013 0)
(-0.959213 -0.371805 1.38417e-17)
(-0.884788 -0.393335 -5.93046e-18)
(-0.966905 -0.358805 0)
(-1.0726 -0.242067 0)
(-1.15828 -0.0463632 -3.8228e-18)
(-1.19999 0.21222 4.98445e-20)
(-1.18419 0.515787 -1.12497e-17)
(-1.08946 0.844522 0)
(-0.899427 1.17402 -8.11667e-18)
(-0.606134 1.47215 0)
(-0.234193 1.71593 -2.36838e-18)
(0.200658 1.88065 0)
(0.656012 1.97129 -1.16127e-18)
(1.0268 1.95358 -4.25762e-18)
(1.32061 1.84708 0)
(1.49547 1.66227 -1.05122e-17)
(1.53369 1.41823 -2.96899e-18)
(1.45303 1.15716 -1.55599e-17)
(1.28312 0.904877 6.66541e-18)
(1.05624 0.677801 0)
(0.790769 0.48633 0)
(0.494979 0.342108 1.03174e-17)
(0.180005 0.254151 4.75706e-17)
(-0.0633739 0.202381 0)
(0.663396 1.91423 1.13671e-18)
(0.988973 1.85803 0)
(1.22242 1.70611 -1.06872e-17)
(1.33778 1.48568 2.85333e-18)
(1.33005 1.22671 -2.98026e-18)
(1.21666 0.966828 1.91405e-17)
(1.02952 0.728302 1.39053e-17)
(0.79761 0.523273 -7.81749e-18)
(0.536568 0.358538 0)
(0.262273 0.247632 0)
(-0.00641735 0.203428 0)
(-0.223802 0.236685 0)
(0.648697 1.78483 -1.27903e-18)
(0.919979 1.68992 -6.64061e-18)
(1.09945 1.5112 1.22534e-17)
(1.16669 1.27775 0)
(1.12365 1.02236 0)
(0.99092 0.778436 -5.89991e-17)
(0.798563 0.564607 3.61953e-17)
(0.572772 0.389965 0)
(0.33282 0.261151 -9.03054e-18)
(0.0979424 0.188089 2.17439e-17)
(-0.109157 0.177081 -1.67677e-17)
(-0.249124 0.21889 0)
(0.614451 1.61001 1.2785e-18)
(0.83498 1.48704 5.27688e-18)
(0.965698 1.29221 -1.11289e-17)
(0.99381 1.05834 8.7773e-18)
(0.926222 0.817082 -9.33871e-18)
(0.783885 0.596961 -6.72253e-18)
(0.594841 0.413381 -5.04928e-17)
(0.385801 0.274291 -7.96873e-18)
(0.176899 0.18424 9.07809e-18)
(-0.0136522 0.146629 4.33357e-17)
(-0.166891 0.159618 0)
(-0.253944 0.207887 0)
(0.565652 1.41458 0)
(0.739798 1.26954 0)
(0.829225 1.06672 1.11631e-17)
(0.827218 0.839857 -1.18182e-17)
(0.74355 0.617483 -1.56431e-17)
(0.598992 0.424531 6.29575e-17)
(0.420683 0.273917 1.43927e-17)
(0.234582 0.170859 3.99366e-17)
(0.0594839 0.117204 0)
(-0.0908061 0.109856 -4.37891e-17)
(-0.202489 0.139871 -6.39767e-17)
(-0.250058 0.186007 0)
(0.505912 1.21561 0)
(0.639547 1.05321 1.35412e-18)
(0.695471 0.84744 -1.41831e-18)
(0.671248 0.630316 2.93528e-18)
(0.578477 0.428429 4.63116e-17)
(0.437821 0.263342 -3.30295e-17)
(0.274648 0.144642 7.23522e-18)
(0.113592 0.0744858 -3.23631e-17)
(-0.0295726 0.0522947 -9.32525e-18)
(-0.145873 0.0705383 1.13708e-17)
(-0.224745 0.115265 6.60682e-17)
(-0.238554 0.160393 0)
(0.438132 1.02623 0)
(0.537827 0.849944 1.36742e-18)
(0.567613 0.643374 -1.41267e-18)
(0.528056 0.436718 0)
(0.43209 0.254324 -2.79323e-17)
(0.299498 0.114737 -3.33394e-18)
(0.153314 0.0241236 -1.47984e-17)
(0.016638 -0.0183605 -4.19213e-17)
(-0.0980415 -0.0146021 3.93282e-17)
(-0.185665 0.0255708 0)
(-0.237049 0.084962 1.43386e-16)
(-0.219895 0.130304 0)
(0.364624 0.855712 0)
(0.436732 0.668358 1.40091e-18)
(0.447063 0.461875 1.01392e-17)
(0.398217 0.264327 3.01585e-18)
(0.30367 0.0982299 2.25516e-17)
(0.181695 -0.0204127 -7.00884e-18)
(0.0525914 -0.0884197 3.92804e-17)
(-0.0615222 -0.109302 7.23588e-17)
(-0.151 -0.0848674 4.33833e-17)
(-0.213705 -0.0259691 1.39453e-17)
(-0.240418 0.0488228 -2.04744e-17)
(-0.194622 0.0986259 0)
(0.286856 0.709704 0)
(0.337041 0.513675 0)
(0.333781 0.307092 -1.25262e-17)
(0.280652 0.11605 0)
(0.19107 -0.0382685 4.16344e-20)
(0.0811583 -0.141814 -7.78906e-18)
(-0.0314816 -0.193357 8.88452e-18)
(-0.124955 -0.198662 -4.16533e-17)
(-0.191636 -0.158419 -1.27872e-17)
(-0.23193 -0.0840576 1.52502e-16)
(-0.234558 0.00656741 -2.04284e-16)
(-0.163354 0.0667363 5.37488e-16)
(0.206953 0.589045 0)
(0.239993 0.38636 7.45181e-18)
(0.22777 0.178888 -1.53603e-17)
(0.173947 -0.00885818 4.03179e-18)
(0.0915561 -0.15621 -4.37722e-17)
(-0.00580816 -0.251021 3.43607e-17)
(-0.10271 -0.2919 -4.52538e-17)
(-0.177254 -0.286601 1.35105e-17)
(-0.222968 -0.234283 -1.33482e-16)
(-0.242388 -0.14735 -1.58839e-16)
(-0.220349 -0.0405417 -3.45859e-17)
(-0.126449 0.0331908 -6.97437e-16)
(0.133496 0.48517 0)
(0.153988 0.277618 -3.67751e-17)
(0.135578 0.0683033 2.51781e-17)
(0.0806371 -0.11922 0)
(0.00417983 -0.263073 -7.20355e-18)
(-0.0836418 -0.355078 -3.83598e-17)
(-0.165309 -0.388617 -6.8151e-17)
(-0.222963 -0.373684 -3.92423e-17)
(-0.248314 -0.310998 2.40128e-16)
(-0.245487 -0.215276 2.277e-16)
(-0.192014 -0.0972021 0)
(-0.0863139 -0.00320615 0)
(0.0761236 0.360326 -1.45863e-17)
(0.0855743 0.152573 -1.4752e-19)
(0.0623483 -0.0524114 0)
(0.00547555 -0.23989 1.72208e-17)
(-0.0647096 -0.379934 -1.6001e-17)
(-0.141527 -0.474937 -1.5772e-16)
(-0.210614 -0.488888 7.13794e-16)
(-0.239612 -0.453734 0)
(-0.244272 -0.381255 -3.26627e-16)
(-0.228619 -0.276767 -4.08037e-16)
(-0.176152 -0.133513 -4.88249e-16)
(-0.0570069 -0.0339758 1.44889e-15)
(-0.491812 0.813155 8.9916e-17)
(-0.3583 0.851922 3.00641e-17)
(-0.281477 0.932249 -2.04689e-17)
(-0.135425 1.01755 0)
(0.0726915 1.07873 -1.95208e-17)
(0.332129 1.09881 -1.13676e-17)
(0.628244 1.0666 9.4456e-18)
(0.943977 0.964837 5.94581e-18)
(1.25746 0.778065 0)
(1.54065 0.499702 1.12419e-18)
(1.76923 0.147356 3.45365e-18)
(1.91684 -0.258096 2.35655e-18)
(-0.384134 0.657977 7.97822e-17)
(-0.303948 0.801553 -7.67648e-18)
(-0.205303 0.889683 2.61478e-17)
(-0.0412362 0.958279 0)
(0.172634 0.999106 0)
(0.427048 1.00051 1.92185e-17)
(0.709477 0.953662 1.17708e-17)
(1.00555 0.845546 -1.00659e-17)
(1.2958 0.662409 2.18356e-18)
(1.5552 0.399329 1.06268e-17)
(1.75945 0.0706728 -1.21154e-18)
(1.88258 -0.300459 1.23158e-18)
(-0.308578 0.57595 -8.73514e-17)
(-0.248113 0.742197 0)
(-0.134269 0.840371 0)
(0.0405718 0.896091 0)
(0.255949 0.920926 0)
(0.501786 0.907182 1.99447e-17)
(0.766718 0.848148 -3.81301e-17)
(1.03829 0.734643 1.04836e-17)
(1.29936 0.555645 0)
(1.52708 0.307936 -9.41132e-18)
(1.69788 0.00495892 -4.32542e-18)
(1.78759 -0.329133 -1.86113e-18)
(-0.218183 0.478238 1.02391e-16)
(-0.190036 0.681135 4.05256e-17)
(-0.0690513 0.786678 -2.84528e-17)
(0.111231 0.832545 1.93218e-17)
(0.324783 0.845277 0)
(0.559319 0.820088 4.21711e-18)
(0.804127 0.752094 1.43797e-17)
(1.04762 0.635035 -1.27951e-17)
(1.27499 0.461334 2.27304e-18)
(1.46521 0.229933 -1.19485e-18)
(1.5965 -0.0455638 6.13329e-18)
(1.6471 -0.340553 0)
(-0.142382 0.397299 1.04633e-19)
(-0.135553 0.617527 -3.38933e-17)
(-0.0102154 0.730234 3.02038e-17)
(0.172029 0.768809 -4.61292e-17)
(0.381458 0.773029 1.84928e-17)
(0.602807 0.740061 8.71495e-20)
(0.82608 0.66666 -2.14191e-18)
(1.03974 0.548719 2.20973e-17)
(1.23106 0.381954 -2.31403e-18)
(1.38121 0.167978 0)
(1.47079 -0.0792555 6.20807e-19)
(1.48238 -0.335575 -3.18246e-18)
(-0.0677672 0.316545 -1.52565e-16)
(-0.0862629 0.551235 0)
(0.0420136 0.671463 0)
(0.224025 0.705334 2.76604e-17)
(0.428094 0.704594 -4.46467e-17)
(0.635302 0.667403 -2.31513e-17)
(0.836682 0.592161 2.30313e-18)
(1.02047 0.47638 -1.8289e-17)
(1.17579 0.318541 2.37638e-18)
(1.28634 0.122962 -1.22218e-18)
(1.33533 -0.0962321 1.88136e-18)
(1.31057 -0.316076 -6.58747e-19)
(-0.00556115 0.239217 -4.05074e-16)
(-0.0455897 0.481155 -8.96404e-17)
(0.086954 0.609602 1.47632e-17)
(0.267805 0.641727 1.84664e-17)
(0.466335 0.639677 4.36169e-17)
(0.659428 0.601909 5.03801e-18)
(0.839603 0.528306 -4.9121e-18)
(0.994872 0.417716 0)
(1.11623 0.270833 0)
(1.18995 0.094324 8.83316e-18)
(1.20193 -0.0976221 1.28183e-18)
(1.14478 -0.284012 2.58904e-18)
(0.0421106 0.164387 4.4212e-16)
(-0.0166205 0.405269 -3.87814e-20)
(0.123804 0.542827 -6.91578e-17)
(0.303471 0.57667 -8.52885e-17)
(0.49712 0.577128 -2.48502e-17)
(0.677026 0.542663 5.68556e-18)
(0.837695 0.47416 -8.17766e-18)
(0.966997 0.37173 2.68047e-18)
(1.05795 0.237617 2.12138e-17)
(1.09911 0.0805817 -2.25567e-17)
(1.07912 -0.0852809 2.0139e-18)
(0.994285 -0.24146 -3.39441e-18)
(0.0705393 0.090642 -4.25534e-16)
(-0.00362732 0.32026 9.97455e-17)
(0.151106 0.467825 8.64456e-17)
(0.330421 0.508088 -6.27774e-20)
(0.520348 0.51511 0)
(0.688697 0.487943 2.72642e-17)
(0.832446 0.428018 3.15435e-18)
(0.939196 0.336549 -1.7573e-20)
(1.00427 0.216931 -5.02686e-17)
(1.01805 0.0796203 1.17264e-17)
(0.971807 -0.061286 0)
(0.86444 -0.190257 2.9618e-18)
(0.070293 0.0166479 1.15182e-15)
(-0.0127537 0.221205 0)
(0.165061 0.381498 1.53928e-17)
(0.346553 0.434146 1.80831e-16)
(0.533884 0.451526 8.99517e-17)
(0.692489 0.435457 -4.74634e-20)
(0.822458 0.387447 -1.20598e-17)
(0.910766 0.309439 3.40811e-17)
(0.955331 0.206033 2.91212e-17)
(0.947255 0.0885735 1.25926e-17)
(0.880736 -0.0284812 1.79561e-18)
(0.755965 -0.133018 0)
(0.0291234 -0.0571028 -8.53486e-16)
(-0.050243 0.0987585 0)
(0.15766 0.280842 0)
(0.345726 0.353224 -1.61611e-16)
(0.528534 0.383312 -1.28765e-16)
(0.678192 0.381215 -5.52664e-17)
(0.798193 0.34763 -4.96495e-17)
(0.873578 0.284348 -8.65198e-17)
(0.904606 0.199563 -5.52511e-18)
(0.87957 0.101408 -2.43459e-17)
(0.79881 0.00601662 2.7177e-18)
(0.661105 -0.0776886 0)
(-0.0480562 -0.107959 -1.51838e-15)
(-0.101289 -0.0220204 0)
(0.113078 0.156316 0)
(0.316655 0.245909 4.38464e-17)
(0.478093 0.282168 -3.20183e-17)
(0.60687 0.291536 2.72114e-17)
(0.714384 0.275493 -2.45452e-17)
(0.781335 0.23647 1.03706e-16)
(0.814048 0.176968 0)
(0.776045 0.092467 -5.22478e-17)
(0.686701 0.0231344 -4.21928e-17)
(0.54026 -0.0385791 1.29706e-17)
(1.97462 -0.657063 -3.41006e-20)
(1.9558 -1.02782 -4.27406e-18)
(1.84767 -1.32058 0)
(1.66104 -1.49407 7.87601e-18)
(1.41593 -1.53118 1.48408e-17)
(1.1542 -1.44963 6.18243e-18)
(0.901811 -1.27932 6.68651e-18)
(0.674946 -1.05232 -2.96081e-17)
(0.483903 -0.78659 0)
(0.340364 -0.490633 -3.10345e-17)
(0.253337 -0.176255 4.7455e-17)
(0.20203 0.0660544 1.32169e-16)
(1.91582 -0.663828 2.30914e-18)
(1.85803 -0.988865 0)
(1.7045 -1.22111 1.07415e-17)
(1.48292 -1.33529 0)
(1.2233 -1.3267 8.83581e-20)
(0.963122 -1.21276 2.56137e-17)
(0.724682 -1.0255 6.98608e-18)
(0.519945 -0.793585 -3.92172e-17)
(0.355726 -0.532443 0)
(0.245643 -0.258388 3.2438e-17)
(0.202516 0.00911992 -5.1214e-17)
(0.236409 0.224876 0)
(1.78413 -0.648357 -1.25975e-18)
(1.68813 -0.918986 5.33168e-18)
(1.50821 -1.09733 -1.09244e-17)
(1.27402 -1.1635 1.44859e-17)
(1.01836 -1.11986 -6.0499e-18)
(0.774392 -0.986848 -1.64192e-17)
(0.560764 -0.794541 -4.35656e-17)
(0.386469 -0.56888 3.97912e-17)
(0.258245 -0.329084 0)
(0.185999 -0.0947683 -3.25907e-17)
(0.175893 0.111027 -1.67205e-17)
(0.21833 0.249692 0)
(1.60769 -0.613595 -6.47655e-19)
(1.48393 -0.833345 -5.96379e-18)
(1.28834 -0.962987 1.38841e-18)
(1.05415 -0.990273 7.11782e-20)
(0.812911 -0.922309 -1.24528e-17)
(0.592931 -0.779883 0)
(0.409646 -0.591052 3.61837e-17)
(0.270943 -0.38229 -7.98889e-18)
(0.181483 -0.173751 0)
(0.144572 0.0161086 8.66335e-17)
(0.158205 0.168169 0)
(0.206858 0.254055 0)
(1.4111 -0.564441 -2.60168e-18)
(1.26555 -0.737758 0)
(1.06245 -0.82623 8.46692e-18)
(0.835628 -0.823614 -1.1861e-17)
(0.613495 -0.739746 6.20717e-21)
(0.420839 -0.595271 2.9937e-17)
(0.270591 -0.41732 -7.21164e-18)
(0.167931 -0.231628 -2.40054e-17)
(0.114799 -0.0570153 9.12871e-18)
(0.107981 0.0925712 -4.37302e-17)
(0.138407 0.203184 -3.18485e-17)
(0.184766 0.24975 4.26482e-17)
(1.21137 -0.504512 2.59692e-18)
(1.04876 -0.637326 0)
(0.843135 -0.692442 -1.13517e-17)
(0.626358 -0.667794 2.94639e-18)
(0.42492 -0.574975 -3.10558e-18)
(0.260259 -0.434554 -3.31534e-17)
(0.141974 -0.271855 2.90105e-17)
(0.0721943 -0.111306 4.05505e-17)
(0.0504218 0.0313232 0)
(0.0690053 0.146967 1.13599e-17)
(0.113913 0.224858 -1.6439e-17)
(0.159048 0.23785 0)
(1.02157 -0.436686 6.64425e-19)
(0.845366 -0.535617 -6.19094e-18)
(0.63929 -0.564753 0)
(0.433258 -0.524924 0)
(0.251503 -0.429041 0)
(0.112452 -0.296805 -6.71888e-18)
(0.0222838 -0.15118 -2.22741e-17)
(-0.0198649 -0.0150686 -3.36147e-17)
(-0.0158041 0.099074 9.84411e-18)
(0.0245205 0.18612 1.39351e-20)
(0.0838338 0.236606 -1.60497e-16)
(0.128909 0.218877 -3.91814e-16)
(0.850853 -0.36328 2.75226e-18)
(0.66387 -0.434698 7.02424e-18)
(0.458172 -0.444532 -1.4542e-18)
(0.261491 -0.39554 3.02768e-18)
(0.0962031 -0.301175 1.94182e-17)
(-0.0218109 -0.179642 2.47015e-17)
(-0.0893512 -0.0511481 -3.15152e-17)
(-0.109946 0.0623785 8.1622e-17)
(-0.0853182 0.151356 0)
(-0.0264178 0.213595 0)
(0.0479852 0.239488 1.42924e-16)
(0.0970595 0.19342 5.559e-17)
(0.704793 -0.285678 -2.9857e-18)
(0.509389 -0.335313 -1.52182e-18)
(0.303813 -0.331686 1.5765e-18)
(0.113854 -0.278514 0)
(-0.0395092 -0.189189 -5.68215e-17)
(-0.142339 -0.0797553 -3.91528e-17)
(-0.193396 0.0322457 3.56236e-17)
(-0.19845 0.125151 -4.17618e-17)
(-0.158115 0.191393 1.28118e-17)
(-0.0837545 0.231383 1.69415e-17)
(0.00675145 0.233855 -2.52987e-17)
(0.0642827 0.162036 5.39858e-16)
(0.584104 -0.20599 -3.68957e-18)
(0.382273 -0.238649 0)
(0.175991 -0.226164 -1.54133e-17)
(-0.0104921 -0.172381 4.0477e-18)
(-0.156765 -0.0903004 2.63608e-17)
(-0.250769 0.00658682 -4.88545e-18)
(-0.291131 0.102845 -2.27345e-17)
(-0.285592 0.176866 9.48012e-17)
(-0.233315 0.222228 -1.17071e-16)
(-0.146597 0.241401 3.96927e-20)
(-0.0386312 0.220187 -3.55751e-17)
(0.0323188 0.125937 0)
(0.480194 -0.132783 4.30678e-18)
(0.273694 -0.153 -2.00211e-17)
(0.0656981 -0.13438 4.74598e-17)
(-0.120394 -0.0795798 0)
(-0.263071 -0.00347993 -7.23234e-18)
(-0.354153 0.0838375 7.7406e-18)
(-0.387118 0.164892 5.11987e-17)
(-0.371962 0.222061 -2.95347e-16)
(-0.309457 0.247252 1.92697e-16)
(-0.214692 0.244256 0)
(-0.0925665 0.193356 0)
(0.000863915 0.0863843 0)
(0.355399 -0.0755956 2.93385e-17)
(0.148967 -0.0848937 7.02674e-17)
(-0.054703 -0.0614463 -1.60284e-16)
(-0.240621 -0.00483683 1.72654e-17)
(-0.379392 0.0649445 -3.1992e-17)
(-0.473278 0.14123 -7.92911e-17)
(-0.48671 0.209785 -8.44283e-17)
(-0.451472 0.238508 3.44066e-17)
(-0.379592 0.243157 -2.87157e-16)
(-0.281313 0.226047 -4.88167e-17)
(-0.134926 0.167994 0)
(-0.0138878 0.0628457 -1.5877e-15)
(0.814119 0.493531 8.96531e-17)
(0.852832 0.359755 3.02082e-17)
(0.932766 0.282664 -2.04208e-17)
(1.0176 0.136454 -2.16507e-17)
(1.07838 -0.0715789 1.95819e-17)
(1.09809 -0.330668 1.87304e-17)
(1.06551 -0.626217 -1.95471e-18)
(0.963578 -0.941277 -3.92791e-18)
(0.776914 -1.254 2.10963e-18)
(0.499013 -1.53651 0)
(0.147391 -1.76472 0)
(-0.257331 -1.91261 -3.50186e-20)
(0.659326 0.38578 0)
(0.802521 0.305352 9.22043e-20)
(0.890279 0.206443 0)
(0.958468 0.0422389 1.77109e-17)
(0.998976 -0.171546 -3.99577e-18)
(1.00012 -0.425658 7.71911e-18)
(0.952983 -0.707605 -2.15476e-17)
(0.84472 -1.0031 2.04066e-18)
(0.66167 -1.29273 0)
(0.398928 -1.5516 -9.43203e-18)
(0.0707463 -1.75566 0)
(-0.300024 -1.87915 2.4316e-18)
(0.577374 0.310246 0)
(0.743256 0.24944 -3.92952e-17)
(0.841067 0.135309 5.44391e-18)
(0.896443 -0.0396867 0)
(0.92103 -0.255012 1.67199e-17)
(0.907122 -0.500622 3.95243e-18)
(0.847879 -0.765195 1.39003e-17)
(0.734241 -1.03632 -1.25293e-17)
(0.555287 -1.29697 2.22739e-18)
(0.307787 -1.52437 1.89308e-17)
(0.00503345 -1.69517 4.92388e-18)
(-0.32899 -1.78538 -1.2331e-18)
(0.47973 0.219754 -1.02089e-16)
(0.682292 0.191245 0)
(0.787492 0.06993 0)
(0.83307 -0.11055 2.41289e-17)
(0.845616 -0.324104 -2.17773e-17)
(0.820331 -0.558501 4.11188e-18)
(0.752199 -0.803095 -4.15691e-18)
(0.635015 -1.04631 8.49654e-18)
(0.461297 -1.27345 9.06756e-18)
(0.229958 -1.46358 1.22788e-19)
(-0.0455318 -1.59503 -4.88232e-18)
(-0.340713 -1.64618 1.26993e-18)
(0.398823 0.143849 1.22564e-16)
(0.618786 0.136605 0)
(0.731172 0.0108754 6.03492e-18)
(0.769505 -0.171624 -4.61494e-17)
(0.773596 -0.381118 0)
(0.74057 -0.602424 -2.17579e-17)
(0.66708 -0.825629 2.37041e-17)
(0.549017 -1.03918 -1.98659e-17)
(0.382169 -1.23044 -6.85846e-18)
(0.168131 -1.38065 -2.1658e-17)
(-0.079275 -1.47053 0)
(-0.335991 -1.48259 -2.52825e-18)
(0.318055 0.06903 3.7837e-17)
(0.552588 0.0871224 -4.533e-17)
(0.672525 -0.0416249 0)
(0.706194 -0.223951 -6.37969e-20)
(0.705371 -0.428158 0)
(0.668142 -0.635417 4.54226e-18)
(0.592828 -0.836858 -2.26538e-17)
(0.476928 -1.02069 1.59938e-17)
(0.318947 -1.17608 1.18514e-17)
(0.123203 -1.2868 9.72064e-18)
(-0.0962975 -1.33608 -5.01884e-18)
(-0.316655 -1.31166 1.26682e-18)
(0.240687 0.0066013 0)
(0.482597 0.0462241 1.19669e-16)
(0.610782 -0.0868823 6.6594e-17)
(0.642733 -0.268103 1.84187e-17)
(0.640642 -0.46685 0)
(0.602848 -0.660079 2.52331e-17)
(0.529172 -0.840423 -2.47471e-18)
(0.418459 -0.995852 -1.73178e-20)
(0.271385 -1.11739 -1.23297e-17)
(0.0946389 -1.19131 0)
(-0.0977042 -1.20354 -3.21404e-20)
(-0.284668 -1.14659 3.86373e-26)
(0.165744 -0.0413334 -4.42042e-16)
(0.40677 0.0169869 -1.95539e-16)
(0.544114 -0.124089 -6.04818e-17)
(0.577802 -0.304174 -5.69237e-17)
(0.578256 -0.498112 0)
(0.543774 -0.678227 5.68349e-18)
(0.475186 -0.839153 -8.17163e-18)
(0.372624 -0.968698 1.7173e-20)
(0.23828 -1.05988 2.64986e-18)
(0.0809647 -1.10127 0)
(-0.0853337 -1.08145 5.34035e-18)
(-0.242115 -0.996669 2.71032e-18)
(0.091853 -0.0699586 5.17732e-19)
(0.321768 0.00368731 1.14254e-16)
(0.469216 -0.151788 0)
(0.509324 -0.331547 8.67997e-18)
(0.516386 -0.521827 -6.31988e-20)
(0.489189 -0.69045 -2.73073e-17)
(0.429183 -0.834516 2.21206e-17)
(0.337551 -0.941565 -2.72669e-17)
(0.217696 -1.00688 0)
(0.0800655 -1.02089 -1.17432e-17)
(-0.061287 -0.97473 0)
(-0.190839 -0.867272 -5.92206e-18)
(0.0175968 -0.0698966 5.77081e-16)
(0.222663 0.0124904 -2.03693e-17)
(0.383 -0.166182 1.54617e-16)
(0.435477 -0.348112 8.4368e-17)
(0.452937 -0.535842 -7.00097e-17)
(0.436813 -0.694777 3.50421e-17)
(0.388736 -0.825096 -8.00919e-18)
(0.310523 -0.913744 2.64165e-17)
(0.206896 -0.958548 3.64799e-18)
(0.0890705 -0.950679 2.68663e-17)
(-0.0283967 -0.884146 -5.38684e-18)
(-0.133457 -0.759153 3.5886e-18)
(-0.0565373 -0.0289145 0)
(0.100074 0.0496525 0)
(0.282464 -0.159317 -2.2795e-16)
(0.354646 -0.347702 0)
(0.38483 -0.53094 1.44679e-16)
(0.382684 -0.680967 -1.3807e-16)
(0.349021 -0.801344 -3.09317e-17)
(0.285524 -0.877089 4.03316e-17)
(0.200498 -0.908354 0)
(0.101997 -0.883479 7.44181e-20)
(0.0062059 -0.802615 3.25462e-17)
(-0.0779244 -0.664581 0)
(-0.107592 0.0480916 -1.33408e-15)
(-0.0206856 0.100365 -8.61543e-16)
(0.157965 -0.115503 8.70061e-17)
(0.247268 -0.319181 0)
(0.283559 -0.480892 -3.17045e-17)
(0.292892 -0.61006 2.72235e-16)
(0.276769 -0.717943 -2.44386e-17)
(0.237576 -0.785244 -1.16259e-16)
(0.177915 -0.818179 1.38111e-17)
(0.0929912 -0.780361 -4.62012e-17)
(0.0233568 -0.690753 -9.59874e-17)
(-0.0386802 -0.543922 1.29212e-17)
(-0.656115 -1.97118 1.09368e-18)
(-1.0269 -1.95336 -1.09008e-18)
(-1.32038 -1.84662 1.12979e-18)
(-1.49481 -1.66135 1.07002e-17)
(-1.53264 -1.41706 1.18612e-17)
(-1.45138 -1.15567 -1.2406e-17)
(-1.28086 -0.903287 -6.70244e-18)
(-1.05335 -0.676189 -2.21573e-17)
(-0.787271 -0.48482 6.82727e-17)
(-0.491207 -0.340845 0)
(-0.177029 -0.253338 6.33816e-17)
(0.0651097 -0.201937 0)
(-0.663363 -1.91326 1.13774e-18)
(-0.988807 -1.85672 0)
(-1.22188 -1.70456 0)
(-1.33681 -1.484 1.42439e-19)
(-1.32866 -1.22499 -1.19182e-17)
(-1.21473 -0.96504 -3.19084e-17)
(-1.02709 -0.726587 -2.08753e-17)
(-0.794659 -0.5217 0)
(-0.53327 -0.357231 -3.55176e-17)
(-0.259186 -0.246712 1.07452e-17)
(0.00823463 -0.202893 3.40166e-17)
(0.223974 -0.236179 2.66871e-16)
(-0.648511 -1.78288 -1.28026e-18)
(-0.919685 -1.6879 1.32423e-18)
(-1.09878 -1.50907 9.6654e-18)
(-1.16554 -1.27561 -2.01201e-17)
(-1.12209 -1.02032 -1.82948e-17)
(-0.988867 -0.776491 -3.33402e-18)
(-0.796084 -0.56286 4.34092e-17)
(-0.569934 -0.388512 2.37577e-17)
(-0.329943 -0.260099 -3.60547e-17)
(-0.0955618 -0.187444 0)
(0.110282 -0.176609 -6.68278e-17)
(0.248976 -0.218288 7.32777e-20)
(-0.614231 -1.60755 2.57617e-18)
(-0.834613 -1.48456 0)
(-0.964941 -1.28973 -1.10277e-17)
(-0.992594 -1.05595 2.84658e-18)
(-0.924615 -0.814882 1.24071e-17)
(-0.781819 -0.59496 5.69082e-17)
(-0.592473 -0.411702 -3.60277e-17)
(-0.38323 -0.273021 -3.98255e-17)
(-0.1745 -0.183426 8.15687e-17)
(0.0154777 -0.146171 -4.32353e-17)
(0.167619 -0.15913 0)
(0.253545 -0.207071 -1.68932e-16)
(-0.565437 -1.41184 -2.58141e-18)
(-0.739403 -1.26681 0)
(-0.82844 -1.06409 0)
(-0.826007 -0.837374 8.86071e-18)
(-0.741971 -0.615241 3.12262e-17)
(-0.597022 -0.422589 -2.98029e-17)
(-0.418538 -0.272382 2.87558e-17)
(-0.232348 -0.169805 -3.19051e-17)
(-0.0575453 -0.116597 -7.28546e-17)
(0.0922103 -0.109542 2.3369e-20)
(0.202899 -0.139403 6.378e-17)
(0.249459 -0.185132 0)
(-0.505728 -1.21279 1.29482e-18)
(-0.639157 -1.0504 -5.43416e-18)
(-0.694716 -0.844785 0)
(-0.670098 -0.627861 0)
(-0.577011 -0.426281 -2.77569e-17)
(-0.436029 -0.261558 -2.31131e-17)
(-0.272803 -0.143313 0)
(-0.111718 -0.0736716 3.23261e-17)
(0.0310866 -0.0518795 2.79356e-17)
(0.146924 -0.0703847 5.67559e-17)
(0.224858 -0.114856 -1.31805e-16)
(0.237774 -0.159521 3.58594e-16)
(-0.437992 -1.02349 -3.94825e-26)
(-0.537466 -0.847196 6.82671e-18)
(-0.566927 -0.640832 -1.41226e-18)
(-0.527016 -0.434415 -2.92992e-18)
(-0.430796 -0.252376 6.21056e-18)
(-0.297949 -0.113186 2.34377e-17)
(-0.151796 -0.0230484 0)
(-0.0151388 0.0189219 0)
(0.0991698 0.0148118 3.92733e-17)
(0.18639 -0.0256105 0)
(0.236863 -0.0846267 5.35772e-17)
(0.218951 -0.129473 -3.42085e-16)
(-0.364555 -0.853134 2.74402e-18)
(-0.436415 -0.665788 5.62e-18)
(-0.446477 -0.459536 1.15849e-17)
(-0.397324 -0.262256 0)
(-0.302595 -0.0965463 3.21174e-18)
(-0.180406 0.0216844 -1.05244e-17)
(-0.0514287 0.0892303 1.5706e-17)
(0.0626754 0.109591 -5.42333e-17)
(0.151745 0.0848776 -3.24964e-17)
(0.21414 0.0256695 0)
(0.239942 -0.048548 1.63882e-16)
(0.193589 -0.0976596 4.46332e-16)
(-0.286807 -0.707339 -5.96588e-18)
(-0.336798 -0.511336 -6.06948e-18)
(-0.333298 -0.304988 -1.2523e-17)
(-0.279941 -0.114226 3.28251e-18)
(-0.190193 0.039662 -2.11858e-20)
(-0.0801862 0.142831 -3.91199e-18)
(0.0323661 0.193888 0)
(0.125696 0.198728 -1.15362e-20)
(0.192104 0.158207 -1.27931e-17)
(0.232065 0.083387 1.5237e-16)
(0.234455 -0.00705116 -2.03053e-16)
(0.162217 -0.0648651 -5.38331e-16)
(-0.206872 -0.586849 3.66311e-18)
(-0.239825 -0.384225 -7.4496e-18)
(-0.227373 -0.176995 1.53578e-17)
(-0.17341 0.0104657 0)
(-0.0908377 0.157365 0)
(0.006458 0.251835 -2.94464e-17)
(0.103383 0.292183 3.3947e-17)
(0.177565 0.286506 1.6195e-16)
(0.223224 0.233857 1.33481e-16)
(0.242128 0.14666 2.27529e-17)
(0.220822 0.0385408 -3.56516e-17)
(0.126122 -0.0326984 0)
(-0.133396 -0.483091 0)
(-0.153844 -0.275643 1.2218e-17)
(-0.135224 -0.0665545 -2.5176e-17)
(-0.0801859 0.120686 6.65867e-18)
(-0.00361156 0.264077 -7.25642e-18)
(0.0840957 0.355735 6.13882e-17)
(0.165739 0.388735 -6.79627e-17)
(0.222976 0.37341 -1.56902e-16)
(0.248366 0.310474 -1.9212e-16)
(0.244997 0.215134 -2.59458e-16)
(0.193863 0.0927088 4.70206e-16)
(0.0865538 -0.00101996 -1.20561e-16)
(-0.0759753 -0.358343 2.92165e-17)
(-0.0854486 -0.150801 -7.0096e-17)
(-0.061983 0.0540408 0)
(-0.00507658 0.241296 -1.38192e-16)
(0.0651653 0.380815 -1.2739e-16)
(0.141803 0.475484 0)
(0.21082 0.488855 4.19474e-17)
(0.239501 0.453327 -6.86427e-17)
(0.244136 0.380981 -1.00159e-20)
(0.22673 0.282122 4.86475e-17)
(0.168369 0.135127 -1.47688e-15)
(0.0630672 0.013919 0)
(0.492746 -0.813507 -8.97636e-17)
(0.359332 -0.85273 -3.76538e-17)
(0.282156 -0.933155 2.55883e-17)
(0.135701 -1.01835 0)
(-0.0727723 -1.07929 1.56132e-17)
(-0.332418 -1.09904 3.73517e-18)
(-0.628583 -1.06638 -1.13848e-17)
(-0.944171 -0.964176 -5.97146e-18)
(-1.25726 -0.777109 -1.03826e-17)
(-1.53987 -0.498765 0)
(-1.76786 -0.146798 4.62972e-18)
(-1.91505 0.258012 -1.1769e-18)
(0.384923 -0.658696 0)
(0.304787 -0.802409 3.84665e-17)
(0.205788 -0.890557 -2.61324e-17)
(0.0413781 -0.959028 0)
(-0.172781 -0.99965 1.21464e-17)
(-0.427357 -1.00078 3.8886e-18)
(-0.709804 -0.953555 -1.56848e-17)
(-1.00571 -0.845079 -1.15628e-19)
(-1.29557 -0.661722 0)
(-1.55443 -0.398688 0)
(-1.75818 -0.0703571 0)
(-1.881 0.300247 -1.23012e-18)
(0.309345 -0.576739 0)
(0.248778 -0.743077 2.36609e-17)
(0.134599 -0.841218 2.71236e-17)
(-0.0405537 -0.896814 0)
(-0.256181 -0.921471 -1.247e-17)
(-0.502155 -0.907503 8.01196e-18)
(-0.767099 -0.848169 2.19759e-17)
(-1.03851 -0.734375 -4.26175e-18)
(-1.29925 -0.555217 -6.69093e-18)
(-1.52653 -0.307565 0)
(-1.69695 -0.00484816 -4.92992e-18)
(-1.78647 0.328847 1.23454e-18)
(0.218813 -0.479045 0)
(0.190548 -0.682023 -3.23629e-17)
(0.0692376 -0.787507 -4.54011e-17)
(-0.111342 -0.833259 0)
(-0.325123 -0.845838 -4.33149e-18)
(-0.559782 -0.820471 -1.23272e-17)
(-0.804615 -0.752237 1.65892e-17)
(-1.04799 -0.634953 8.50155e-18)
(-1.2751 -0.461131 -1.00444e-19)
(-1.465 -0.229785 1.19301e-18)
(-1.59604 0.0455244 4.27131e-18)
(-1.64657 0.340251 -6.31735e-19)
(0.142914 -0.398092 3.05746e-17)
(0.135928 -0.618415 -1.69661e-17)
(0.0102599 -0.731054 2.42042e-17)
(-0.172277 -0.769521 5.14106e-18)
(-0.381925 -0.773617 2.30633e-17)
(-0.603394 -0.740504 -4.37093e-18)
(-0.826713 -0.666912 -3.2249e-17)
(-1.0403 -0.548796 -2.00113e-20)
(-1.23144 -0.381934 9.14332e-18)
(-1.38138 -0.168002 -1.20966e-17)
(-1.47083 0.0791134 0)
(-1.48243 0.335285 2.54544e-18)
(0.0681465 -0.317294 0)
(0.0865064 -0.552115 -9.01798e-18)
(-0.0421147 -0.672279 6.60403e-18)
(-0.224418 -0.706051 0)
(-0.428702 -0.705211 -1.48527e-17)
(-0.636032 -0.667904 -1.86353e-17)
(-0.837481 -0.592504 1.35379e-17)
(-1.02124 -0.476588 -2.28509e-18)
(-1.17646 -0.318663 2.3733e-18)
(-1.2869 -0.12311 9.73243e-18)
(-1.33583 0.0960267 0)
(-1.31114 0.31581 -2.53673e-18)
(0.00579651 -0.239903 4.0387e-16)
(0.0457069 -0.482023 6.97239e-17)
(-0.0872041 -0.610415 4.1274e-20)
(-0.268344 -0.642449 6.17376e-18)
(-0.467092 -0.640322 2.18218e-17)
(-0.660308 -0.602461 2.52247e-17)
(-0.840573 -0.528722 -4.90759e-18)
(-0.99585 -0.418025 0)
(-1.11717 -0.271058 0)
(-1.19085 -0.0945557 0)
(-1.20283 0.097381 4.49216e-18)
(-1.14577 0.283774 6.48761e-19)
(-0.042027 -0.164984 -3.86721e-16)
(0.016614 -0.406107 -1.03328e-16)
(-0.124203 -0.543633 0)
(-0.304154 -0.577394 0)
(-0.498023 -0.577797 -4.35278e-17)
(-0.678052 -0.543261 2.2795e-17)
(-0.838828 -0.474632 -2.45331e-17)
(-0.968167 -0.372115 -2.67198e-17)
(-1.05913 -0.23791 2.65143e-18)
(-1.10029 -0.080869 -1.32509e-18)
(-1.08033 0.0850229 -4.00667e-18)
(-0.995618 0.241253 -2.71413e-18)
(-0.0705645 -0.091135 0)
(0.00350811 -0.321032 -1.42375e-17)
(-0.151646 -0.468622 1.08166e-17)
(-0.331238 -0.508799 8.73248e-18)
(-0.521382 -0.515807 3.01658e-17)
(-0.689858 -0.488563 -2.72576e-17)
(-0.833718 -0.428542 1.89143e-17)
(-0.94053 -0.336975 4.84061e-17)
(-1.00563 -0.21728 0)
(-1.01945 -0.0799298 1.4668e-18)
(-0.973253 0.0610281 -1.47518e-18)
(-0.866014 0.190084 2.95916e-18)
(-0.0703686 -0.0169659 0)
(0.0125548 -0.221867 -2.03103e-17)
(-0.165715 -0.382278 6.30407e-20)
(-0.347483 -0.434831 1.08475e-16)
(-0.535016 -0.452247 -8.98774e-17)
(-0.693761 -0.436082 5.2683e-17)
(-0.823829 -0.388017 -4.05223e-18)
(-0.912222 -0.309882 -3.77571e-17)
(-0.956824 -0.206424 3.65064e-18)
(-0.948808 -0.0888713 1.43751e-17)
(-0.88233 0.0282393 0)
(-0.757688 0.13288 3.61018e-18)
(-0.0291623 0.0570125 0)
(0.0500388 -0.0992554 0)
(-0.158405 -0.281585 0)
(-0.346696 -0.353878 -1.61438e-16)
(-0.5297 -0.384018 2.73256e-16)
(-0.679501 -0.381845 -6.90712e-17)
(-0.799603 -0.348213 6.18267e-18)
(-0.87508 -0.284807 -5.77716e-18)
(-0.906153 -0.199966 0)
(-0.881184 -0.101697 -4.6015e-17)
(-0.800455 -0.00623375 2.58388e-17)
(-0.662883 0.0775728 -6.8846e-18)
(0.0481222 0.107997 1.51889e-15)
(0.101133 0.0216714 0)
(-0.11386 -0.156923 -8.68186e-17)
(-0.317576 -0.246427 3.95346e-16)
(-0.479115 -0.282712 -2.23171e-16)
(-0.608048 -0.292049 -5.45328e-17)
(-0.715662 -0.275973 1.34243e-16)
(-0.782699 -0.236874 -2.59368e-17)
(-0.815492 -0.177316 1.38169e-17)
(-0.777574 -0.0926747 9.26838e-17)
(-0.688233 -0.0232932 -4.80631e-17)
(-0.541938 0.0385004 -2.59041e-17)
(-1.97266 0.656257 -1.0948e-18)
(-1.95396 1.02638 -1.09221e-18)
(-1.84632 1.31893 1.13498e-18)
(-1.66048 1.49272 0)
(-1.41616 1.53054 -1.48695e-17)
(-1.15501 1.44997 -9.33906e-18)
(-0.902945 1.28059 3.3563e-17)
(-0.676165 1.05451 2.22155e-17)
(-0.484968 0.789526 0)
(-0.341181 0.493819 -1.62453e-19)
(-0.253831 0.178621 -6.35839e-17)
(-0.202333 -0.0650766 -1.31974e-16)
(-1.91418 0.663039 -2.30695e-18)
(-1.85672 0.987682 -1.23736e-18)
(-1.70383 1.21996 -9.40711e-18)
(-1.48295 1.33455 2.86102e-18)
(-1.22396 1.32664 8.96432e-18)
(-0.964156 1.21354 -3.20089e-17)
(-0.725844 1.02704 -2.09298e-17)
(-0.521021 0.79584 0)
(-0.356498 0.53514 0)
(-0.24603 0.260885 -3.24601e-17)
(-0.202623 -0.00779977 -1.7099e-17)
(-0.236765 -0.225049 -2.12373e-16)
(-1.7831 0.647687 6.20367e-19)
(-1.6875 0.918127 5.98631e-18)
(-1.50816 1.09662 1.09173e-17)
(-1.27454 1.16324 0)
(-1.0193 1.12022 -9.18484e-18)
(-0.775538 0.987897 4.27396e-17)
(-0.561896 0.796205 -2.17849e-17)
(-0.387378 0.571041 0)
(-0.258744 0.331386 0)
(-0.18609 0.0966139 0)
(-0.175846 -0.110273 0)
(-0.218646 -0.249996 1.77129e-16)
(-1.60732 0.61307 0)
(-1.48392 0.832775 -3.95542e-18)
(-1.28881 0.962642 -1.38748e-18)
(-1.05503 0.990366 2.92652e-18)
(-0.81405 0.922929 6.21253e-18)
(-0.594136 0.781078 -3.02346e-17)
(-0.410719 0.59271 7.25545e-18)
(-0.271701 0.38425 0)
(-0.181795 0.175649 -3.63365e-17)
(-0.144526 -0.0147305 3.25002e-17)
(-0.158143 -0.167688 -4.84089e-17)
(-0.207219 -0.254409 -1.68726e-16)
(-1.41133 0.564053 1.95137e-18)
(-1.26609 0.737426 6.70451e-19)
(-1.06333 0.826162 0)
(-0.836775 0.823949 -2.96883e-18)
(-0.614769 0.740528 -1.88159e-17)
(-0.422066 0.596516 -3.32839e-18)
(-0.271602 0.418892 1.88655e-20)
(-0.168577 0.233351 -3.20174e-17)
(-0.115013 0.0585691 2.7418e-17)
(-0.107897 -0.0915071 -3.2824e-17)
(-0.13836 -0.202862 6.37437e-17)
(-0.185136 -0.25012 -1.30181e-19)
(-1.21211 0.504241 -3.24602e-18)
(-1.04974 0.637176 2.03662e-18)
(-0.844347 0.692571 -1.42253e-18)
(-0.627715 0.668287 2.94482e-18)
(-0.426287 0.575838 2.47589e-17)
(-0.261489 0.435781 3.30122e-18)
(-0.142932 0.273299 2.17436e-17)
(-0.0727704 0.112796 5.67416e-17)
(-0.0505967 -0.0300502 9.33088e-18)
(-0.0689237 -0.146129 0)
(-0.113877 -0.22465 0)
(-0.159426 -0.238245 1.79002e-16)
(-1.02272 0.436508 -1.97802e-26)
(-0.846699 0.5356 -4.12928e-18)
(-0.640762 0.565013 -1.27547e-17)
(-0.434777 0.525507 0)
(-0.252937 0.429924 0)
(-0.113677 0.297969 -6.71526e-18)
(-0.0232007 0.152476 7.43435e-18)
(0.0193298 0.016342 -6.72113e-17)
(0.0156405 -0.0980368 -4.91911e-17)
(-0.0244475 -0.185468 2.45306e-17)
(-0.0837914 -0.236493 1.24907e-16)
(-0.129257 -0.219282 3.91053e-16)
(-0.852331 0.363173 2.06435e-18)
(-0.665476 0.434772 7.72313e-18)
(-0.459842 0.444872 2.17581e-17)
(-0.263134 0.396161 -2.42979e-17)
(-0.0976875 0.302031 -2.26471e-17)
(0.0205933 0.180714 -1.05636e-17)
(0.0884632 0.0522871 7.88968e-18)
(0.109434 -0.0613063 3.62493e-17)
(0.085157 -0.15053 1.30189e-16)
(0.0264921 -0.213111 1.11257e-16)
(-0.0479228 -0.239463 9.65098e-20)
(-0.0973364 -0.193843 2.75007e-19)
(-0.706503 0.285629 -2.98371e-18)
(-0.511189 0.335447 -6.10658e-18)
(-0.305622 0.332063 -1.25624e-17)
(-0.115589 0.279126 4.95792e-17)
(0.0379878 0.18999 2.83919e-17)
(0.141125 0.0807078 3.92565e-18)
(0.192532 -0.0312612 -3.55899e-17)
(0.197952 -0.124279 0)
(0.157962 -0.19076 1.79467e-20)
(0.0838435 -0.231063 -2.70604e-16)
(-0.00665027 -0.233923 -2.27832e-16)
(-0.064465 -0.162465 6.75397e-17)
(-0.585954 0.205987 0)
(-0.384188 0.238818 9.2957e-18)
(-0.177886 0.226545 -1.73296e-17)
(0.00869787 0.172945 -3.24356e-17)
(0.15522 0.0910286 -3.08271e-17)
(0.249554 -0.00576806 -1.47429e-17)
(0.290294 -0.102012 -2.8759e-21)
(0.285109 -0.176193 -9.47285e-17)
(0.233191 -0.221776 -2.84109e-16)
(0.146713 -0.241243 2.04177e-16)
(0.0388004 -0.220354 0)
(-0.0323605 -0.126343 -1.40928e-15)
(-0.482085 0.132803 0)
(-0.27564 0.153172 -2.1549e-17)
(-0.0676178 0.134749 2.20784e-17)
(0.118587 0.0801017 -6.68024e-18)
(0.261521 0.00413092 1.23417e-16)
(0.352942 -0.0831259 6.17561e-17)
(0.386326 -0.164207 6.8209e-17)
(0.371531 -0.221584 1.57382e-16)
(0.309389 -0.246994 1.9254e-16)
(0.214854 -0.244257 0)
(0.0928398 -0.193606 0)
(-0.00072705 -0.0867489 9.65723e-16)
(-0.357174 0.0756243 -1.46445e-17)
(-0.150761 0.0850276 1.4915e-16)
(0.0529196 0.0617819 7.01296e-17)
(0.238886 0.00528364 1.38886e-16)
(0.377945 -0.0644238 -1.27858e-16)
(0.472109 -0.140699 -3.14928e-17)
(0.486159 -0.209366 4.22826e-17)
(0.451257 -0.238285 -3.44223e-17)
(0.379636 -0.243109 4.10482e-17)
(0.281569 -0.226152 0)
(0.135335 -0.168305 0)
(0.0141014 -0.0631646 1.58598e-15)
(-0.814462 -0.493083 0)
(-0.852761 -0.3591 -3.75681e-17)
(-0.932582 -0.282404 5.13345e-18)
(-1.01749 -0.136679 0)
(-1.07851 0.0708166 0)
(-1.0987 0.329463 3.7391e-18)
(-1.06677 0.624713 5.59957e-18)
(-0.965373 0.939661 -1.98584e-18)
(-0.779055 1.25256 8.28082e-18)
(-0.501345 1.53537 0)
(-0.149964 1.76386 4.62482e-18)
(0.255328 1.91232 1.21308e-18)
(-0.659246 -0.3853 0)
(-0.802468 -0.304813 0)
(-0.890238 -0.206244 -2.09643e-17)
(-0.958558 -0.0424271 0)
(-0.999316 0.170946 -3.99404e-18)
(-1.0009 0.424753 7.7258e-18)
(-0.954368 0.706575 -1.96439e-17)
(-0.846585 1.00214 -2.01366e-18)
(-0.663801 1.29208 2.18164e-18)
(-0.401196 1.55138 9.4446e-18)
(-0.0731882 1.75582 0)
(0.29826 1.87987 -1.20104e-18)
(-0.57717 -0.309669 0)
(-0.743193 -0.248959 -7.83262e-18)
(-0.841129 -0.135133 3.24411e-17)
(-0.896676 0.0395469 -4.61818e-18)
(-0.921515 0.254574 0)
(-0.907985 0.500004 -1.20289e-17)
(-0.849292 0.764593 2.80546e-17)
(-0.736092 1.03595 0)
(-0.55734 1.29703 0)
(-0.309922 1.52495 -8.21523e-18)
(-0.00729977 1.69623 3.69876e-18)
(0.327418 1.78716 1.25616e-18)
(-0.47938 -0.219158 0)
(-0.682202 -0.190813 0)
(-0.787607 -0.0697822 -2.27458e-17)
(-0.833383 0.110441 4.79362e-18)
(-0.846181 0.323799 -4.38122e-18)
(-0.821218 0.558125 3.72255e-17)
(-0.753563 0.802842 -4.04014e-18)
(-0.636776 1.04641 1.07275e-17)
(-0.46321 1.27406 -1.13653e-17)
(-0.231903 1.46476 9.6179e-18)
(0.0434929 1.59674 -4.88155e-18)
(0.339342 1.64862 -1.25099e-18)
(-0.398381 -0.143236 0)
(-0.618642 -0.136228 3.39486e-17)
(-0.731292 -0.0107748 2.41673e-17)
(-0.769839 0.171512 0)
(-0.774173 0.380901 -1.38962e-17)
(-0.741424 0.602228 -2.60637e-17)
(-0.66833 0.825628 -2.79798e-17)
(-0.550611 1.03961 6.70107e-18)
(-0.383886 1.23143 9.17888e-18)
(-0.169843 1.38222 -9.58564e-18)
(0.0774834 1.47265 0)
(0.334784 1.48541 0)
(-0.317528 -0.0684561 0)
(-0.552369 -0.0868182 -3.61471e-17)
(-0.672608 0.0416501 6.56419e-18)
(-0.706497 0.223802 -5.56297e-18)
(-0.705898 0.427973 1.97914e-17)
(-0.668915 0.635327 4.62129e-18)
(-0.593915 0.837014 1.3567e-17)
(-0.478296 1.0213 -3.90683e-17)
(-0.320426 1.17727 2.37879e-18)
(-0.124669 1.28854 -1.22057e-18)
(0.0947531 1.33838 1.25173e-18)
(0.31559 1.31465 0)
(-0.2401 -0.00609361 0)
(-0.482283 -0.0460169 -7.96924e-17)
(-0.610794 0.0868017 0)
(-0.642966 0.267881 -2.46354e-17)
(-0.641072 0.466644 1.64072e-17)
(-0.603495 0.660026 3.04077e-17)
(-0.530071 0.840648 -2.4803e-18)
(-0.419585 0.996534 1.7028e-17)
(-0.27262 1.11861 0)
(-0.0958601 1.19306 -1.25527e-18)
(0.0964085 1.20581 1.27932e-18)
(0.283736 1.14955 0)
(-0.16514 0.0417369 0)
(-0.406355 -0.0169085 -1.15117e-17)
(-0.544029 0.123875 8.6508e-18)
(-0.577935 0.303848 -2.84879e-17)
(-0.578555 0.497843 -4.97487e-17)
(-0.544263 0.678153 -1.71333e-17)
(-0.475887 0.839374 -5.47448e-18)
(-0.373508 0.969356 -2.41095e-17)
(-0.239269 1.06103 2.65602e-18)
(-0.0819433 1.10291 -1.1948e-17)
(0.0842828 1.08355 1.34046e-18)
(0.241306 0.999461 0)
(-0.0912605 0.070269 -4.86228e-16)
(-0.321266 -0.00376881 1.14063e-16)
(-0.46901 0.151415 -7.5743e-17)
(-0.509336 0.331097 -8.86612e-18)
(-0.51653 0.521468 3.02551e-17)
(-0.489504 0.69031 6.78857e-18)
(-0.429675 0.834673 -6.36258e-18)
(-0.338199 0.94213 -6.85703e-20)
(-0.218448 1.00786 0)
(-0.0808103 1.02234 1.17089e-17)
(0.060478 0.976591 0)
(0.190135 0.869832 0)
(-0.0170898 0.0701044 5.76388e-16)
(-0.222095 -0.0127464 -1.83059e-16)
(-0.382649 0.165634 1.39057e-16)
(-0.435352 0.347535 9.64392e-17)
(-0.452912 0.535381 9.96018e-18)
(-0.436947 0.694538 3.5103e-17)
(-0.389014 0.825137 -3.62247e-17)
(-0.310946 0.914155 2.26775e-17)
(-0.207419 0.959318 3.65489e-18)
(-0.0895933 0.951863 1.43679e-17)
(0.0278158 0.885726 -7.18264e-18)
(0.132854 0.761458 0)
(0.0568792 0.0290027 0)
(-0.0994699 -0.0500727 2.82955e-16)
(-0.281947 0.158566 -2.56044e-16)
(-0.354384 0.347022 4.03523e-17)
(-0.384643 0.530383 -3.21798e-17)
(-0.382631 0.680605 -5.5184e-17)
(-0.349101 0.801209 6.82817e-17)
(-0.28574 0.877276 -5.78371e-18)
(-0.200775 0.908855 0)
(-0.102336 0.884354 -2.16017e-17)
(-0.00660812 0.80385 3.2562e-17)
(0.0774141 0.666646 0)
(0.107861 -0.0481157 -1.52037e-15)
(0.0213832 -0.100922 6.88094e-16)
(-0.157315 0.114451 6.97039e-16)
(-0.246955 0.318428 0)
(-0.283275 0.480317 -2.54672e-16)
(-0.292661 0.609537 -1.90857e-16)
(-0.276614 0.717549 7.31092e-17)
(-0.237478 0.785073 -1.28786e-17)
(-0.178095 0.81811 1.38812e-17)
(-0.093124 0.780862 0)
(-0.0235987 0.691404 9.19862e-20)
(0.0383163 0.545729 1.29192e-17)
)
;

boundaryField
{
    rotor
    {
        type            fixedValue;
        value           nonuniform List<vector> 
192
(
(0.0684902 2.09216 -0)
(0.205177 2.0832 -0)
(0.340986 2.06532 -0)
(0.475334 2.0386 -0)
(0.607647 2.00314 -0)
(0.737357 1.95911 -0)
(0.863911 1.90669 -0)
(0.986765 1.84611 -0)
(1.10539 1.77762 -0)
(1.21929 1.70151 -0)
(1.32796 1.61813 -0)
(1.43095 1.52781 -0)
(1.52781 1.43095 -0)
(1.61813 1.32796 -0)
(1.70151 1.21929 -0)
(1.77762 1.10539 -0)
(1.84611 0.986765 -0)
(1.90669 0.863911 -0)
(1.95911 0.737358 -0)
(2.00314 0.607647 -0)
(2.0386 0.475334 -0)
(2.06532 0.340986 -0)
(2.0832 0.205177 -0)
(2.09216 0.0684902 -0)
(2.09216 -0.0684902 0)
(2.0832 -0.205177 0)
(2.06532 -0.340986 0)
(2.0386 -0.475334 0)
(2.00314 -0.607647 0)
(1.95911 -0.737357 0)
(1.90669 -0.863911 0)
(1.84611 -0.986765 0)
(1.77762 -1.10539 0)
(1.70151 -1.21929 0)
(1.61813 -1.32796 0)
(1.52781 -1.43095 0)
(1.43095 -1.52781 0)
(1.32796 -1.61813 0)
(1.21929 -1.70151 0)
(1.10539 -1.77762 0)
(0.986765 -1.84611 0)
(0.863911 -1.90669 0)
(0.737357 -1.95911 0)
(0.607647 -2.00314 0)
(0.475334 -2.0386 0)
(0.340986 -2.06532 0)
(0.205177 -2.0832 0)
(0.0684901 -2.09216 0)
(-0.0684902 -2.09216 0)
(-0.205177 -2.0832 0)
(-0.340986 -2.06532 0)
(-0.475334 -2.0386 0)
(-0.607647 -2.00314 0)
(-0.737358 -1.95911 0)
(-0.863911 -1.90669 0)
(-0.986765 -1.84611 0)
(-1.10539 -1.77762 0)
(-1.21929 -1.70151 0)
(-1.32796 -1.61813 0)
(-1.43095 -1.52781 0)
(-1.52781 -1.43095 0)
(-1.61813 -1.32796 0)
(-1.70151 -1.21929 0)
(-1.77762 -1.10539 0)
(-1.84611 -0.986765 0)
(-1.90669 -0.863911 0)
(-1.95911 -0.737357 0)
(-2.00314 -0.607647 0)
(-2.0386 -0.475334 0)
(-2.06532 -0.340986 0)
(-2.0832 -0.205177 0)
(-2.09216 -0.0684902 0)
(-2.09216 0.0684902 0)
(-2.0832 0.205177 0)
(-2.06532 0.340986 0)
(-2.0386 0.475334 0)
(-2.00314 0.607647 0)
(-1.95911 0.737358 0)
(-1.90669 0.863911 0)
(-1.84611 0.986765 0)
(-1.77762 1.10539 0)
(-1.70151 1.21929 0)
(-1.61813 1.32796 0)
(-1.52781 1.43095 0)
(-1.43095 1.52781 0)
(-1.32796 1.61813 0)
(-1.21929 1.70151 0)
(-1.10539 1.77762 0)
(-0.986765 1.84611 0)
(-0.863911 1.90669 0)
(-0.737357 1.95911 0)
(-0.607647 2.00314 0)
(-0.475334 2.0386 0)
(-0.340986 2.06532 0)
(-0.205177 2.0832 0)
(-0.0684902 2.09216 0)
(0 2.2253 0)
(0 2.4871 0)
(0 2.7489 0)
(0 3.0107 0)
(0 3.2725 0)
(0 3.5343 0)
(0 3.7961 0)
(0 4.0579 0)
(0 4.3197 0)
(0 4.5815 0)
(0 4.8433 0)
(0 5.1051 0)
(0 2.2253 0)
(0 2.4871 0)
(0 2.7489 0)
(0 3.0107 0)
(0 3.2725 0)
(0 3.5343 0)
(0 3.7961 0)
(0 4.0579 0)
(0 4.3197 0)
(0 4.5815 0)
(0 4.8433 0)
(0 5.1051 0)
(2.2253 3.99418e-09 -0)
(2.4871 4.46409e-09 -0)
(2.7489 4.93399e-09 -0)
(3.0107 5.4039e-09 -0)
(3.2725 5.8738e-09 -0)
(3.5343 6.3437e-09 -0)
(3.7961 6.81361e-09 -0)
(4.0579 7.28351e-09 -0)
(4.3197 7.75342e-09 -0)
(4.5815 8.22332e-09 -0)
(4.8433 8.69322e-09 -0)
(5.1051 9.16313e-09 -0)
(2.2253 3.99418e-09 -0)
(2.4871 4.46409e-09 -0)
(2.7489 4.93399e-09 -0)
(3.0107 5.4039e-09 -0)
(3.2725 5.8738e-09 -0)
(3.5343 6.3437e-09 -0)
(3.7961 6.81361e-09 -0)
(4.0579 7.28351e-09 -0)
(4.3197 7.75342e-09 -0)
(4.5815 8.22332e-09 -0)
(4.8433 8.69322e-09 -0)
(5.1051 9.16313e-09 -0)
(-7.98837e-09 -2.2253 0)
(-8.92818e-09 -2.4871 0)
(-9.86798e-09 -2.7489 0)
(-1.08078e-08 -3.0107 0)
(-1.17476e-08 -3.2725 0)
(-1.26874e-08 -3.5343 0)
(-1.36272e-08 -3.7961 0)
(-1.4567e-08 -4.0579 0)
(-1.55068e-08 -4.3197 0)
(-1.64466e-08 -4.5815 0)
(-1.73864e-08 -4.8433 0)
(-1.83263e-08 -5.1051 0)
(-7.98837e-09 -2.2253 0)
(-8.92818e-09 -2.4871 0)
(-9.86798e-09 -2.7489 0)
(-1.08078e-08 -3.0107 0)
(-1.17476e-08 -3.2725 0)
(-1.26874e-08 -3.5343 0)
(-1.36272e-08 -3.7961 0)
(-1.4567e-08 -4.0579 0)
(-1.55068e-08 -4.3197 0)
(-1.64466e-08 -4.5815 0)
(-1.73864e-08 -4.8433 0)
(-1.83263e-08 -5.1051 0)
(-2.2253 3.99418e-09 0)
(-2.4871 4.46409e-09 0)
(-2.7489 4.93399e-09 0)
(-3.0107 5.4039e-09 0)
(-3.2725 5.8738e-09 0)
(-3.5343 6.3437e-09 0)
(-3.7961 6.81361e-09 0)
(-4.0579 7.28351e-09 0)
(-4.3197 7.75342e-09 0)
(-4.5815 8.22332e-09 0)
(-4.8433 8.69322e-09 0)
(-5.1051 9.16313e-09 0)
(-2.2253 3.99418e-09 0)
(-2.4871 4.46409e-09 0)
(-2.7489 4.93399e-09 0)
(-3.0107 5.4039e-09 0)
(-3.2725 5.8738e-09 0)
(-3.5343 6.3437e-09 0)
(-3.7961 6.81361e-09 0)
(-4.0579 7.28351e-09 0)
(-4.3197 7.75342e-09 0)
(-4.5815 8.22332e-09 0)
(-4.8433 8.69322e-09 0)
(-5.1051 9.16313e-09 0)
)
;
    }
    stator
    {
        type            noSlip;
    }
    front
    {
        type            empty;
    }
    back
    {
        type            empty;
    }
}


// ************************************************************************* //
