/*--------------------------------*- C++ -*----------------------------------*\
| =========                 |                                                 |
| \\      /  F ield         | foam-extend: Open Source CFD                    |
|  \\    /   O peration     | Version:  3.0                                   |
|   \\  /    A nd           | Web:         http://www.extend-project.de       |
|    \\/     M anipulation  |                                                 |
\*---------------------------------------------------------------------------*/
FoamFile
{
    version     2.0;
    format      ascii;
    class       faceSet;
    location    "constant/polyMesh/sets";
    object      passageSidesLower_0_faces;
}
// * * * * * * * * * * * * * * * * * * * * * * * * * * * * * * * * * * * * * //


4578
(
470320 
470321 
470322 
470323 
470324 
470325 
470326 
470327 
470328 
470329 
470330 
470331 
470332 
470333 
470334 
470335 
470336 
470337 
470338 
470339 
470340 
470341 
470342 
470343 
470344 
470345 
470346 
470347 
470348 
470349 
470350 
470351 
470352 
470353 
470354 
470355 
470356 
470357 
470358 
470359 
470360 
470361 
470362 
470363 
470364 
470365 
470366 
470367 
470368 
470369 
470370 
470371 
470372 
470373 
470374 
470375 
470376 
470377 
470378 
470379 
470380 
470381 
470382 
470383 
470384 
470385 
470386 
470387 
470388 
470389 
470390 
470391 
470392 
470393 
470394 
470395 
470396 
470397 
470398 
470399 
470400 
470401 
470402 
470403 
470404 
470405 
470406 
470407 
470408 
470409 
470410 
470411 
470412 
470413 
470414 
470415 
470416 
470417 
470418 
470419 
470420 
470421 
470422 
470423 
470424 
470425 
470426 
470427 
470428 
470429 
470430 
470431 
470432 
470433 
470434 
470435 
470436 
470437 
470438 
470439 
470440 
470441 
470442 
470443 
470444 
470445 
470446 
470447 
470448 
470449 
470450 
470451 
470452 
470453 
470454 
470455 
470456 
470457 
470458 
470459 
470460 
470461 
470462 
470463 
470464 
470465 
470466 
470467 
470468 
470469 
470470 
470471 
470472 
470473 
470474 
470475 
470476 
470477 
470478 
470479 
470480 
470481 
470482 
470483 
470484 
470485 
470486 
470487 
470488 
470489 
470490 
470491 
470492 
470493 
470494 
470495 
470496 
470497 
470498 
470499 
470500 
470501 
470502 
470503 
470504 
470505 
470506 
470507 
470508 
470509 
470510 
470511 
470512 
470513 
470514 
470515 
470516 
470517 
470518 
470519 
470520 
470521 
470522 
470523 
470524 
470525 
470526 
470527 
470528 
470529 
470530 
470531 
470532 
470533 
470534 
470535 
470536 
470537 
470538 
470539 
470540 
470541 
470542 
470543 
470544 
470545 
470546 
470547 
470548 
470549 
470550 
470551 
470552 
470553 
470554 
470555 
470556 
470557 
470558 
470559 
470560 
470561 
470562 
470563 
470564 
470565 
470566 
470567 
470568 
470569 
470570 
470571 
470572 
470573 
470574 
470575 
470576 
470577 
470578 
470579 
470580 
470581 
470582 
470583 
470584 
470585 
470586 
470587 
470588 
470589 
470590 
470591 
470592 
470593 
470594 
470595 
470596 
470597 
470598 
470599 
470600 
470601 
470602 
470603 
470604 
470605 
470606 
470607 
470608 
470609 
470610 
470611 
470612 
470613 
470614 
470615 
470616 
470617 
470618 
470619 
470620 
470621 
470622 
470623 
470624 
470625 
470626 
470627 
470628 
470629 
470630 
470631 
470632 
470633 
470634 
470635 
470636 
470637 
470638 
470639 
470640 
470641 
470642 
470643 
470644 
470645 
470646 
470647 
470648 
470649 
470650 
470651 
470652 
470653 
470654 
470655 
470656 
470657 
470658 
470659 
470660 
470661 
470662 
470663 
470664 
470665 
470666 
470667 
470668 
470669 
470670 
470671 
470672 
470673 
470674 
470675 
470676 
470677 
470678 
470679 
470680 
470681 
470682 
470683 
470684 
470685 
470686 
470687 
470688 
470689 
470690 
470691 
470692 
470693 
470694 
470695 
470696 
470697 
470698 
470699 
470700 
470701 
470702 
470703 
470704 
470705 
470706 
470707 
470708 
470709 
470710 
470711 
470712 
470713 
470714 
470715 
470716 
470717 
470718 
470719 
470720 
470721 
470722 
470723 
470724 
470725 
470726 
470727 
470728 
470729 
470730 
470731 
470732 
470733 
470734 
470735 
470736 
470737 
470738 
470739 
470740 
470741 
470742 
470743 
470744 
470745 
470746 
470747 
470748 
470749 
470750 
470751 
470752 
470753 
470754 
470755 
470756 
470757 
470758 
470759 
470760 
470761 
470762 
470763 
470764 
470765 
470766 
470767 
470768 
470769 
470770 
470771 
470772 
470773 
470774 
470775 
470776 
470777 
470778 
470779 
470780 
470781 
470782 
470783 
470784 
470785 
470786 
470787 
470788 
470789 
470790 
470791 
470792 
470793 
470794 
470795 
470796 
470797 
470798 
470799 
470800 
470801 
470802 
470803 
470804 
470805 
470806 
470807 
470808 
470809 
470810 
470811 
470812 
470813 
470814 
470815 
470816 
470817 
470818 
470819 
470820 
470821 
470822 
470823 
470824 
470825 
470826 
470827 
470828 
470829 
470830 
470831 
470832 
470833 
470834 
470835 
470836 
470837 
470838 
470839 
470840 
470841 
470842 
470843 
470844 
470845 
470846 
470847 
470848 
470849 
470850 
470851 
470852 
470853 
470854 
470855 
470856 
470857 
470858 
470859 
470860 
470861 
470862 
470863 
470864 
470865 
470866 
470867 
470868 
470869 
470870 
470871 
470872 
470873 
470874 
470875 
470876 
470877 
470878 
470879 
470880 
470881 
470882 
470883 
470884 
470885 
470886 
470887 
470888 
470889 
470890 
470891 
470892 
470893 
470894 
470895 
470896 
470897 
470898 
470899 
470900 
470901 
470902 
470903 
470904 
470905 
470906 
470907 
470908 
470909 
470910 
470911 
470912 
470913 
470914 
470915 
470916 
470917 
470918 
470919 
470920 
470921 
470922 
470923 
470924 
470925 
470926 
470927 
470928 
470929 
470930 
470931 
470932 
470933 
470934 
470935 
470936 
470937 
470938 
470939 
470940 
470941 
470942 
470943 
470944 
470945 
470946 
470947 
470948 
470949 
470950 
470951 
470952 
470953 
470954 
470955 
470956 
470957 
470958 
470959 
470960 
470961 
470962 
470963 
470964 
470965 
470966 
470967 
470968 
470969 
470970 
470971 
470972 
470973 
470974 
470975 
470976 
470977 
470978 
470979 
470980 
470981 
470982 
470983 
470984 
470985 
470986 
470987 
470988 
470989 
470990 
470991 
470992 
470993 
470994 
470995 
470996 
470997 
470998 
470999 
471000 
471001 
471002 
471003 
471004 
471005 
471006 
471007 
471008 
471009 
471010 
471011 
471012 
471013 
471014 
471015 
471016 
471017 
471018 
471019 
471020 
471021 
471022 
471023 
471024 
471025 
471026 
471027 
471028 
471029 
471030 
471031 
471032 
471033 
471034 
471035 
471036 
471037 
471038 
471039 
471040 
471041 
471042 
471043 
471044 
471045 
471046 
471047 
471048 
471049 
471050 
471051 
471052 
471053 
471054 
471055 
471056 
471057 
471058 
471059 
471060 
471061 
471062 
471063 
471064 
471065 
471066 
471067 
471068 
471069 
471070 
471071 
471072 
471073 
471074 
471075 
471076 
471077 
471078 
471079 
471080 
471081 
471082 
471083 
471084 
471085 
471086 
471087 
471088 
471089 
471090 
471091 
471092 
471093 
471094 
471095 
471096 
471097 
471098 
471099 
471100 
471101 
471102 
471103 
471104 
471105 
471106 
471107 
471108 
471109 
471110 
471111 
471112 
471113 
471114 
471115 
471116 
471117 
471118 
471119 
471120 
471121 
471122 
471123 
471124 
471125 
471126 
471127 
471128 
471129 
471130 
471131 
471132 
471133 
471134 
471135 
471136 
471137 
471138 
471139 
471140 
471141 
471142 
471143 
471144 
471145 
471146 
471147 
471148 
471149 
471150 
471151 
471152 
471153 
471154 
471155 
471156 
471157 
471158 
471159 
471160 
471161 
471162 
471163 
471164 
471165 
471166 
471167 
471168 
471169 
471170 
471171 
471172 
471173 
471174 
471175 
471176 
471177 
471178 
471179 
471180 
471181 
471182 
471183 
471184 
471185 
471186 
471187 
471188 
471189 
471190 
471191 
471192 
471193 
471194 
471195 
471196 
471197 
471198 
471199 
471200 
471201 
471202 
471203 
471204 
471205 
471206 
471207 
471208 
471209 
471210 
471211 
471212 
471213 
471214 
471215 
471216 
471217 
471218 
471219 
471220 
471221 
471222 
471223 
471224 
471225 
471226 
471227 
471228 
471229 
471230 
471231 
471232 
471233 
471234 
471235 
471236 
471237 
471238 
471239 
471240 
471241 
471242 
471243 
471244 
471245 
471246 
471247 
471248 
471249 
471250 
471251 
471252 
471253 
471254 
471255 
471256 
471257 
471258 
471259 
471260 
471261 
471262 
471263 
471264 
471265 
471266 
471267 
471268 
471269 
471270 
471271 
471272 
471273 
471274 
471275 
471276 
471277 
471278 
471279 
471280 
471281 
471282 
471283 
471284 
471285 
471286 
471287 
471288 
471289 
471290 
471291 
471292 
471293 
471294 
471295 
471296 
471297 
471298 
471299 
471300 
471301 
471302 
471303 
471304 
471305 
471306 
471307 
471308 
471309 
471310 
471311 
471312 
471313 
471314 
471315 
471316 
471317 
471318 
471319 
471320 
471321 
471322 
471323 
471324 
471325 
471326 
471327 
471328 
471329 
471330 
471331 
471332 
471333 
471334 
471335 
471336 
471337 
471338 
471339 
471340 
471341 
471342 
471343 
471344 
471345 
471346 
471347 
471348 
471349 
471350 
471351 
471352 
471353 
471354 
471355 
471356 
471357 
471358 
471359 
471360 
471361 
471362 
471363 
471364 
471365 
471366 
471367 
471368 
471369 
471370 
471371 
471372 
471373 
471374 
471375 
471376 
471377 
471378 
471379 
471380 
471381 
471382 
471383 
471384 
471385 
471386 
471387 
471388 
471389 
471390 
471391 
471392 
471393 
471394 
471395 
471396 
471397 
471398 
471399 
471400 
471401 
471402 
471403 
471404 
471405 
471406 
471407 
471408 
471409 
471410 
471411 
471412 
471413 
471414 
471415 
471416 
471417 
471418 
471419 
471420 
471421 
471422 
471423 
471424 
471425 
471426 
471427 
471428 
471429 
471430 
471431 
471432 
471433 
471434 
471435 
471436 
471437 
471438 
471439 
471440 
471441 
471442 
471443 
471444 
471445 
471446 
471447 
471448 
471449 
471450 
471451 
471452 
471453 
471454 
471455 
471456 
471457 
471458 
471459 
471460 
471461 
471462 
471463 
471464 
471465 
471466 
471467 
471468 
471469 
471470 
471471 
471472 
471473 
471474 
471475 
471476 
471477 
471478 
471479 
471480 
471481 
471482 
471483 
471484 
471485 
471486 
471487 
471488 
471489 
471490 
471491 
471492 
471493 
471494 
471495 
471496 
471497 
471498 
471499 
471500 
471501 
471502 
471503 
471504 
471505 
471506 
471507 
471508 
471509 
471510 
471511 
471512 
471513 
471514 
471515 
471516 
471517 
471518 
471519 
471520 
471521 
471522 
471523 
471524 
471525 
471526 
471527 
471528 
471529 
471530 
471531 
471532 
471533 
471534 
471535 
471536 
471537 
471538 
471539 
471540 
471541 
471542 
471543 
471544 
471545 
471546 
471547 
471548 
471549 
471550 
471551 
471552 
471553 
471554 
471555 
471556 
471557 
471558 
471559 
471560 
471561 
471562 
471563 
471564 
471565 
471566 
471567 
471568 
471569 
471570 
471571 
471572 
471573 
471574 
471575 
471576 
471577 
471578 
471579 
471580 
471581 
471582 
471583 
471584 
471585 
471586 
471587 
471588 
471589 
471590 
471591 
471592 
471593 
471594 
471595 
471596 
471597 
471598 
471599 
471600 
471601 
471602 
471603 
471604 
471605 
471606 
471607 
471608 
471609 
471610 
471611 
471612 
471613 
471614 
471615 
471616 
471617 
471618 
471619 
471620 
471621 
471622 
471623 
471624 
471625 
471626 
471627 
471628 
471629 
471630 
471631 
471632 
471633 
471634 
471635 
471636 
471637 
471638 
471639 
471640 
471641 
471642 
471643 
471644 
471645 
471646 
471647 
471648 
471649 
471650 
471651 
471652 
471653 
471654 
471655 
471656 
471657 
471658 
471659 
471660 
471661 
471662 
471663 
471664 
471665 
471666 
471667 
471668 
471669 
471670 
471671 
471672 
471673 
471674 
471675 
471676 
471677 
471678 
471679 
471680 
471681 
471682 
471683 
471684 
471685 
471686 
471687 
471688 
471689 
471690 
471691 
471692 
471693 
471694 
471695 
471696 
471697 
471698 
471699 
471700 
471701 
471702 
471703 
471704 
471705 
471706 
471707 
471708 
471709 
471710 
471711 
471712 
471713 
471714 
471715 
471716 
471717 
471718 
471719 
471720 
471721 
471722 
471723 
471724 
471725 
471726 
471727 
471728 
471729 
471730 
471731 
471732 
471733 
471734 
471735 
471736 
471737 
471738 
471739 
471740 
471741 
471742 
471743 
471744 
471745 
471746 
471747 
471748 
471749 
471750 
471751 
471752 
471753 
471754 
471755 
471756 
471757 
471758 
471759 
471760 
471761 
471762 
471763 
471764 
471765 
471766 
471767 
471768 
471769 
471770 
471771 
471772 
471773 
471774 
471775 
471776 
471777 
471778 
471779 
471780 
471781 
471782 
471783 
471784 
471785 
471786 
471787 
471788 
471789 
471790 
471791 
471792 
471793 
471794 
471795 
471796 
471797 
471798 
471799 
471800 
471801 
471802 
471803 
471804 
471805 
471806 
471807 
471808 
471809 
471810 
471811 
471812 
471813 
471814 
471815 
471816 
471817 
471818 
471819 
471820 
471821 
471822 
471823 
471824 
471825 
471826 
471827 
471828 
471829 
471830 
471831 
471832 
471833 
471834 
471835 
471836 
471837 
471838 
471839 
471840 
471841 
471842 
471843 
471844 
471845 
471846 
471847 
471848 
471849 
471850 
471851 
471852 
471853 
471854 
471855 
471856 
471857 
471858 
471859 
471860 
471861 
471862 
471863 
471864 
471865 
471866 
471867 
471868 
471869 
471870 
471871 
471872 
471873 
471874 
471875 
471876 
471877 
471878 
471879 
471880 
471881 
471882 
471883 
471884 
471885 
471886 
471887 
471888 
471889 
471890 
471891 
471892 
471893 
471894 
471895 
471896 
471897 
471898 
471899 
471900 
471901 
471902 
471903 
471904 
471905 
471906 
471907 
471908 
471909 
471910 
471911 
471912 
471913 
471914 
471915 
471916 
471917 
471918 
471919 
471920 
471921 
471922 
471923 
471924 
471925 
471926 
471927 
471928 
471929 
471930 
471931 
471932 
471933 
471934 
471935 
471936 
471937 
471938 
471939 
471940 
471941 
471942 
471943 
471944 
471945 
471946 
471947 
471948 
471949 
471950 
471951 
471952 
471953 
471954 
471955 
471956 
471957 
471958 
471959 
471960 
471961 
471962 
471963 
471964 
471965 
471966 
471967 
471968 
471969 
471970 
471971 
471972 
471973 
471974 
471975 
471976 
471977 
471978 
471979 
471980 
471981 
471982 
471983 
471984 
471985 
471986 
471987 
471988 
471989 
471990 
471991 
471992 
471993 
471994 
471995 
471996 
471997 
471998 
471999 
472000 
472001 
472002 
472003 
472004 
472005 
472006 
472007 
472008 
472009 
472010 
472011 
472012 
472013 
472014 
472015 
472016 
472017 
472018 
472019 
472020 
472021 
472022 
472023 
472024 
472025 
472026 
472027 
472028 
472029 
472030 
472031 
472032 
472033 
472034 
472035 
472036 
472037 
472038 
472039 
472040 
472041 
472042 
472043 
472044 
472045 
472046 
472047 
472048 
472049 
472050 
472051 
472052 
472053 
472054 
472055 
472056 
472057 
472058 
472059 
472060 
472061 
472062 
472063 
472064 
472065 
472066 
472067 
472068 
472069 
472070 
472071 
472072 
472073 
472074 
472075 
472076 
472077 
472078 
472079 
472080 
472081 
472082 
472083 
472084 
472085 
472086 
472087 
472088 
472089 
472090 
472091 
472092 
472093 
472094 
472095 
472096 
472097 
472098 
472099 
472100 
472101 
472102 
472103 
472104 
472105 
472106 
472107 
472108 
472109 
472110 
472111 
472112 
472113 
472114 
472115 
472116 
472117 
472118 
472119 
472120 
472121 
472122 
472123 
472124 
472125 
472126 
472127 
472128 
472129 
472130 
472131 
472132 
472133 
472134 
472135 
472136 
472137 
472138 
472139 
472140 
472141 
472142 
472143 
472144 
472145 
472146 
472147 
472148 
472149 
472150 
472151 
472152 
472153 
472154 
472155 
472156 
472157 
472158 
472159 
472160 
472161 
472162 
472163 
472164 
472165 
472166 
472167 
472168 
472169 
472170 
472171 
472172 
472173 
472174 
472175 
472176 
472177 
472178 
472179 
472180 
472181 
472182 
472183 
472184 
472185 
472186 
472187 
472188 
472189 
472190 
472191 
472192 
472193 
472194 
472195 
472196 
472197 
472198 
472199 
472200 
472201 
472202 
472203 
472204 
472205 
472206 
472207 
472208 
472209 
472210 
472211 
472212 
472213 
472214 
472215 
472216 
472217 
472218 
472219 
472220 
472221 
472222 
472223 
472224 
472225 
472226 
472227 
472228 
472229 
472230 
472231 
472232 
472233 
472234 
472235 
472236 
472237 
472238 
472239 
472240 
472241 
472242 
472243 
472244 
472245 
472246 
472247 
472248 
472249 
472250 
472251 
472252 
472253 
472254 
472255 
472256 
472257 
472258 
472259 
472260 
472261 
472262 
472263 
472264 
472265 
472266 
472267 
472268 
472269 
472270 
472271 
472272 
472273 
472274 
472275 
472276 
472277 
472278 
472279 
472280 
472281 
472282 
472283 
472284 
472285 
472286 
472287 
472288 
472289 
472290 
472291 
472292 
472293 
472294 
472295 
472296 
472297 
472298 
472299 
472300 
472301 
472302 
472303 
472304 
472305 
472306 
472307 
472308 
472309 
472310 
472311 
472312 
472313 
472314 
472315 
472316 
472317 
472318 
472319 
472320 
472321 
472322 
472323 
472324 
472325 
472326 
472327 
472328 
472329 
472330 
472331 
472332 
472333 
472334 
472335 
472336 
472337 
472338 
472339 
472340 
472341 
472342 
472343 
472344 
472345 
472346 
472347 
472348 
472349 
472350 
472351 
472352 
472353 
472354 
472355 
472356 
472357 
472358 
472359 
472360 
472361 
472362 
472363 
472364 
472365 
472366 
472367 
472368 
472369 
472370 
472371 
472372 
472373 
472374 
472375 
472376 
472377 
472378 
472379 
472380 
472381 
472382 
472383 
472384 
472385 
472386 
472387 
472388 
472389 
472390 
472391 
472392 
472393 
472394 
472395 
472396 
472397 
472398 
472399 
472400 
472401 
472402 
472403 
472404 
472405 
472406 
472407 
472408 
472409 
472410 
472411 
472412 
472413 
472414 
472415 
472416 
472417 
472418 
472419 
472420 
472421 
472422 
472423 
472424 
472425 
472426 
472427 
472428 
472429 
472430 
472431 
472432 
472433 
472434 
472435 
472436 
472437 
472438 
472439 
472440 
472441 
472442 
472443 
472444 
472445 
472446 
472447 
472448 
472449 
472450 
472451 
472452 
472453 
472454 
472455 
472456 
472457 
472458 
472459 
472460 
472461 
472462 
472463 
472464 
472465 
472466 
472467 
472468 
472469 
472470 
472471 
472472 
472473 
472474 
472475 
472476 
472477 
472478 
472479 
472480 
472481 
472482 
472483 
472484 
472485 
472486 
472487 
472488 
472489 
472490 
472491 
472492 
472493 
472494 
472495 
472496 
472497 
472498 
472499 
472500 
472501 
472502 
472503 
472504 
472505 
472506 
472507 
472508 
472509 
472510 
472511 
472512 
472513 
472514 
472515 
472516 
472517 
472518 
472519 
472520 
472521 
472522 
472523 
472524 
472525 
472526 
472527 
472528 
472529 
472530 
472531 
472532 
472533 
472534 
472535 
472536 
472537 
472538 
472539 
472540 
472541 
472542 
472543 
472544 
472545 
472546 
472547 
472548 
472549 
472550 
472551 
472552 
472553 
472554 
472555 
472556 
472557 
472558 
472559 
472560 
472561 
472562 
472563 
472564 
472565 
472566 
472567 
472568 
472569 
472570 
472571 
472572 
472573 
472574 
472575 
472576 
472577 
472578 
472579 
472580 
472581 
472582 
472583 
472584 
472585 
472586 
472587 
472588 
472589 
472590 
472591 
472592 
472593 
472594 
472595 
472596 
472597 
472598 
472599 
472600 
472601 
472602 
472603 
472604 
472605 
472606 
472607 
472608 
472609 
472610 
472611 
472612 
472613 
472614 
472615 
472616 
472617 
472618 
472619 
472620 
472621 
472622 
472623 
472624 
472625 
472626 
472627 
472628 
472629 
472630 
472631 
472632 
472633 
472634 
472635 
472636 
472637 
472638 
472639 
472640 
472641 
472642 
472643 
472644 
472645 
472646 
472647 
472648 
472649 
472650 
472651 
472652 
472653 
472654 
472655 
472656 
472657 
472658 
472659 
472660 
472661 
472662 
472663 
472664 
472665 
472666 
472667 
472668 
472669 
472670 
472671 
472672 
472673 
472674 
472675 
472676 
472677 
472678 
472679 
472680 
472681 
472682 
472683 
472684 
472685 
472686 
472687 
472688 
472689 
472690 
472691 
472692 
472693 
472694 
472695 
472696 
472697 
472698 
472699 
472700 
472701 
472702 
472703 
472704 
472705 
472706 
472707 
472708 
472709 
472710 
472711 
472712 
472713 
472714 
472715 
472716 
472717 
472718 
472719 
472720 
472721 
472722 
472723 
472724 
472725 
472726 
472727 
472728 
472729 
472730 
472731 
472732 
472733 
472734 
472735 
472736 
472737 
472738 
472739 
472740 
472741 
472742 
472743 
472744 
472745 
472746 
472747 
472748 
472749 
472750 
472751 
472752 
472753 
472754 
472755 
472756 
472757 
472758 
472759 
472760 
472761 
472762 
472763 
472764 
472765 
472766 
472767 
472768 
472769 
472770 
472771 
472772 
472773 
472774 
472775 
472776 
472777 
472778 
472779 
472780 
472781 
472782 
472783 
472784 
472785 
472786 
472787 
472788 
472789 
472790 
472791 
472792 
472793 
472794 
472795 
472796 
472797 
472798 
472799 
472800 
472801 
472802 
472803 
472804 
472805 
472806 
472807 
472808 
472809 
472810 
472811 
472812 
472813 
472814 
472815 
472816 
472817 
472818 
472819 
472820 
472821 
472822 
472823 
472824 
472825 
472826 
472827 
472828 
472829 
472830 
472831 
472832 
472833 
472834 
472835 
472836 
472837 
472838 
472839 
472840 
472841 
472842 
472843 
472844 
472845 
472846 
472847 
472848 
472849 
472850 
472851 
472852 
472853 
472854 
472855 
472856 
472857 
472858 
472859 
472860 
472861 
472862 
472863 
472864 
472865 
472866 
472867 
472868 
472869 
472870 
472871 
472872 
472873 
472874 
472875 
472876 
472877 
472878 
472879 
472880 
472881 
472882 
472883 
472884 
472885 
472886 
472887 
472888 
472889 
472890 
472891 
472892 
472893 
472894 
472895 
472896 
472897 
472898 
472899 
472900 
472901 
472902 
472903 
472904 
472905 
472906 
472907 
472908 
472909 
472910 
472911 
472912 
472913 
472914 
472915 
472916 
472917 
472918 
472919 
472920 
472921 
472922 
472923 
472924 
472925 
472926 
472927 
472928 
472929 
472930 
472931 
472932 
472933 
472934 
472935 
472936 
472937 
472938 
472939 
472940 
472941 
472942 
472943 
472944 
472945 
472946 
472947 
472948 
472949 
472950 
472951 
472952 
472953 
472954 
472955 
472956 
472957 
472958 
472959 
472960 
472961 
472962 
472963 
472964 
472965 
472966 
472967 
472968 
472969 
472970 
472971 
472972 
472973 
472974 
472975 
472976 
472977 
472978 
472979 
472980 
472981 
472982 
472983 
472984 
472985 
472986 
472987 
472988 
472989 
472990 
472991 
472992 
472993 
472994 
472995 
472996 
472997 
472998 
472999 
473000 
473001 
473002 
473003 
473004 
473005 
473006 
473007 
473008 
473009 
473010 
473011 
473012 
473013 
473014 
473015 
473016 
473017 
473018 
473019 
473020 
473021 
473022 
473023 
473024 
473025 
473026 
473027 
473028 
473029 
473030 
473031 
473032 
473033 
473034 
473035 
473036 
473037 
473038 
473039 
473040 
473041 
473042 
473043 
473044 
473045 
473046 
473047 
473048 
473049 
473050 
473051 
473052 
473053 
473054 
473055 
473056 
473057 
473058 
473059 
473060 
473061 
473062 
473063 
473064 
473065 
473066 
473067 
473068 
473069 
473070 
473071 
473072 
473073 
473074 
473075 
473076 
473077 
473078 
473079 
473080 
473081 
473082 
473083 
473084 
473085 
473086 
473087 
473088 
473089 
473090 
473091 
473092 
473093 
473094 
473095 
473096 
473097 
473098 
473099 
473100 
473101 
473102 
473103 
473104 
473105 
473106 
473107 
473108 
473109 
473110 
473111 
473112 
473113 
473114 
473115 
473116 
473117 
473118 
473119 
473120 
473121 
473122 
473123 
473124 
473125 
473126 
473127 
473128 
473129 
473130 
473131 
473132 
473133 
473134 
473135 
473136 
473137 
473138 
473139 
473140 
473141 
473142 
473143 
473144 
473145 
473146 
473147 
473148 
473149 
473150 
473151 
473152 
473153 
473154 
473155 
473156 
473157 
473158 
473159 
473160 
473161 
473162 
473163 
473164 
473165 
473166 
473167 
473168 
473169 
473170 
473171 
473172 
473173 
473174 
473175 
473176 
473177 
473178 
473179 
473180 
473181 
473182 
473183 
473184 
473185 
473186 
473187 
473188 
473189 
473190 
473191 
473192 
473193 
473194 
473195 
473196 
473197 
473198 
473199 
473200 
473201 
473202 
473203 
473204 
473205 
473206 
473207 
473208 
473209 
473210 
473211 
473212 
473213 
473214 
473215 
473216 
473217 
473218 
473219 
473220 
473221 
473222 
473223 
473224 
473225 
473226 
473227 
473228 
473229 
473230 
473231 
473232 
473233 
473234 
473235 
473236 
473237 
473238 
473239 
473240 
473241 
473242 
473243 
473244 
473245 
473246 
473247 
473248 
473249 
473250 
473251 
473252 
473253 
473254 
473255 
473256 
473257 
473258 
473259 
473260 
473261 
473262 
473263 
473264 
473265 
473266 
473267 
473268 
473269 
473270 
473271 
473272 
473273 
473274 
473275 
473276 
473277 
473278 
473279 
473280 
473281 
473282 
473283 
473284 
473285 
473286 
473287 
473288 
473289 
473290 
473291 
473292 
473293 
473294 
473295 
473296 
473297 
473298 
473299 
473300 
473301 
473302 
473303 
473304 
473305 
473306 
473307 
473308 
473309 
473310 
473311 
473312 
473313 
473314 
473315 
473316 
473317 
473318 
473319 
473320 
473321 
473322 
473323 
473324 
473325 
473326 
473327 
473328 
473329 
473330 
473331 
473332 
473333 
473334 
473335 
473336 
473337 
473338 
473339 
473340 
473341 
473342 
473343 
473344 
473345 
473346 
473347 
473348 
473349 
473350 
473351 
473352 
473353 
473354 
473355 
473356 
473357 
473358 
473359 
473360 
473361 
473362 
473363 
473364 
473365 
473366 
473367 
473368 
473369 
473370 
473371 
473372 
473373 
473374 
473375 
473376 
473377 
473378 
473379 
473380 
473381 
473382 
473383 
473384 
473385 
473386 
473387 
473388 
473389 
473390 
473391 
473392 
473393 
473394 
473395 
473396 
473397 
473398 
473399 
473400 
473401 
473402 
473403 
473404 
473405 
473406 
473407 
473408 
473409 
473410 
473411 
473412 
473413 
473414 
473415 
473416 
473417 
473418 
473419 
473420 
473421 
473422 
473423 
473424 
473425 
473426 
473427 
473428 
473429 
473430 
473431 
473432 
473433 
473434 
473435 
473436 
473437 
473438 
473439 
473440 
473441 
473442 
473443 
473444 
473445 
473446 
473447 
473448 
473449 
473450 
473451 
473452 
473453 
473454 
473455 
473456 
473457 
473458 
473459 
473460 
473461 
473462 
473463 
473464 
473465 
473466 
473467 
473468 
473469 
473470 
473471 
473472 
473473 
473474 
473475 
473476 
473477 
473478 
473479 
473480 
473481 
473482 
473483 
473484 
473485 
473486 
473487 
473488 
473489 
473490 
473491 
473492 
473493 
473494 
473495 
473496 
473497 
473498 
473499 
473500 
473501 
473502 
473503 
473504 
473505 
473506 
473507 
473508 
473509 
473510 
473511 
473512 
473513 
473514 
473515 
473516 
473517 
473518 
473519 
473520 
473521 
473522 
473523 
473524 
473525 
473526 
473527 
473528 
473529 
473530 
473531 
473532 
473533 
473534 
473535 
473536 
473537 
473538 
473539 
473540 
473541 
473542 
473543 
473544 
473545 
473546 
473547 
473548 
473549 
473550 
473551 
473552 
473553 
473554 
473555 
473556 
473557 
473558 
473559 
473560 
473561 
473562 
473563 
473564 
473565 
473566 
473567 
473568 
473569 
473570 
473571 
473572 
473573 
473574 
473575 
473576 
473577 
473578 
473579 
473580 
473581 
473582 
473583 
473584 
473585 
473586 
473587 
473588 
473589 
473590 
473591 
473592 
473593 
473594 
473595 
473596 
473597 
473598 
473599 
473600 
473601 
473602 
473603 
473604 
473605 
473606 
473607 
473608 
473609 
473610 
473611 
473612 
473613 
473614 
473615 
473616 
473617 
473618 
473619 
473620 
473621 
473622 
473623 
473624 
473625 
473626 
473627 
473628 
473629 
473630 
473631 
473632 
473633 
473634 
473635 
473636 
473637 
473638 
473639 
473640 
473641 
473642 
473643 
473644 
473645 
473646 
473647 
473648 
473649 
473650 
473651 
473652 
473653 
473654 
473655 
473656 
473657 
473658 
473659 
473660 
473661 
473662 
473663 
473664 
473665 
473666 
473667 
473668 
473669 
473670 
473671 
473672 
473673 
473674 
473675 
473676 
473677 
473678 
473679 
473680 
473681 
473682 
473683 
473684 
473685 
473686 
473687 
473688 
473689 
473690 
473691 
473692 
473693 
473694 
473695 
473696 
473697 
473698 
473699 
473700 
473701 
473702 
473703 
473704 
473705 
473706 
473707 
473708 
473709 
473710 
473711 
473712 
473713 
473714 
473715 
473716 
473717 
473718 
473719 
473720 
473721 
473722 
473723 
473724 
473725 
473726 
473727 
473728 
473729 
473730 
473731 
473732 
473733 
473734 
473735 
473736 
473737 
473738 
473739 
473740 
473741 
473742 
473743 
473744 
473745 
473746 
473747 
473748 
473749 
473750 
473751 
473752 
473753 
473754 
473755 
473756 
473757 
473758 
473759 
473760 
473761 
473762 
473763 
473764 
473765 
473766 
473767 
473768 
473769 
473770 
473771 
473772 
473773 
473774 
473775 
473776 
473777 
473778 
473779 
473780 
473781 
473782 
473783 
473784 
473785 
473786 
473787 
473788 
473789 
473790 
473791 
473792 
473793 
473794 
473795 
473796 
473797 
473798 
473799 
473800 
473801 
473802 
473803 
473804 
473805 
473806 
473807 
473808 
473809 
473810 
473811 
473812 
473813 
473814 
473815 
473816 
473817 
473818 
473819 
473820 
473821 
473822 
473823 
473824 
473825 
473826 
473827 
473828 
473829 
473830 
473831 
473832 
473833 
473834 
473835 
473836 
473837 
473838 
473839 
473840 
473841 
473842 
473843 
473844 
473845 
473846 
473847 
473848 
473849 
473850 
473851 
473852 
473853 
473854 
473855 
473856 
473857 
473858 
473859 
473860 
473861 
473862 
473863 
473864 
473865 
473866 
473867 
473868 
473869 
473870 
473871 
473872 
473873 
473874 
473875 
473876 
473877 
473878 
473879 
473880 
473881 
473882 
473883 
473884 
473885 
473886 
473887 
473888 
473889 
473890 
473891 
473892 
473893 
473894 
473895 
473896 
473897 
473898 
473899 
473900 
473901 
473902 
473903 
473904 
473905 
473906 
473907 
473908 
473909 
473910 
473911 
473912 
473913 
473914 
473915 
473916 
473917 
473918 
473919 
473920 
473921 
473922 
473923 
473924 
473925 
473926 
473927 
473928 
473929 
473930 
473931 
473932 
473933 
473934 
473935 
473936 
473937 
473938 
473939 
473940 
473941 
473942 
473943 
473944 
473945 
473946 
473947 
473948 
473949 
473950 
473951 
473952 
473953 
473954 
473955 
473956 
473957 
473958 
473959 
473960 
473961 
473962 
473963 
473964 
473965 
473966 
473967 
473968 
473969 
473970 
473971 
473972 
473973 
473974 
473975 
473976 
473977 
473978 
473979 
473980 
473981 
473982 
473983 
473984 
473985 
473986 
473987 
473988 
473989 
473990 
473991 
473992 
473993 
473994 
473995 
473996 
473997 
473998 
473999 
474000 
474001 
474002 
474003 
474004 
474005 
474006 
474007 
474008 
474009 
474010 
474011 
474012 
474013 
474014 
474015 
474016 
474017 
474018 
474019 
474020 
474021 
474022 
474023 
474024 
474025 
474026 
474027 
474028 
474029 
474030 
474031 
474032 
474033 
474034 
474035 
474036 
474037 
474038 
474039 
474040 
474041 
474042 
474043 
474044 
474045 
474046 
474047 
474048 
474049 
474050 
474051 
474052 
474053 
474054 
474055 
474056 
474057 
474058 
474059 
474060 
474061 
474062 
474063 
474064 
474065 
474066 
474067 
474068 
474069 
474070 
474071 
474072 
474073 
474074 
474075 
474076 
474077 
474078 
474079 
474080 
474081 
474082 
474083 
474084 
474085 
474086 
474087 
474088 
474089 
474090 
474091 
474092 
474093 
474094 
474095 
474096 
474097 
474098 
474099 
474100 
474101 
474102 
474103 
474104 
474105 
474106 
474107 
474108 
474109 
474110 
474111 
474112 
474113 
474114 
474115 
474116 
474117 
474118 
474119 
474120 
474121 
474122 
474123 
474124 
474125 
474126 
474127 
474128 
474129 
474130 
474131 
474132 
474133 
474134 
474135 
474136 
474137 
474138 
474139 
474140 
474141 
474142 
474143 
474144 
474145 
474146 
474147 
474148 
474149 
474150 
474151 
474152 
474153 
474154 
474155 
474156 
474157 
474158 
474159 
474160 
474161 
474162 
474163 
474164 
474165 
474166 
474167 
474168 
474169 
474170 
474171 
474172 
474173 
474174 
474175 
474176 
474177 
474178 
474179 
474180 
474181 
474182 
474183 
474184 
474185 
474186 
474187 
474188 
474189 
474190 
474191 
474192 
474193 
474194 
474195 
474196 
474197 
474198 
474199 
474200 
474201 
474202 
474203 
474204 
474205 
474206 
474207 
474208 
474209 
474210 
474211 
474212 
474213 
474214 
474215 
474216 
474217 
474218 
474219 
474220 
474221 
474222 
474223 
474224 
474225 
474226 
474227 
474228 
474229 
474230 
474231 
474232 
474233 
474234 
474235 
474236 
474237 
474238 
474239 
474240 
474241 
474242 
474243 
474244 
474245 
474246 
474247 
474248 
474249 
474250 
474251 
474252 
474253 
474254 
474255 
474256 
474257 
474258 
474259 
474260 
474261 
474262 
474263 
474264 
474265 
474266 
474267 
474268 
474269 
474270 
474271 
474272 
474273 
474274 
474275 
474276 
474277 
474278 
474279 
474280 
474281 
474282 
474283 
474284 
474285 
474286 
474287 
474288 
474289 
474290 
474291 
474292 
474293 
474294 
474295 
474296 
474297 
474298 
474299 
474300 
474301 
474302 
474303 
474304 
474305 
474306 
474307 
474308 
474309 
474310 
474311 
474312 
474313 
474314 
474315 
474316 
474317 
474318 
474319 
474320 
474321 
474322 
474323 
474324 
474325 
474326 
474327 
474328 
474329 
474330 
474331 
474332 
474333 
474334 
474335 
474336 
474337 
474338 
474339 
474340 
474341 
474342 
474343 
474344 
474345 
474346 
474347 
474348 
474349 
474350 
474351 
474352 
474353 
474354 
474355 
474356 
474357 
474358 
474359 
474360 
474361 
474362 
474363 
474364 
474365 
474366 
474367 
474368 
474369 
474370 
474371 
474372 
474373 
474374 
474375 
474376 
474377 
474378 
474379 
474380 
474381 
474382 
474383 
474384 
474385 
474386 
474387 
474388 
474389 
474390 
474391 
474392 
474393 
474394 
474395 
474396 
474397 
474398 
474399 
474400 
474401 
474402 
474403 
474404 
474405 
474406 
474407 
474408 
474409 
474410 
474411 
474412 
474413 
474414 
474415 
474416 
474417 
474418 
474419 
474420 
474421 
474422 
474423 
474424 
474425 
474426 
474427 
474428 
474429 
474430 
474431 
474432 
474433 
474434 
474435 
474436 
474437 
474438 
474439 
474440 
474441 
474442 
474443 
474444 
474445 
474446 
474447 
474448 
474449 
474450 
474451 
474452 
474453 
474454 
474455 
474456 
474457 
474458 
474459 
474460 
474461 
474462 
474463 
474464 
474465 
474466 
474467 
474468 
474469 
474470 
474471 
474472 
474473 
474474 
474475 
474476 
474477 
474478 
474479 
474480 
474481 
474482 
474483 
474484 
474485 
474486 
474487 
474488 
474489 
474490 
474491 
474492 
474493 
474494 
474495 
474496 
474497 
474498 
474499 
474500 
474501 
474502 
474503 
474504 
474505 
474506 
474507 
474508 
474509 
474510 
474511 
474512 
474513 
474514 
474515 
474516 
474517 
474518 
474519 
474520 
474521 
474522 
474523 
474524 
474525 
474526 
474527 
474528 
474529 
474530 
474531 
474532 
474533 
474534 
474535 
474536 
474537 
474538 
474539 
474540 
474541 
474542 
474543 
474544 
474545 
474546 
474547 
474548 
474549 
474550 
474551 
474552 
474553 
474554 
474555 
474556 
474557 
474558 
474559 
474560 
474561 
474562 
474563 
474564 
474565 
474566 
474567 
474568 
474569 
474570 
474571 
474572 
474573 
474574 
474575 
474576 
474577 
474578 
474579 
474580 
474581 
474582 
474583 
474584 
474585 
474586 
474587 
474588 
474589 
474590 
474591 
474592 
474593 
474594 
474595 
474596 
474597 
474598 
474599 
474600 
474601 
474602 
474603 
474604 
474605 
474606 
474607 
474608 
474609 
474610 
474611 
474612 
474613 
474614 
474615 
474616 
474617 
474618 
474619 
474620 
474621 
474622 
474623 
474624 
474625 
474626 
474627 
474628 
474629 
474630 
474631 
474632 
474633 
474634 
474635 
474636 
474637 
474638 
474639 
474640 
474641 
474642 
474643 
474644 
474645 
474646 
474647 
474648 
474649 
474650 
474651 
474652 
474653 
474654 
474655 
474656 
474657 
474658 
474659 
474660 
474661 
474662 
474663 
474664 
474665 
474666 
474667 
474668 
474669 
474670 
474671 
474672 
474673 
474674 
474675 
474676 
474677 
474678 
474679 
474680 
474681 
474682 
474683 
474684 
474685 
474686 
474687 
474688 
474689 
474690 
474691 
474692 
474693 
474694 
474695 
474696 
474697 
474698 
474699 
474700 
474701 
474702 
474703 
474704 
474705 
474706 
474707 
474708 
474709 
474710 
474711 
474712 
474713 
474714 
474715 
474716 
474717 
474718 
474719 
474720 
474721 
474722 
474723 
474724 
474725 
474726 
474727 
474728 
474729 
474730 
474731 
474732 
474733 
474734 
474735 
474736 
474737 
474738 
474739 
474740 
474741 
474742 
474743 
474744 
474745 
474746 
474747 
474748 
474749 
474750 
474751 
474752 
474753 
474754 
474755 
474756 
474757 
474758 
474759 
474760 
474761 
474762 
474763 
474764 
474765 
474766 
474767 
474768 
474769 
474770 
474771 
474772 
474773 
474774 
474775 
474776 
474777 
474778 
474779 
474780 
474781 
474782 
474783 
474784 
474785 
474786 
474787 
474788 
474789 
474790 
474791 
474792 
474793 
474794 
474795 
474796 
474797 
474798 
474799 
474800 
474801 
474802 
474803 
474804 
474805 
474806 
474807 
474808 
474809 
474810 
474811 
474812 
474813 
474814 
474815 
474816 
474817 
474818 
474819 
474820 
474821 
474822 
474823 
474824 
474825 
474826 
474827 
474828 
474829 
474830 
474831 
474832 
474833 
474834 
474835 
474836 
474837 
474838 
474839 
474840 
474841 
474842 
474843 
474844 
474845 
474846 
474847 
474848 
474849 
474850 
474851 
474852 
474853 
474854 
474855 
474856 
474857 
474858 
474859 
474860 
474861 
474862 
474863 
474864 
474865 
474866 
474867 
474868 
474869 
474870 
474871 
474872 
474873 
474874 
474875 
474876 
474877 
474878 
474879 
474880 
474881 
474882 
474883 
474884 
474885 
474886 
474887 
474888 
474889 
474890 
474891 
474892 
474893 
474894 
474895 
474896 
474897 
)

// ************************************************************************* //
