/*--------------------------------*- C++ -*----------------------------------*\
| =========                 |                                                 |
| \\      /  F ield         | foam-extend: Open Source CFD                    |
|  \\    /   O peration     | Version:  3.0                                   |
|   \\  /    A nd           | Web:         http://www.extend-project.de       |
|    \\/     M anipulation  |                                                 |
\*---------------------------------------------------------------------------*/
FoamFile
{
    version     2.0;
    format      ascii;
    class       faceSet;
    location    "constant/polyMesh/sets";
    object      passageSidesUpper_0_faces;
}
// * * * * * * * * * * * * * * * * * * * * * * * * * * * * * * * * * * * * * //


4578
(
465742 
465743 
465744 
465745 
465746 
465747 
465748 
465749 
465750 
465751 
465752 
465753 
465754 
465755 
465756 
465757 
465758 
465759 
465760 
465761 
465762 
465763 
465764 
465765 
465766 
465767 
465768 
465769 
465770 
465771 
465772 
465773 
465774 
465775 
465776 
465777 
465778 
465779 
465780 
465781 
465782 
465783 
465784 
465785 
465786 
465787 
465788 
465789 
465790 
465791 
465792 
465793 
465794 
465795 
465796 
465797 
465798 
465799 
465800 
465801 
465802 
465803 
465804 
465805 
465806 
465807 
465808 
465809 
465810 
465811 
465812 
465813 
465814 
465815 
465816 
465817 
465818 
465819 
465820 
465821 
465822 
465823 
465824 
465825 
465826 
465827 
465828 
465829 
465830 
465831 
465832 
465833 
465834 
465835 
465836 
465837 
465838 
465839 
465840 
465841 
465842 
465843 
465844 
465845 
465846 
465847 
465848 
465849 
465850 
465851 
465852 
465853 
465854 
465855 
465856 
465857 
465858 
465859 
465860 
465861 
465862 
465863 
465864 
465865 
465866 
465867 
465868 
465869 
465870 
465871 
465872 
465873 
465874 
465875 
465876 
465877 
465878 
465879 
465880 
465881 
465882 
465883 
465884 
465885 
465886 
465887 
465888 
465889 
465890 
465891 
465892 
465893 
465894 
465895 
465896 
465897 
465898 
465899 
465900 
465901 
465902 
465903 
465904 
465905 
465906 
465907 
465908 
465909 
465910 
465911 
465912 
465913 
465914 
465915 
465916 
465917 
465918 
465919 
465920 
465921 
465922 
465923 
465924 
465925 
465926 
465927 
465928 
465929 
465930 
465931 
465932 
465933 
465934 
465935 
465936 
465937 
465938 
465939 
465940 
465941 
465942 
465943 
465944 
465945 
465946 
465947 
465948 
465949 
465950 
465951 
465952 
465953 
465954 
465955 
465956 
465957 
465958 
465959 
465960 
465961 
465962 
465963 
465964 
465965 
465966 
465967 
465968 
465969 
465970 
465971 
465972 
465973 
465974 
465975 
465976 
465977 
465978 
465979 
465980 
465981 
465982 
465983 
465984 
465985 
465986 
465987 
465988 
465989 
465990 
465991 
465992 
465993 
465994 
465995 
465996 
465997 
465998 
465999 
466000 
466001 
466002 
466003 
466004 
466005 
466006 
466007 
466008 
466009 
466010 
466011 
466012 
466013 
466014 
466015 
466016 
466017 
466018 
466019 
466020 
466021 
466022 
466023 
466024 
466025 
466026 
466027 
466028 
466029 
466030 
466031 
466032 
466033 
466034 
466035 
466036 
466037 
466038 
466039 
466040 
466041 
466042 
466043 
466044 
466045 
466046 
466047 
466048 
466049 
466050 
466051 
466052 
466053 
466054 
466055 
466056 
466057 
466058 
466059 
466060 
466061 
466062 
466063 
466064 
466065 
466066 
466067 
466068 
466069 
466070 
466071 
466072 
466073 
466074 
466075 
466076 
466077 
466078 
466079 
466080 
466081 
466082 
466083 
466084 
466085 
466086 
466087 
466088 
466089 
466090 
466091 
466092 
466093 
466094 
466095 
466096 
466097 
466098 
466099 
466100 
466101 
466102 
466103 
466104 
466105 
466106 
466107 
466108 
466109 
466110 
466111 
466112 
466113 
466114 
466115 
466116 
466117 
466118 
466119 
466120 
466121 
466122 
466123 
466124 
466125 
466126 
466127 
466128 
466129 
466130 
466131 
466132 
466133 
466134 
466135 
466136 
466137 
466138 
466139 
466140 
466141 
466142 
466143 
466144 
466145 
466146 
466147 
466148 
466149 
466150 
466151 
466152 
466153 
466154 
466155 
466156 
466157 
466158 
466159 
466160 
466161 
466162 
466163 
466164 
466165 
466166 
466167 
466168 
466169 
466170 
466171 
466172 
466173 
466174 
466175 
466176 
466177 
466178 
466179 
466180 
466181 
466182 
466183 
466184 
466185 
466186 
466187 
466188 
466189 
466190 
466191 
466192 
466193 
466194 
466195 
466196 
466197 
466198 
466199 
466200 
466201 
466202 
466203 
466204 
466205 
466206 
466207 
466208 
466209 
466210 
466211 
466212 
466213 
466214 
466215 
466216 
466217 
466218 
466219 
466220 
466221 
466222 
466223 
466224 
466225 
466226 
466227 
466228 
466229 
466230 
466231 
466232 
466233 
466234 
466235 
466236 
466237 
466238 
466239 
466240 
466241 
466242 
466243 
466244 
466245 
466246 
466247 
466248 
466249 
466250 
466251 
466252 
466253 
466254 
466255 
466256 
466257 
466258 
466259 
466260 
466261 
466262 
466263 
466264 
466265 
466266 
466267 
466268 
466269 
466270 
466271 
466272 
466273 
466274 
466275 
466276 
466277 
466278 
466279 
466280 
466281 
466282 
466283 
466284 
466285 
466286 
466287 
466288 
466289 
466290 
466291 
466292 
466293 
466294 
466295 
466296 
466297 
466298 
466299 
466300 
466301 
466302 
466303 
466304 
466305 
466306 
466307 
466308 
466309 
466310 
466311 
466312 
466313 
466314 
466315 
466316 
466317 
466318 
466319 
466320 
466321 
466322 
466323 
466324 
466325 
466326 
466327 
466328 
466329 
466330 
466331 
466332 
466333 
466334 
466335 
466336 
466337 
466338 
466339 
466340 
466341 
466342 
466343 
466344 
466345 
466346 
466347 
466348 
466349 
466350 
466351 
466352 
466353 
466354 
466355 
466356 
466357 
466358 
466359 
466360 
466361 
466362 
466363 
466364 
466365 
466366 
466367 
466368 
466369 
466370 
466371 
466372 
466373 
466374 
466375 
466376 
466377 
466378 
466379 
466380 
466381 
466382 
466383 
466384 
466385 
466386 
466387 
466388 
466389 
466390 
466391 
466392 
466393 
466394 
466395 
466396 
466397 
466398 
466399 
466400 
466401 
466402 
466403 
466404 
466405 
466406 
466407 
466408 
466409 
466410 
466411 
466412 
466413 
466414 
466415 
466416 
466417 
466418 
466419 
466420 
466421 
466422 
466423 
466424 
466425 
466426 
466427 
466428 
466429 
466430 
466431 
466432 
466433 
466434 
466435 
466436 
466437 
466438 
466439 
466440 
466441 
466442 
466443 
466444 
466445 
466446 
466447 
466448 
466449 
466450 
466451 
466452 
466453 
466454 
466455 
466456 
466457 
466458 
466459 
466460 
466461 
466462 
466463 
466464 
466465 
466466 
466467 
466468 
466469 
466470 
466471 
466472 
466473 
466474 
466475 
466476 
466477 
466478 
466479 
466480 
466481 
466482 
466483 
466484 
466485 
466486 
466487 
466488 
466489 
466490 
466491 
466492 
466493 
466494 
466495 
466496 
466497 
466498 
466499 
466500 
466501 
466502 
466503 
466504 
466505 
466506 
466507 
466508 
466509 
466510 
466511 
466512 
466513 
466514 
466515 
466516 
466517 
466518 
466519 
466520 
466521 
466522 
466523 
466524 
466525 
466526 
466527 
466528 
466529 
466530 
466531 
466532 
466533 
466534 
466535 
466536 
466537 
466538 
466539 
466540 
466541 
466542 
466543 
466544 
466545 
466546 
466547 
466548 
466549 
466550 
466551 
466552 
466553 
466554 
466555 
466556 
466557 
466558 
466559 
466560 
466561 
466562 
466563 
466564 
466565 
466566 
466567 
466568 
466569 
466570 
466571 
466572 
466573 
466574 
466575 
466576 
466577 
466578 
466579 
466580 
466581 
466582 
466583 
466584 
466585 
466586 
466587 
466588 
466589 
466590 
466591 
466592 
466593 
466594 
466595 
466596 
466597 
466598 
466599 
466600 
466601 
466602 
466603 
466604 
466605 
466606 
466607 
466608 
466609 
466610 
466611 
466612 
466613 
466614 
466615 
466616 
466617 
466618 
466619 
466620 
466621 
466622 
466623 
466624 
466625 
466626 
466627 
466628 
466629 
466630 
466631 
466632 
466633 
466634 
466635 
466636 
466637 
466638 
466639 
466640 
466641 
466642 
466643 
466644 
466645 
466646 
466647 
466648 
466649 
466650 
466651 
466652 
466653 
466654 
466655 
466656 
466657 
466658 
466659 
466660 
466661 
466662 
466663 
466664 
466665 
466666 
466667 
466668 
466669 
466670 
466671 
466672 
466673 
466674 
466675 
466676 
466677 
466678 
466679 
466680 
466681 
466682 
466683 
466684 
466685 
466686 
466687 
466688 
466689 
466690 
466691 
466692 
466693 
466694 
466695 
466696 
466697 
466698 
466699 
466700 
466701 
466702 
466703 
466704 
466705 
466706 
466707 
466708 
466709 
466710 
466711 
466712 
466713 
466714 
466715 
466716 
466717 
466718 
466719 
466720 
466721 
466722 
466723 
466724 
466725 
466726 
466727 
466728 
466729 
466730 
466731 
466732 
466733 
466734 
466735 
466736 
466737 
466738 
466739 
466740 
466741 
466742 
466743 
466744 
466745 
466746 
466747 
466748 
466749 
466750 
466751 
466752 
466753 
466754 
466755 
466756 
466757 
466758 
466759 
466760 
466761 
466762 
466763 
466764 
466765 
466766 
466767 
466768 
466769 
466770 
466771 
466772 
466773 
466774 
466775 
466776 
466777 
466778 
466779 
466780 
466781 
466782 
466783 
466784 
466785 
466786 
466787 
466788 
466789 
466790 
466791 
466792 
466793 
466794 
466795 
466796 
466797 
466798 
466799 
466800 
466801 
466802 
466803 
466804 
466805 
466806 
466807 
466808 
466809 
466810 
466811 
466812 
466813 
466814 
466815 
466816 
466817 
466818 
466819 
466820 
466821 
466822 
466823 
466824 
466825 
466826 
466827 
466828 
466829 
466830 
466831 
466832 
466833 
466834 
466835 
466836 
466837 
466838 
466839 
466840 
466841 
466842 
466843 
466844 
466845 
466846 
466847 
466848 
466849 
466850 
466851 
466852 
466853 
466854 
466855 
466856 
466857 
466858 
466859 
466860 
466861 
466862 
466863 
466864 
466865 
466866 
466867 
466868 
466869 
466870 
466871 
466872 
466873 
466874 
466875 
466876 
466877 
466878 
466879 
466880 
466881 
466882 
466883 
466884 
466885 
466886 
466887 
466888 
466889 
466890 
466891 
466892 
466893 
466894 
466895 
466896 
466897 
466898 
466899 
466900 
466901 
466902 
466903 
466904 
466905 
466906 
466907 
466908 
466909 
466910 
466911 
466912 
466913 
466914 
466915 
466916 
466917 
466918 
466919 
466920 
466921 
466922 
466923 
466924 
466925 
466926 
466927 
466928 
466929 
466930 
466931 
466932 
466933 
466934 
466935 
466936 
466937 
466938 
466939 
466940 
466941 
466942 
466943 
466944 
466945 
466946 
466947 
466948 
466949 
466950 
466951 
466952 
466953 
466954 
466955 
466956 
466957 
466958 
466959 
466960 
466961 
466962 
466963 
466964 
466965 
466966 
466967 
466968 
466969 
466970 
466971 
466972 
466973 
466974 
466975 
466976 
466977 
466978 
466979 
466980 
466981 
466982 
466983 
466984 
466985 
466986 
466987 
466988 
466989 
466990 
466991 
466992 
466993 
466994 
466995 
466996 
466997 
466998 
466999 
467000 
467001 
467002 
467003 
467004 
467005 
467006 
467007 
467008 
467009 
467010 
467011 
467012 
467013 
467014 
467015 
467016 
467017 
467018 
467019 
467020 
467021 
467022 
467023 
467024 
467025 
467026 
467027 
467028 
467029 
467030 
467031 
467032 
467033 
467034 
467035 
467036 
467037 
467038 
467039 
467040 
467041 
467042 
467043 
467044 
467045 
467046 
467047 
467048 
467049 
467050 
467051 
467052 
467053 
467054 
467055 
467056 
467057 
467058 
467059 
467060 
467061 
467062 
467063 
467064 
467065 
467066 
467067 
467068 
467069 
467070 
467071 
467072 
467073 
467074 
467075 
467076 
467077 
467078 
467079 
467080 
467081 
467082 
467083 
467084 
467085 
467086 
467087 
467088 
467089 
467090 
467091 
467092 
467093 
467094 
467095 
467096 
467097 
467098 
467099 
467100 
467101 
467102 
467103 
467104 
467105 
467106 
467107 
467108 
467109 
467110 
467111 
467112 
467113 
467114 
467115 
467116 
467117 
467118 
467119 
467120 
467121 
467122 
467123 
467124 
467125 
467126 
467127 
467128 
467129 
467130 
467131 
467132 
467133 
467134 
467135 
467136 
467137 
467138 
467139 
467140 
467141 
467142 
467143 
467144 
467145 
467146 
467147 
467148 
467149 
467150 
467151 
467152 
467153 
467154 
467155 
467156 
467157 
467158 
467159 
467160 
467161 
467162 
467163 
467164 
467165 
467166 
467167 
467168 
467169 
467170 
467171 
467172 
467173 
467174 
467175 
467176 
467177 
467178 
467179 
467180 
467181 
467182 
467183 
467184 
467185 
467186 
467187 
467188 
467189 
467190 
467191 
467192 
467193 
467194 
467195 
467196 
467197 
467198 
467199 
467200 
467201 
467202 
467203 
467204 
467205 
467206 
467207 
467208 
467209 
467210 
467211 
467212 
467213 
467214 
467215 
467216 
467217 
467218 
467219 
467220 
467221 
467222 
467223 
467224 
467225 
467226 
467227 
467228 
467229 
467230 
467231 
467232 
467233 
467234 
467235 
467236 
467237 
467238 
467239 
467240 
467241 
467242 
467243 
467244 
467245 
467246 
467247 
467248 
467249 
467250 
467251 
467252 
467253 
467254 
467255 
467256 
467257 
467258 
467259 
467260 
467261 
467262 
467263 
467264 
467265 
467266 
467267 
467268 
467269 
467270 
467271 
467272 
467273 
467274 
467275 
467276 
467277 
467278 
467279 
467280 
467281 
467282 
467283 
467284 
467285 
467286 
467287 
467288 
467289 
467290 
467291 
467292 
467293 
467294 
467295 
467296 
467297 
467298 
467299 
467300 
467301 
467302 
467303 
467304 
467305 
467306 
467307 
467308 
467309 
467310 
467311 
467312 
467313 
467314 
467315 
467316 
467317 
467318 
467319 
467320 
467321 
467322 
467323 
467324 
467325 
467326 
467327 
467328 
467329 
467330 
467331 
467332 
467333 
467334 
467335 
467336 
467337 
467338 
467339 
467340 
467341 
467342 
467343 
467344 
467345 
467346 
467347 
467348 
467349 
467350 
467351 
467352 
467353 
467354 
467355 
467356 
467357 
467358 
467359 
467360 
467361 
467362 
467363 
467364 
467365 
467366 
467367 
467368 
467369 
467370 
467371 
467372 
467373 
467374 
467375 
467376 
467377 
467378 
467379 
467380 
467381 
467382 
467383 
467384 
467385 
467386 
467387 
467388 
467389 
467390 
467391 
467392 
467393 
467394 
467395 
467396 
467397 
467398 
467399 
467400 
467401 
467402 
467403 
467404 
467405 
467406 
467407 
467408 
467409 
467410 
467411 
467412 
467413 
467414 
467415 
467416 
467417 
467418 
467419 
467420 
467421 
467422 
467423 
467424 
467425 
467426 
467427 
467428 
467429 
467430 
467431 
467432 
467433 
467434 
467435 
467436 
467437 
467438 
467439 
467440 
467441 
467442 
467443 
467444 
467445 
467446 
467447 
467448 
467449 
467450 
467451 
467452 
467453 
467454 
467455 
467456 
467457 
467458 
467459 
467460 
467461 
467462 
467463 
467464 
467465 
467466 
467467 
467468 
467469 
467470 
467471 
467472 
467473 
467474 
467475 
467476 
467477 
467478 
467479 
467480 
467481 
467482 
467483 
467484 
467485 
467486 
467487 
467488 
467489 
467490 
467491 
467492 
467493 
467494 
467495 
467496 
467497 
467498 
467499 
467500 
467501 
467502 
467503 
467504 
467505 
467506 
467507 
467508 
467509 
467510 
467511 
467512 
467513 
467514 
467515 
467516 
467517 
467518 
467519 
467520 
467521 
467522 
467523 
467524 
467525 
467526 
467527 
467528 
467529 
467530 
467531 
467532 
467533 
467534 
467535 
467536 
467537 
467538 
467539 
467540 
467541 
467542 
467543 
467544 
467545 
467546 
467547 
467548 
467549 
467550 
467551 
467552 
467553 
467554 
467555 
467556 
467557 
467558 
467559 
467560 
467561 
467562 
467563 
467564 
467565 
467566 
467567 
467568 
467569 
467570 
467571 
467572 
467573 
467574 
467575 
467576 
467577 
467578 
467579 
467580 
467581 
467582 
467583 
467584 
467585 
467586 
467587 
467588 
467589 
467590 
467591 
467592 
467593 
467594 
467595 
467596 
467597 
467598 
467599 
467600 
467601 
467602 
467603 
467604 
467605 
467606 
467607 
467608 
467609 
467610 
467611 
467612 
467613 
467614 
467615 
467616 
467617 
467618 
467619 
467620 
467621 
467622 
467623 
467624 
467625 
467626 
467627 
467628 
467629 
467630 
467631 
467632 
467633 
467634 
467635 
467636 
467637 
467638 
467639 
467640 
467641 
467642 
467643 
467644 
467645 
467646 
467647 
467648 
467649 
467650 
467651 
467652 
467653 
467654 
467655 
467656 
467657 
467658 
467659 
467660 
467661 
467662 
467663 
467664 
467665 
467666 
467667 
467668 
467669 
467670 
467671 
467672 
467673 
467674 
467675 
467676 
467677 
467678 
467679 
467680 
467681 
467682 
467683 
467684 
467685 
467686 
467687 
467688 
467689 
467690 
467691 
467692 
467693 
467694 
467695 
467696 
467697 
467698 
467699 
467700 
467701 
467702 
467703 
467704 
467705 
467706 
467707 
467708 
467709 
467710 
467711 
467712 
467713 
467714 
467715 
467716 
467717 
467718 
467719 
467720 
467721 
467722 
467723 
467724 
467725 
467726 
467727 
467728 
467729 
467730 
467731 
467732 
467733 
467734 
467735 
467736 
467737 
467738 
467739 
467740 
467741 
467742 
467743 
467744 
467745 
467746 
467747 
467748 
467749 
467750 
467751 
467752 
467753 
467754 
467755 
467756 
467757 
467758 
467759 
467760 
467761 
467762 
467763 
467764 
467765 
467766 
467767 
467768 
467769 
467770 
467771 
467772 
467773 
467774 
467775 
467776 
467777 
467778 
467779 
467780 
467781 
467782 
467783 
467784 
467785 
467786 
467787 
467788 
467789 
467790 
467791 
467792 
467793 
467794 
467795 
467796 
467797 
467798 
467799 
467800 
467801 
467802 
467803 
467804 
467805 
467806 
467807 
467808 
467809 
467810 
467811 
467812 
467813 
467814 
467815 
467816 
467817 
467818 
467819 
467820 
467821 
467822 
467823 
467824 
467825 
467826 
467827 
467828 
467829 
467830 
467831 
467832 
467833 
467834 
467835 
467836 
467837 
467838 
467839 
467840 
467841 
467842 
467843 
467844 
467845 
467846 
467847 
467848 
467849 
467850 
467851 
467852 
467853 
467854 
467855 
467856 
467857 
467858 
467859 
467860 
467861 
467862 
467863 
467864 
467865 
467866 
467867 
467868 
467869 
467870 
467871 
467872 
467873 
467874 
467875 
467876 
467877 
467878 
467879 
467880 
467881 
467882 
467883 
467884 
467885 
467886 
467887 
467888 
467889 
467890 
467891 
467892 
467893 
467894 
467895 
467896 
467897 
467898 
467899 
467900 
467901 
467902 
467903 
467904 
467905 
467906 
467907 
467908 
467909 
467910 
467911 
467912 
467913 
467914 
467915 
467916 
467917 
467918 
467919 
467920 
467921 
467922 
467923 
467924 
467925 
467926 
467927 
467928 
467929 
467930 
467931 
467932 
467933 
467934 
467935 
467936 
467937 
467938 
467939 
467940 
467941 
467942 
467943 
467944 
467945 
467946 
467947 
467948 
467949 
467950 
467951 
467952 
467953 
467954 
467955 
467956 
467957 
467958 
467959 
467960 
467961 
467962 
467963 
467964 
467965 
467966 
467967 
467968 
467969 
467970 
467971 
467972 
467973 
467974 
467975 
467976 
467977 
467978 
467979 
467980 
467981 
467982 
467983 
467984 
467985 
467986 
467987 
467988 
467989 
467990 
467991 
467992 
467993 
467994 
467995 
467996 
467997 
467998 
467999 
468000 
468001 
468002 
468003 
468004 
468005 
468006 
468007 
468008 
468009 
468010 
468011 
468012 
468013 
468014 
468015 
468016 
468017 
468018 
468019 
468020 
468021 
468022 
468023 
468024 
468025 
468026 
468027 
468028 
468029 
468030 
468031 
468032 
468033 
468034 
468035 
468036 
468037 
468038 
468039 
468040 
468041 
468042 
468043 
468044 
468045 
468046 
468047 
468048 
468049 
468050 
468051 
468052 
468053 
468054 
468055 
468056 
468057 
468058 
468059 
468060 
468061 
468062 
468063 
468064 
468065 
468066 
468067 
468068 
468069 
468070 
468071 
468072 
468073 
468074 
468075 
468076 
468077 
468078 
468079 
468080 
468081 
468082 
468083 
468084 
468085 
468086 
468087 
468088 
468089 
468090 
468091 
468092 
468093 
468094 
468095 
468096 
468097 
468098 
468099 
468100 
468101 
468102 
468103 
468104 
468105 
468106 
468107 
468108 
468109 
468110 
468111 
468112 
468113 
468114 
468115 
468116 
468117 
468118 
468119 
468120 
468121 
468122 
468123 
468124 
468125 
468126 
468127 
468128 
468129 
468130 
468131 
468132 
468133 
468134 
468135 
468136 
468137 
468138 
468139 
468140 
468141 
468142 
468143 
468144 
468145 
468146 
468147 
468148 
468149 
468150 
468151 
468152 
468153 
468154 
468155 
468156 
468157 
468158 
468159 
468160 
468161 
468162 
468163 
468164 
468165 
468166 
468167 
468168 
468169 
468170 
468171 
468172 
468173 
468174 
468175 
468176 
468177 
468178 
468179 
468180 
468181 
468182 
468183 
468184 
468185 
468186 
468187 
468188 
468189 
468190 
468191 
468192 
468193 
468194 
468195 
468196 
468197 
468198 
468199 
468200 
468201 
468202 
468203 
468204 
468205 
468206 
468207 
468208 
468209 
468210 
468211 
468212 
468213 
468214 
468215 
468216 
468217 
468218 
468219 
468220 
468221 
468222 
468223 
468224 
468225 
468226 
468227 
468228 
468229 
468230 
468231 
468232 
468233 
468234 
468235 
468236 
468237 
468238 
468239 
468240 
468241 
468242 
468243 
468244 
468245 
468246 
468247 
468248 
468249 
468250 
468251 
468252 
468253 
468254 
468255 
468256 
468257 
468258 
468259 
468260 
468261 
468262 
468263 
468264 
468265 
468266 
468267 
468268 
468269 
468270 
468271 
468272 
468273 
468274 
468275 
468276 
468277 
468278 
468279 
468280 
468281 
468282 
468283 
468284 
468285 
468286 
468287 
468288 
468289 
468290 
468291 
468292 
468293 
468294 
468295 
468296 
468297 
468298 
468299 
468300 
468301 
468302 
468303 
468304 
468305 
468306 
468307 
468308 
468309 
468310 
468311 
468312 
468313 
468314 
468315 
468316 
468317 
468318 
468319 
468320 
468321 
468322 
468323 
468324 
468325 
468326 
468327 
468328 
468329 
468330 
468331 
468332 
468333 
468334 
468335 
468336 
468337 
468338 
468339 
468340 
468341 
468342 
468343 
468344 
468345 
468346 
468347 
468348 
468349 
468350 
468351 
468352 
468353 
468354 
468355 
468356 
468357 
468358 
468359 
468360 
468361 
468362 
468363 
468364 
468365 
468366 
468367 
468368 
468369 
468370 
468371 
468372 
468373 
468374 
468375 
468376 
468377 
468378 
468379 
468380 
468381 
468382 
468383 
468384 
468385 
468386 
468387 
468388 
468389 
468390 
468391 
468392 
468393 
468394 
468395 
468396 
468397 
468398 
468399 
468400 
468401 
468402 
468403 
468404 
468405 
468406 
468407 
468408 
468409 
468410 
468411 
468412 
468413 
468414 
468415 
468416 
468417 
468418 
468419 
468420 
468421 
468422 
468423 
468424 
468425 
468426 
468427 
468428 
468429 
468430 
468431 
468432 
468433 
468434 
468435 
468436 
468437 
468438 
468439 
468440 
468441 
468442 
468443 
468444 
468445 
468446 
468447 
468448 
468449 
468450 
468451 
468452 
468453 
468454 
468455 
468456 
468457 
468458 
468459 
468460 
468461 
468462 
468463 
468464 
468465 
468466 
468467 
468468 
468469 
468470 
468471 
468472 
468473 
468474 
468475 
468476 
468477 
468478 
468479 
468480 
468481 
468482 
468483 
468484 
468485 
468486 
468487 
468488 
468489 
468490 
468491 
468492 
468493 
468494 
468495 
468496 
468497 
468498 
468499 
468500 
468501 
468502 
468503 
468504 
468505 
468506 
468507 
468508 
468509 
468510 
468511 
468512 
468513 
468514 
468515 
468516 
468517 
468518 
468519 
468520 
468521 
468522 
468523 
468524 
468525 
468526 
468527 
468528 
468529 
468530 
468531 
468532 
468533 
468534 
468535 
468536 
468537 
468538 
468539 
468540 
468541 
468542 
468543 
468544 
468545 
468546 
468547 
468548 
468549 
468550 
468551 
468552 
468553 
468554 
468555 
468556 
468557 
468558 
468559 
468560 
468561 
468562 
468563 
468564 
468565 
468566 
468567 
468568 
468569 
468570 
468571 
468572 
468573 
468574 
468575 
468576 
468577 
468578 
468579 
468580 
468581 
468582 
468583 
468584 
468585 
468586 
468587 
468588 
468589 
468590 
468591 
468592 
468593 
468594 
468595 
468596 
468597 
468598 
468599 
468600 
468601 
468602 
468603 
468604 
468605 
468606 
468607 
468608 
468609 
468610 
468611 
468612 
468613 
468614 
468615 
468616 
468617 
468618 
468619 
468620 
468621 
468622 
468623 
468624 
468625 
468626 
468627 
468628 
468629 
468630 
468631 
468632 
468633 
468634 
468635 
468636 
468637 
468638 
468639 
468640 
468641 
468642 
468643 
468644 
468645 
468646 
468647 
468648 
468649 
468650 
468651 
468652 
468653 
468654 
468655 
468656 
468657 
468658 
468659 
468660 
468661 
468662 
468663 
468664 
468665 
468666 
468667 
468668 
468669 
468670 
468671 
468672 
468673 
468674 
468675 
468676 
468677 
468678 
468679 
468680 
468681 
468682 
468683 
468684 
468685 
468686 
468687 
468688 
468689 
468690 
468691 
468692 
468693 
468694 
468695 
468696 
468697 
468698 
468699 
468700 
468701 
468702 
468703 
468704 
468705 
468706 
468707 
468708 
468709 
468710 
468711 
468712 
468713 
468714 
468715 
468716 
468717 
468718 
468719 
468720 
468721 
468722 
468723 
468724 
468725 
468726 
468727 
468728 
468729 
468730 
468731 
468732 
468733 
468734 
468735 
468736 
468737 
468738 
468739 
468740 
468741 
468742 
468743 
468744 
468745 
468746 
468747 
468748 
468749 
468750 
468751 
468752 
468753 
468754 
468755 
468756 
468757 
468758 
468759 
468760 
468761 
468762 
468763 
468764 
468765 
468766 
468767 
468768 
468769 
468770 
468771 
468772 
468773 
468774 
468775 
468776 
468777 
468778 
468779 
468780 
468781 
468782 
468783 
468784 
468785 
468786 
468787 
468788 
468789 
468790 
468791 
468792 
468793 
468794 
468795 
468796 
468797 
468798 
468799 
468800 
468801 
468802 
468803 
468804 
468805 
468806 
468807 
468808 
468809 
468810 
468811 
468812 
468813 
468814 
468815 
468816 
468817 
468818 
468819 
468820 
468821 
468822 
468823 
468824 
468825 
468826 
468827 
468828 
468829 
468830 
468831 
468832 
468833 
468834 
468835 
468836 
468837 
468838 
468839 
468840 
468841 
468842 
468843 
468844 
468845 
468846 
468847 
468848 
468849 
468850 
468851 
468852 
468853 
468854 
468855 
468856 
468857 
468858 
468859 
468860 
468861 
468862 
468863 
468864 
468865 
468866 
468867 
468868 
468869 
468870 
468871 
468872 
468873 
468874 
468875 
468876 
468877 
468878 
468879 
468880 
468881 
468882 
468883 
468884 
468885 
468886 
468887 
468888 
468889 
468890 
468891 
468892 
468893 
468894 
468895 
468896 
468897 
468898 
468899 
468900 
468901 
468902 
468903 
468904 
468905 
468906 
468907 
468908 
468909 
468910 
468911 
468912 
468913 
468914 
468915 
468916 
468917 
468918 
468919 
468920 
468921 
468922 
468923 
468924 
468925 
468926 
468927 
468928 
468929 
468930 
468931 
468932 
468933 
468934 
468935 
468936 
468937 
468938 
468939 
468940 
468941 
468942 
468943 
468944 
468945 
468946 
468947 
468948 
468949 
468950 
468951 
468952 
468953 
468954 
468955 
468956 
468957 
468958 
468959 
468960 
468961 
468962 
468963 
468964 
468965 
468966 
468967 
468968 
468969 
468970 
468971 
468972 
468973 
468974 
468975 
468976 
468977 
468978 
468979 
468980 
468981 
468982 
468983 
468984 
468985 
468986 
468987 
468988 
468989 
468990 
468991 
468992 
468993 
468994 
468995 
468996 
468997 
468998 
468999 
469000 
469001 
469002 
469003 
469004 
469005 
469006 
469007 
469008 
469009 
469010 
469011 
469012 
469013 
469014 
469015 
469016 
469017 
469018 
469019 
469020 
469021 
469022 
469023 
469024 
469025 
469026 
469027 
469028 
469029 
469030 
469031 
469032 
469033 
469034 
469035 
469036 
469037 
469038 
469039 
469040 
469041 
469042 
469043 
469044 
469045 
469046 
469047 
469048 
469049 
469050 
469051 
469052 
469053 
469054 
469055 
469056 
469057 
469058 
469059 
469060 
469061 
469062 
469063 
469064 
469065 
469066 
469067 
469068 
469069 
469070 
469071 
469072 
469073 
469074 
469075 
469076 
469077 
469078 
469079 
469080 
469081 
469082 
469083 
469084 
469085 
469086 
469087 
469088 
469089 
469090 
469091 
469092 
469093 
469094 
469095 
469096 
469097 
469098 
469099 
469100 
469101 
469102 
469103 
469104 
469105 
469106 
469107 
469108 
469109 
469110 
469111 
469112 
469113 
469114 
469115 
469116 
469117 
469118 
469119 
469120 
469121 
469122 
469123 
469124 
469125 
469126 
469127 
469128 
469129 
469130 
469131 
469132 
469133 
469134 
469135 
469136 
469137 
469138 
469139 
469140 
469141 
469142 
469143 
469144 
469145 
469146 
469147 
469148 
469149 
469150 
469151 
469152 
469153 
469154 
469155 
469156 
469157 
469158 
469159 
469160 
469161 
469162 
469163 
469164 
469165 
469166 
469167 
469168 
469169 
469170 
469171 
469172 
469173 
469174 
469175 
469176 
469177 
469178 
469179 
469180 
469181 
469182 
469183 
469184 
469185 
469186 
469187 
469188 
469189 
469190 
469191 
469192 
469193 
469194 
469195 
469196 
469197 
469198 
469199 
469200 
469201 
469202 
469203 
469204 
469205 
469206 
469207 
469208 
469209 
469210 
469211 
469212 
469213 
469214 
469215 
469216 
469217 
469218 
469219 
469220 
469221 
469222 
469223 
469224 
469225 
469226 
469227 
469228 
469229 
469230 
469231 
469232 
469233 
469234 
469235 
469236 
469237 
469238 
469239 
469240 
469241 
469242 
469243 
469244 
469245 
469246 
469247 
469248 
469249 
469250 
469251 
469252 
469253 
469254 
469255 
469256 
469257 
469258 
469259 
469260 
469261 
469262 
469263 
469264 
469265 
469266 
469267 
469268 
469269 
469270 
469271 
469272 
469273 
469274 
469275 
469276 
469277 
469278 
469279 
469280 
469281 
469282 
469283 
469284 
469285 
469286 
469287 
469288 
469289 
469290 
469291 
469292 
469293 
469294 
469295 
469296 
469297 
469298 
469299 
469300 
469301 
469302 
469303 
469304 
469305 
469306 
469307 
469308 
469309 
469310 
469311 
469312 
469313 
469314 
469315 
469316 
469317 
469318 
469319 
469320 
469321 
469322 
469323 
469324 
469325 
469326 
469327 
469328 
469329 
469330 
469331 
469332 
469333 
469334 
469335 
469336 
469337 
469338 
469339 
469340 
469341 
469342 
469343 
469344 
469345 
469346 
469347 
469348 
469349 
469350 
469351 
469352 
469353 
469354 
469355 
469356 
469357 
469358 
469359 
469360 
469361 
469362 
469363 
469364 
469365 
469366 
469367 
469368 
469369 
469370 
469371 
469372 
469373 
469374 
469375 
469376 
469377 
469378 
469379 
469380 
469381 
469382 
469383 
469384 
469385 
469386 
469387 
469388 
469389 
469390 
469391 
469392 
469393 
469394 
469395 
469396 
469397 
469398 
469399 
469400 
469401 
469402 
469403 
469404 
469405 
469406 
469407 
469408 
469409 
469410 
469411 
469412 
469413 
469414 
469415 
469416 
469417 
469418 
469419 
469420 
469421 
469422 
469423 
469424 
469425 
469426 
469427 
469428 
469429 
469430 
469431 
469432 
469433 
469434 
469435 
469436 
469437 
469438 
469439 
469440 
469441 
469442 
469443 
469444 
469445 
469446 
469447 
469448 
469449 
469450 
469451 
469452 
469453 
469454 
469455 
469456 
469457 
469458 
469459 
469460 
469461 
469462 
469463 
469464 
469465 
469466 
469467 
469468 
469469 
469470 
469471 
469472 
469473 
469474 
469475 
469476 
469477 
469478 
469479 
469480 
469481 
469482 
469483 
469484 
469485 
469486 
469487 
469488 
469489 
469490 
469491 
469492 
469493 
469494 
469495 
469496 
469497 
469498 
469499 
469500 
469501 
469502 
469503 
469504 
469505 
469506 
469507 
469508 
469509 
469510 
469511 
469512 
469513 
469514 
469515 
469516 
469517 
469518 
469519 
469520 
469521 
469522 
469523 
469524 
469525 
469526 
469527 
469528 
469529 
469530 
469531 
469532 
469533 
469534 
469535 
469536 
469537 
469538 
469539 
469540 
469541 
469542 
469543 
469544 
469545 
469546 
469547 
469548 
469549 
469550 
469551 
469552 
469553 
469554 
469555 
469556 
469557 
469558 
469559 
469560 
469561 
469562 
469563 
469564 
469565 
469566 
469567 
469568 
469569 
469570 
469571 
469572 
469573 
469574 
469575 
469576 
469577 
469578 
469579 
469580 
469581 
469582 
469583 
469584 
469585 
469586 
469587 
469588 
469589 
469590 
469591 
469592 
469593 
469594 
469595 
469596 
469597 
469598 
469599 
469600 
469601 
469602 
469603 
469604 
469605 
469606 
469607 
469608 
469609 
469610 
469611 
469612 
469613 
469614 
469615 
469616 
469617 
469618 
469619 
469620 
469621 
469622 
469623 
469624 
469625 
469626 
469627 
469628 
469629 
469630 
469631 
469632 
469633 
469634 
469635 
469636 
469637 
469638 
469639 
469640 
469641 
469642 
469643 
469644 
469645 
469646 
469647 
469648 
469649 
469650 
469651 
469652 
469653 
469654 
469655 
469656 
469657 
469658 
469659 
469660 
469661 
469662 
469663 
469664 
469665 
469666 
469667 
469668 
469669 
469670 
469671 
469672 
469673 
469674 
469675 
469676 
469677 
469678 
469679 
469680 
469681 
469682 
469683 
469684 
469685 
469686 
469687 
469688 
469689 
469690 
469691 
469692 
469693 
469694 
469695 
469696 
469697 
469698 
469699 
469700 
469701 
469702 
469703 
469704 
469705 
469706 
469707 
469708 
469709 
469710 
469711 
469712 
469713 
469714 
469715 
469716 
469717 
469718 
469719 
469720 
469721 
469722 
469723 
469724 
469725 
469726 
469727 
469728 
469729 
469730 
469731 
469732 
469733 
469734 
469735 
469736 
469737 
469738 
469739 
469740 
469741 
469742 
469743 
469744 
469745 
469746 
469747 
469748 
469749 
469750 
469751 
469752 
469753 
469754 
469755 
469756 
469757 
469758 
469759 
469760 
469761 
469762 
469763 
469764 
469765 
469766 
469767 
469768 
469769 
469770 
469771 
469772 
469773 
469774 
469775 
469776 
469777 
469778 
469779 
469780 
469781 
469782 
469783 
469784 
469785 
469786 
469787 
469788 
469789 
469790 
469791 
469792 
469793 
469794 
469795 
469796 
469797 
469798 
469799 
469800 
469801 
469802 
469803 
469804 
469805 
469806 
469807 
469808 
469809 
469810 
469811 
469812 
469813 
469814 
469815 
469816 
469817 
469818 
469819 
469820 
469821 
469822 
469823 
469824 
469825 
469826 
469827 
469828 
469829 
469830 
469831 
469832 
469833 
469834 
469835 
469836 
469837 
469838 
469839 
469840 
469841 
469842 
469843 
469844 
469845 
469846 
469847 
469848 
469849 
469850 
469851 
469852 
469853 
469854 
469855 
469856 
469857 
469858 
469859 
469860 
469861 
469862 
469863 
469864 
469865 
469866 
469867 
469868 
469869 
469870 
469871 
469872 
469873 
469874 
469875 
469876 
469877 
469878 
469879 
469880 
469881 
469882 
469883 
469884 
469885 
469886 
469887 
469888 
469889 
469890 
469891 
469892 
469893 
469894 
469895 
469896 
469897 
469898 
469899 
469900 
469901 
469902 
469903 
469904 
469905 
469906 
469907 
469908 
469909 
469910 
469911 
469912 
469913 
469914 
469915 
469916 
469917 
469918 
469919 
469920 
469921 
469922 
469923 
469924 
469925 
469926 
469927 
469928 
469929 
469930 
469931 
469932 
469933 
469934 
469935 
469936 
469937 
469938 
469939 
469940 
469941 
469942 
469943 
469944 
469945 
469946 
469947 
469948 
469949 
469950 
469951 
469952 
469953 
469954 
469955 
469956 
469957 
469958 
469959 
469960 
469961 
469962 
469963 
469964 
469965 
469966 
469967 
469968 
469969 
469970 
469971 
469972 
469973 
469974 
469975 
469976 
469977 
469978 
469979 
469980 
469981 
469982 
469983 
469984 
469985 
469986 
469987 
469988 
469989 
469990 
469991 
469992 
469993 
469994 
469995 
469996 
469997 
469998 
469999 
470000 
470001 
470002 
470003 
470004 
470005 
470006 
470007 
470008 
470009 
470010 
470011 
470012 
470013 
470014 
470015 
470016 
470017 
470018 
470019 
470020 
470021 
470022 
470023 
470024 
470025 
470026 
470027 
470028 
470029 
470030 
470031 
470032 
470033 
470034 
470035 
470036 
470037 
470038 
470039 
470040 
470041 
470042 
470043 
470044 
470045 
470046 
470047 
470048 
470049 
470050 
470051 
470052 
470053 
470054 
470055 
470056 
470057 
470058 
470059 
470060 
470061 
470062 
470063 
470064 
470065 
470066 
470067 
470068 
470069 
470070 
470071 
470072 
470073 
470074 
470075 
470076 
470077 
470078 
470079 
470080 
470081 
470082 
470083 
470084 
470085 
470086 
470087 
470088 
470089 
470090 
470091 
470092 
470093 
470094 
470095 
470096 
470097 
470098 
470099 
470100 
470101 
470102 
470103 
470104 
470105 
470106 
470107 
470108 
470109 
470110 
470111 
470112 
470113 
470114 
470115 
470116 
470117 
470118 
470119 
470120 
470121 
470122 
470123 
470124 
470125 
470126 
470127 
470128 
470129 
470130 
470131 
470132 
470133 
470134 
470135 
470136 
470137 
470138 
470139 
470140 
470141 
470142 
470143 
470144 
470145 
470146 
470147 
470148 
470149 
470150 
470151 
470152 
470153 
470154 
470155 
470156 
470157 
470158 
470159 
470160 
470161 
470162 
470163 
470164 
470165 
470166 
470167 
470168 
470169 
470170 
470171 
470172 
470173 
470174 
470175 
470176 
470177 
470178 
470179 
470180 
470181 
470182 
470183 
470184 
470185 
470186 
470187 
470188 
470189 
470190 
470191 
470192 
470193 
470194 
470195 
470196 
470197 
470198 
470199 
470200 
470201 
470202 
470203 
470204 
470205 
470206 
470207 
470208 
470209 
470210 
470211 
470212 
470213 
470214 
470215 
470216 
470217 
470218 
470219 
470220 
470221 
470222 
470223 
470224 
470225 
470226 
470227 
470228 
470229 
470230 
470231 
470232 
470233 
470234 
470235 
470236 
470237 
470238 
470239 
470240 
470241 
470242 
470243 
470244 
470245 
470246 
470247 
470248 
470249 
470250 
470251 
470252 
470253 
470254 
470255 
470256 
470257 
470258 
470259 
470260 
470261 
470262 
470263 
470264 
470265 
470266 
470267 
470268 
470269 
470270 
470271 
470272 
470273 
470274 
470275 
470276 
470277 
470278 
470279 
470280 
470281 
470282 
470283 
470284 
470285 
470286 
470287 
470288 
470289 
470290 
470291 
470292 
470293 
470294 
470295 
470296 
470297 
470298 
470299 
470300 
470301 
470302 
470303 
470304 
470305 
470306 
470307 
470308 
470309 
470310 
470311 
470312 
470313 
470314 
470315 
470316 
470317 
470318 
470319 
)

// ************************************************************************* //
