/*--------------------------------*- C++ -*----------------------------------*\
  =========                 |
  \\      /  F ield         | OpenFOAM: The Open Source CFD Toolbox
   \\    /   O peration     | Website:  https://openfoam.org
    \\  /    A nd           | Version:  6
     \\/     M anipulation  |
\*---------------------------------------------------------------------------*/
FoamFile
{
    version     2.0;
    format      ascii;
    class       surfaceScalarField;
    location    "200";
    object      phi;
}
// * * * * * * * * * * * * * * * * * * * * * * * * * * * * * * * * * * * * * //

dimensions      [0 3 -1 0 0 0 0];

internalField   nonuniform List<scalar> 
5952
(
6.21312e-06
-6.21507e-06
1.04471e-05
-4.23253e-06
1.33805e-05
-2.93306e-06
1.32617e-05
1.21999e-07
8.72955e-06
4.53129e-06
-2.25983e-07
8.95809e-06
-1.80288e-05
1.78013e-05
-3.69813e-05
1.89534e-05
-5.13195e-05
1.43371e-05
-6.28867e-05
1.15673e-05
-7.1487e-05
8.59941e-06
6.15342e-06
-7.76408e-05
2.56815e-06
-8.7825e-06
3.07174e-06
-4.73464e-06
-7.61828e-07
9.01121e-07
-1.0003e-05
9.36433e-06
-2.42196e-05
1.87479e-05
-3.92641e-05
2.40032e-05
-4.67875e-05
2.53244e-05
-5.07321e-05
2.28984e-05
-5.50304e-05
1.86351e-05
-5.87481e-05
1.5285e-05
-6.16653e-05
1.15161e-05
8.18844e-06
-6.37006e-05
-8.59544e-07
-7.92215e-06
-4.76319e-06
-8.30034e-07
-1.32356e-05
9.37389e-06
-2.40979e-05
2.02272e-05
-3.26707e-05
2.73208e-05
-3.78945e-05
2.92274e-05
-4.06218e-05
2.80517e-05
-4.25136e-05
2.47904e-05
-4.46069e-05
2.07282e-05
-4.62029e-05
1.6881e-05
-4.76425e-05
1.29554e-05
9.33781e-06
-4.87922e-05
-4.55092e-06
-3.37009e-06
-1.0898e-05
5.51794e-06
-1.79471e-05
1.64233e-05
-2.41091e-05
2.63898e-05
-2.80087e-05
3.12206e-05
-3.02832e-05
3.15023e-05
-3.15441e-05
2.93126e-05
-3.23673e-05
2.56137e-05
-3.31578e-05
2.15185e-05
-3.38693e-05
1.75924e-05
-3.46605e-05
1.37463e-05
1.00502e-05
-3.53731e-05
-5.51834e-06
2.15012e-06
-1.09664e-05
1.0967e-05
-1.55656e-05
2.1023e-05
-1.86503e-05
2.94752e-05
-2.02693e-05
3.28398e-05
-2.08583e-05
3.20918e-05
-2.07824e-05
2.92367e-05
-2.07561e-05
2.55875e-05
-2.09537e-05
2.1716e-05
-2.12882e-05
1.79269e-05
-2.17356e-05
1.41933e-05
1.0518e-05
-2.22036e-05
-4.82919e-06
6.98127e-06
-8.73106e-06
1.48698e-05
-1.12079e-05
2.35009e-05
-1.20265e-05
3.02943e-05
-1.17366e-05
3.25508e-05
-1.08057e-05
3.1161e-05
-9.89645e-06
2.83279e-05
-9.26038e-06
2.49512e-05
-8.96064e-06
2.14163e-05
-8.92963e-06
1.78954e-05
-9.10607e-06
1.43697e-05
1.08158e-05
-9.40438e-06
-3.69866e-06
1.06817e-05
-6.22552e-06
1.73985e-05
-6.75346e-06
2.40297e-05
-5.51469e-06
2.9057e-05
-3.33719e-06
3.03737e-05
-1.14803e-06
2.89728e-05
6.65727e-07
2.6514e-05
1.97751e-06
2.36397e-05
2.79248e-06
2.06009e-05
3.19642e-06
1.74915e-05
3.27639e-06
1.42892e-05
1.09638e-05
3.12821e-06
-3.42242e-06
1.41062e-05
-4.6736e-06
1.86511e-05
-3.32817e-06
2.2686e-05
8.79709e-08
2.56421e-05
4.13545e-06
2.63274e-05
7.75902e-06
2.53499e-05
1.06521e-05
2.36214e-05
1.27701e-05
2.15218e-05
1.41789e-05
1.91921e-05
1.49999e-05
1.66703e-05
1.53587e-05
1.39301e-05
1.09477e-05
1.53745e-05
-3.36988e-06
1.74796e-05
-3.61713e-06
1.89004e-05
-2.35863e-07
1.93065e-05
5.16738e-06
2.02403e-05
1.09407e-05
2.05554e-05
1.60217e-05
2.02697e-05
2.00812e-05
1.95625e-05
2.30977e-05
1.85057e-05
2.51734e-05
1.71166e-05
2.64618e-05
1.53818e-05
2.71331e-05
1.32587e-05
1.0741e-05
2.73395e-05
-4.56622e-06
2.20459e-05
-1.65105e-06
1.59864e-05
4.7857e-06
1.28708e-05
1.20229e-05
1.30043e-05
1.90384e-05
1.35409e-05
2.51083e-05
1.42007e-05
2.99842e-05
1.46871e-05
3.36607e-05
1.48295e-05
3.62455e-05
1.45319e-05
3.78952e-05
1.37321e-05
3.88067e-05
1.2347e-05
1.03908e-05
3.91567e-05
3.77713e-07
2.16697e-05
8.47684e-06
7.88787e-06
1.71846e-05
4.16375e-06
2.51929e-05
4.99686e-06
3.21599e-05
6.57466e-06
3.79812e-05
8.38011e-06
4.26249e-05
1.0044e-05
4.61264e-05
1.13284e-05
4.8586e-05
1.20725e-05
5.01264e-05
1.21917e-05
5.09407e-05
1.15326e-05
1.014e-05
5.11914e-05
2.60554e-05
-4.38641e-06
3.64432e-05
-2.50035e-06
4.30295e-05
-2.42264e-06
4.85545e-05
-5.28211e-07
5.30627e-05
2.0666e-06
5.6754e-05
4.68889e-06
5.96795e-05
7.11863e-06
6.1828e-05
9.17993e-06
6.32238e-05
1.06767e-05
6.39148e-05
1.15006e-05
6.40663e-05
1.13808e-05
6.37873e-05
1.04187e-05
-8.14867e-05
3.84516e-06
-8.3241e-05
1.75363e-06
-8.3018e-05
-2.23676e-07
-8.09967e-05
-2.02215e-06
-7.71907e-05
-3.80665e-06
-7.14685e-05
-5.72301e-06
-6.3719e-05
-7.75025e-06
-5.37561e-05
-9.96373e-06
-4.14023e-05
-1.23544e-05
-2.67304e-05
-1.46728e-05
-1.11008e-05
-1.56318e-05
-1.11015e-05
-6.49342e-05
5.07823e-06
-6.53993e-05
2.21813e-06
-6.51293e-05
-4.94314e-07
-6.40114e-05
-3.14084e-06
-6.18798e-05
-5.93902e-06
-5.86325e-05
-8.9711e-06
-5.40757e-05
-1.2308e-05
-4.80193e-05
-1.6021e-05
-4.01998e-05
-2.01749e-05
-3.02823e-05
-2.45913e-05
-1.77446e-05
-2.8171e-05
-2.88465e-05
-4.96413e-05
5.92696e-06
-5.00837e-05
2.66006e-06
-4.9988e-05
-5.9058e-07
-4.91891e-05
-3.94028e-06
-4.76224e-05
-7.50638e-06
-4.52055e-05
-1.13888e-05
-4.18343e-05
-1.56799e-05
-3.73858e-05
-2.04705e-05
-3.17266e-05
-2.58351e-05
-2.43846e-05
-3.1934e-05
-1.44558e-05
-3.81008e-05
-4.33026e-05
-3.59066e-05
6.46019e-06
-3.61503e-05
2.90342e-06
-3.60126e-05
-7.2867e-07
-3.54204e-05
-4.53283e-06
-3.43235e-05
-8.60383e-06
-3.26617e-05
-1.30511e-05
-3.03746e-05
-1.79677e-05
-2.7405e-05
-2.34409e-05
-2.3563e-05
-2.96777e-05
-1.85188e-05
-3.6979e-05
-1.13594e-05
-4.52608e-05
-5.46625e-05
-2.2603e-05
6.85927e-06
-2.28481e-05
3.14835e-06
-2.28738e-05
-7.03355e-07
-2.26324e-05
-4.77464e-06
-2.20882e-05
-9.14843e-06
-2.12018e-05
-1.39381e-05
-1.99388e-05
-1.92314e-05
-1.82332e-05
-2.51471e-05
-1.59524e-05
-3.19592e-05
-1.29179e-05
-4.00144e-05
-8.0507e-06
-5.01294e-05
-6.27137e-05
-9.73903e-06
7.19374e-06
-1.00386e-05
3.44741e-06
-1.02529e-05
-4.89498e-07
-1.03501e-05
-4.6781e-06
-1.03125e-05
-9.18668e-06
-1.01436e-05
-1.41079e-05
-9.82993e-06
-1.95458e-05
-9.33172e-06
-2.56464e-05
-8.61663e-06
-3.26758e-05
-7.53984e-06
-4.10924e-05
-5.40569e-06
-5.22649e-05
-6.81207e-05
2.84125e-06
7.4801e-06
2.48434e-06
3.80386e-06
2.09824e-06
-1.0418e-07
1.69917e-06
-4.27981e-06
1.2794e-06
-8.76803e-06
8.15791e-07
-1.36453e-05
2.88661e-07
-1.90201e-05
-3.11938e-07
-2.50472e-05
-9.86487e-07
-3.2002e-05
-1.67892e-06
-4.04022e-05
-2.15256e-06
-5.17937e-05
-7.02739e-05
1.51548e-05
7.69949e-06
1.47746e-05
4.18341e-06
1.42735e-05
3.96372e-07
1.36556e-05
-3.66291e-06
1.2891e-05
-8.00436e-06
1.1925e-05
-1.26806e-05
1.06885e-05
-1.77846e-05
9.10274e-06
-2.34623e-05
7.07397e-06
-2.99752e-05
4.5329e-06
-3.7862e-05
1.63558e-06
-4.88979e-05
-6.864e-05
2.72201e-05
7.81853e-06
2.6866e-05
4.53701e-06
2.63231e-05
9.38488e-07
2.55929e-05
-2.93353e-06
2.46294e-05
-7.04191e-06
2.33492e-05
-1.14015e-05
2.16306e-05
-1.6067e-05
1.93211e-05
-2.11538e-05
1.61974e-05
-2.68516e-05
1.19853e-05
-3.36516e-05
6.53721e-06
-4.34521e-05
-6.2103e-05
3.91243e-05
7.8505e-06
3.88163e-05
4.84454e-06
3.8288e-05
1.46602e-06
3.75449e-05
-2.1912e-06
3.65369e-05
-6.03492e-06
3.51636e-05
-1.00289e-05
3.32578e-05
-1.41619e-05
3.05975e-05
-1.84938e-05
2.67891e-05
-2.30442e-05
2.13176e-05
-2.81805e-05
1.32263e-05
-3.53612e-05
-4.88777e-05
5.1092e-05
7.94944e-06
5.07507e-05
5.18523e-06
5.02252e-05
1.99079e-06
4.95261e-05
-1.49308e-06
4.86089e-05
-5.11853e-06
4.73741e-05
-8.79482e-06
4.56396e-05
-1.24279e-05
4.31381e-05
-1.59927e-05
3.93086e-05
-1.92145e-05
3.33451e-05
-2.22174e-05
2.25579e-05
-2.45748e-05
-2.63188e-05
6.33255e-05
8.41095e-06
6.27644e-05
5.74576e-06
6.21545e-05
2.60017e-06
6.15105e-05
-8.49755e-07
6.07964e-05
-4.40483e-06
5.9927e-05
-7.92569e-06
5.87459e-05
-1.12469e-05
5.70123e-05
-1.42591e-05
5.41662e-05
-1.63685e-05
4.90637e-05
-1.71146e-05
3.75661e-05
-1.30765e-05
1.12468e-05
6.21902e-06
-6.21718e-06
1.04366e-05
-4.21628e-06
1.33697e-05
-2.93308e-06
1.32846e-05
8.66355e-08
8.81696e-06
4.46676e-06
-6.56867e-08
8.88416e-06
-1.77755e-05
1.77089e-05
-3.67662e-05
1.89916e-05
-5.11393e-05
1.43724e-05
-6.27345e-05
1.15957e-05
-7.13581e-05
8.62308e-06
6.17372e-06
-7.75317e-05
2.57639e-06
-8.79204e-06
3.1413e-06
-4.77934e-06
-6.20876e-07
8.29792e-07
-9.75486e-06
9.22132e-06
-2.39389e-05
1.86508e-05
-3.9042e-05
2.39877e-05
-4.66752e-05
2.5342e-05
-5.06328e-05
2.29496e-05
-5.49378e-05
1.86773e-05
-5.86634e-05
1.53216e-05
-6.15891e-05
1.15486e-05
8.21491e-06
-6.36303e-05
-8.01078e-07
-7.98886e-06
-4.62729e-06
-9.51366e-07
-1.30278e-05
9.23113e-06
-2.39261e-05
2.01203e-05
-3.25692e-05
2.72941e-05
-3.78223e-05
2.92414e-05
-4.0568e-05
2.80878e-05
-4.24569e-05
2.48389e-05
-4.45507e-05
2.07711e-05
-4.61496e-05
1.69207e-05
-4.75903e-05
1.29892e-05
9.36524e-06
-4.87406e-05
-4.50415e-06
-3.48176e-06
-1.08114e-05
5.35773e-06
-1.78631e-05
1.62837e-05
-2.40631e-05
2.63213e-05
-2.79723e-05
3.12038e-05
-3.0254e-05
3.15238e-05
-3.15194e-05
2.93534e-05
-3.2341e-05
2.5661e-05
-3.31298e-05
2.15598e-05
-3.38369e-05
1.7628e-05
-3.46241e-05
1.37761e-05
1.00758e-05
-3.53346e-05
-5.47393e-06
1.99593e-06
-1.09234e-05
1.08086e-05
-1.55345e-05
2.08963e-05
-1.86318e-05
2.94193e-05
-2.02678e-05
3.28411e-05
-2.08647e-05
3.21208e-05
-2.0784e-05
2.9274e-05
-2.07488e-05
2.56253e-05
-2.09386e-05
2.17504e-05
-2.12677e-05
1.79565e-05
-2.17106e-05
1.42194e-05
1.05408e-05
-2.21762e-05
-4.83452e-06
6.83227e-06
-8.74553e-06
1.47214e-05
-1.12356e-05
2.33871e-05
-1.20632e-05
3.02491e-05
-1.17699e-05
3.25479e-05
-1.08292e-05
3.11823e-05
-9.91103e-06
2.83552e-05
-9.26466e-06
2.49803e-05
-8.95791e-06
2.14428e-05
-8.92012e-06
1.79194e-05
-9.09273e-06
1.43911e-05
1.0836e-05
-9.38756e-06
-3.72532e-06
1.05603e-05
-6.27409e-06
1.72719e-05
-6.81503e-06
2.39299e-05
-5.57049e-06
2.90059e-05
-3.38711e-06
3.03666e-05
-1.18609e-06
2.89819e-05
6.40088e-07
2.65303e-05
1.96167e-06
2.36587e-05
2.78484e-06
2.06201e-05
3.19439e-06
1.75095e-05
3.27894e-06
1.43065e-05
1.09808e-05
3.1335e-06
-3.46431e-06
1.40283e-05
-4.74473e-06
1.85547e-05
-3.41474e-06
2.26027e-05
7.31251e-09
2.55859e-05
4.07043e-06
2.63051e-05
7.70882e-06
2.53449e-05
1.06148e-05
2.36252e-05
1.27435e-05
2.15306e-05
1.41603e-05
1.92036e-05
1.4987e-05
1.66827e-05
1.53499e-05
1.39434e-05
1.09619e-05
1.53685e-05
-3.41777e-06
1.74475e-05
-3.69438e-06
1.8834e-05
-3.26163e-07
1.92351e-05
5.07867e-06
2.01833e-05
1.08648e-05
2.05208e-05
1.596e-05
2.02512e-05
2.00322e-05
1.95541e-05
2.30595e-05
1.85041e-05
2.51434e-05
1.71201e-05
2.64376e-05
1.53887e-05
2.71129e-05
1.3268e-05
1.07525e-05
2.7322e-05
-4.59449e-06
2.20453e-05
-1.70105e-06
1.59412e-05
4.71696e-06
1.28207e-05
1.19458e-05
1.29555e-05
1.89645e-05
1.35035e-05
2.50425e-05
1.41743e-05
2.99277e-05
1.46699e-05
3.36128e-05
1.48196e-05
3.6205e-05
1.45283e-05
3.78604e-05
1.37334e-05
3.87761e-05
1.23522e-05
1.03994e-05
3.91289e-05
3.75151e-07
2.16709e-05
8.45228e-06
7.86629e-06
1.71395e-05
4.13223e-06
2.51361e-05
4.9604e-06
3.20993e-05
6.54155e-06
3.7922e-05
8.35266e-06
4.25697e-05
1.00231e-05
4.60759e-05
1.1314e-05
4.85404e-05
1.20643e-05
5.00852e-05
1.21888e-05
5.0903e-05
1.15344e-05
1.0146e-05
5.11561e-05
2.60599e-05
-4.38859e-06
3.64353e-05
-2.51036e-06
4.30079e-05
-2.43807e-06
4.85208e-05
-5.52398e-07
5.30214e-05
2.04108e-06
5.67094e-05
4.66495e-06
5.96342e-05
7.09848e-06
6.17836e-05
9.16486e-06
6.31809e-05
1.0667e-05
6.38736e-05
1.14961e-05
6.40267e-05
1.13811e-05
6.3749e-05
1.04234e-05
-8.13933e-05
3.86111e-06
-8.31603e-05
1.7669e-06
-8.29466e-05
-2.14198e-07
-8.09329e-05
-2.01403e-06
-7.71341e-05
-3.79934e-06
-7.14185e-05
-5.71596e-06
-6.36763e-05
-7.74263e-06
-5.37214e-05
-9.95526e-06
-4.13771e-05
-1.23446e-05
-2.67162e-05
-1.46614e-05
-1.10995e-05
-1.56176e-05
-1.10998e-05
-6.48691e-05
5.09969e-06
-6.53377e-05
2.23534e-06
-6.50723e-05
-4.79971e-07
-6.39591e-05
-3.12746e-06
-6.18331e-05
-5.92587e-06
-5.85916e-05
-8.95775e-06
-5.40409e-05
-1.22938e-05
-4.79906e-05
-1.60059e-05
-4.01769e-05
-2.01588e-05
-3.02647e-05
-2.45741e-05
-1.77293e-05
-2.81537e-05
-2.88294e-05
-4.95908e-05
5.94974e-06
-5.00351e-05
2.67953e-06
-4.99426e-05
-5.72748e-07
-4.91473e-05
-3.92294e-06
-4.75848e-05
-7.48876e-06
-4.51724e-05
-1.13705e-05
-4.1806e-05
-1.56606e-05
-3.73624e-05
-2.04499e-05
-3.17085e-05
-2.58132e-05
-2.43719e-05
-3.1911e-05
-1.44491e-05
-3.80771e-05
-4.32786e-05
-3.58677e-05
6.4825e-06
-3.6112e-05
2.92382e-06
-3.5976e-05
-7.0907e-07
-3.53862e-05
-4.51293e-06
-3.42922e-05
-8.58302e-06
-3.2634e-05
-1.30289e-05
-3.03508e-05
-1.79441e-05
-2.73856e-05
-2.34156e-05
-2.35484e-05
-2.96508e-05
-1.85088e-05
-3.69511e-05
-1.13533e-05
-4.5233e-05
-5.46324e-05
-2.2574e-05
6.8804e-06
-2.28192e-05
3.16844e-06
-2.28455e-05
-6.8289e-07
-2.26057e-05
-4.75322e-06
-2.20637e-05
-9.12532e-06
-2.118e-05
-1.39131e-05
-1.99202e-05
-1.92043e-05
-1.82183e-05
-2.51181e-05
-1.59412e-05
-3.19283e-05
-1.29104e-05
-3.99824e-05
-8.04782e-06
-5.00971e-05
-6.26806e-05
-9.72088e-06
7.21283e-06
-1.00195e-05
3.46691e-06
-1.02342e-05
-4.69055e-07
-1.03322e-05
-4.65576e-06
-1.02963e-05
-9.16216e-06
-1.01292e-05
-1.40809e-05
-9.81812e-06
-1.95164e-05
-9.32252e-06
-2.56144e-05
-8.61028e-06
-3.26417e-05
-7.53672e-06
-4.10579e-05
-5.40454e-06
-5.22299e-05
-6.80866e-05
2.8485e-06
7.49749e-06
2.4924e-06
3.8222e-06
2.10657e-06
-8.39713e-08
1.70702e-06
-4.25728e-06
1.28644e-06
-8.74264e-06
8.21454e-07
-1.36171e-05
2.92906e-07
-1.89889e-05
-3.09544e-07
-2.50133e-05
-9.8645e-07
-3.19662e-05
-1.67985e-06
-4.0365e-05
-2.15464e-06
-5.17586e-05
-7.02415e-05
1.51504e-05
7.715e-06
1.47714e-05
4.20068e-06
1.42706e-05
4.15908e-07
1.36529e-05
-3.64045e-06
1.28879e-05
-7.97879e-06
1.19215e-05
-1.26518e-05
1.06843e-05
-1.77529e-05
9.09775e-06
-2.34277e-05
7.06901e-06
-2.99382e-05
4.5272e-06
-3.78256e-05
1.63199e-06
-4.88631e-05
-6.86108e-05
2.72045e-05
7.83218e-06
2.68515e-05
4.55301e-06
2.63094e-05
9.57257e-07
2.55796e-05
-2.91155e-06
2.46163e-05
-7.01647e-06
2.33363e-05
-1.13727e-05
2.16178e-05
-1.60352e-05
1.93087e-05
-2.11193e-05
1.61853e-05
-2.68156e-05
1.19754e-05
-3.3615e-05
6.52995e-06
-4.34199e-05
-6.20804e-05
3.90985e-05
7.86219e-06
3.87918e-05
4.85909e-06
3.82645e-05
1.48391e-06
3.75221e-05
-2.16997e-06
3.65148e-05
-6.00988e-06
3.5142e-05
-1.00006e-05
3.32371e-05
-1.41308e-05
3.05778e-05
-1.84602e-05
2.67718e-05
-2.30093e-05
2.13028e-05
-2.81469e-05
1.32165e-05
-3.53324e-05
-4.88635e-05
5.10586e-05
7.95932e-06
5.07186e-05
5.1985e-06
5.0194e-05
2.0078e-06
4.94959e-05
-1.47253e-06
4.85795e-05
-5.09411e-06
4.73457e-05
-8.76717e-06
4.56124e-05
-1.23979e-05
4.31129e-05
-1.59608e-05
3.92863e-05
-1.91826e-05
3.33275e-05
-2.21871e-05
2.25469e-05
-2.4551e-05
-2.63162e-05
6.32881e-05
8.41974e-06
6.27279e-05
5.75825e-06
6.21185e-05
2.61665e-06
6.14753e-05
-8.29649e-07
6.07621e-05
-4.38111e-06
5.98939e-05
-7.89903e-06
5.87145e-05
-1.12186e-05
5.69833e-05
-1.42294e-05
5.41409e-05
-1.63397e-05
4.90437e-05
-1.70893e-05
3.75535e-05
-1.30603e-05
1.12392e-05
6.21807e-06
-6.21663e-06
1.04387e-05
-4.21908e-06
1.33715e-05
-2.93198e-06
1.32778e-05
9.65811e-08
8.78619e-06
4.49185e-06
-1.2523e-07
8.91458e-06
-1.78743e-05
1.77486e-05
-3.6858e-05
1.89852e-05
-5.12239e-05
1.43654e-05
-6.28135e-05
1.15901e-05
-7.14321e-05
8.61799e-06
6.16866e-06
-7.76009e-05
2.57235e-06
-8.78766e-06
3.11854e-06
-4.76369e-06
-6.65697e-07
8.53327e-07
-9.83759e-06
9.26977e-06
-2.40354e-05
1.86901e-05
-3.91232e-05
2.40031e-05
-4.67211e-05
2.53468e-05
-5.06768e-05
2.29417e-05
-5.49824e-05
1.86709e-05
-5.87075e-05
1.53155e-05
-6.16323e-05
1.15424e-05
8.20915e-06
-6.36729e-05
-8.15025e-07
-7.97149e-06
-4.66353e-06
-9.14002e-07
-1.30884e-05
9.27878e-06
-2.39804e-05
2.01626e-05
-3.26044e-05
2.73144e-05
-3.78506e-05
2.925e-05
-4.05923e-05
2.80887e-05
-4.24847e-05
2.48346e-05
-4.45805e-05
2.07667e-05
-4.61799e-05
1.69152e-05
-4.76217e-05
1.2984e-05
9.36042e-06
-4.8773e-05
-4.51597e-06
-3.45375e-06
-1.08342e-05
5.40541e-06
-1.78852e-05
1.63305e-05
-2.40761e-05
2.63541e-05
-2.79842e-05
3.1223e-05
-3.02657e-05
3.15321e-05
-3.15309e-05
2.93543e-05
-3.2354e-05
2.56582e-05
-3.31444e-05
2.15573e-05
-3.38547e-05
1.76257e-05
-3.46448e-05
1.37741e-05
1.0073e-05
-3.53574e-05
-5.48761e-06
2.03635e-06
-1.0937e-05
1.08561e-05
-1.55462e-05
2.09406e-05
-1.8633e-05
2.9442e-05
-2.02669e-05
3.28576e-05
-2.0862e-05
3.21281e-05
-2.07837e-05
2.92766e-05
-2.07516e-05
2.56267e-05
-2.09452e-05
2.17512e-05
-2.12769e-05
1.79576e-05
-2.17226e-05
1.42197e-05
1.05404e-05
-2.21899e-05
-4.83258e-06
6.87194e-06
-8.7404e-06
1.47653e-05
-1.12248e-05
2.34266e-05
-1.20547e-05
3.02731e-05
-1.17583e-05
3.25626e-05
-1.08197e-05
3.11905e-05
-9.9031e-06
2.83612e-05
-9.26049e-06
2.49846e-05
-8.95579e-06
2.14472e-05
-8.92114e-06
1.79231e-05
-9.09528e-06
1.43942e-05
1.08374e-05
-9.3924e-06
-3.71742e-06
1.05923e-05
-6.25909e-06
1.7309e-05
-6.79462e-06
2.39637e-05
-5.55139e-06
2.90318e-05
-3.36873e-06
3.03815e-05
-1.16931e-06
2.89928e-05
6.54017e-07
2.65388e-05
1.97356e-06
2.36662e-05
2.79424e-06
2.06269e-05
3.20221e-06
1.75157e-05
3.28483e-06
1.43116e-05
1.09843e-05
3.13811e-06
-3.45425e-06
1.4048e-05
-4.7259e-06
1.85829e-05
-3.39043e-06
2.263e-05
3.32125e-08
2.56102e-05
4.0944e-06
2.63219e-05
7.73079e-06
2.53579e-05
1.06347e-05
2.36361e-05
1.27616e-05
2.15402e-05
1.41769e-05
1.92123e-05
1.50023e-05
1.66907e-05
1.53641e-05
1.39502e-05
1.0967e-05
1.53814e-05
-3.40741e-06
1.74594e-05
-3.6754e-06
1.88532e-05
-3.00846e-07
1.92574e-05
5.10673e-06
2.02044e-05
1.08923e-05
2.05379e-05
1.59861e-05
2.02655e-05
2.00569e-05
1.95666e-05
2.3083e-05
1.85151e-05
2.51659e-05
1.71302e-05
2.64593e-05
1.53978e-05
2.71338e-05
1.32761e-05
1.0759e-05
2.73421e-05
-4.58682e-06
2.20472e-05
-1.68571e-06
1.59529e-05
4.73829e-06
1.28347e-05
1.19716e-05
1.2972e-05
1.89918e-05
1.35189e-05
2.50698e-05
1.41884e-05
2.99545e-05
1.46827e-05
3.36392e-05
1.48312e-05
3.62309e-05
1.4539e-05
3.78859e-05
1.37431e-05
3.88012e-05
1.2361e-05
1.04069e-05
3.91534e-05
3.7955e-07
2.16688e-05
8.46303e-06
7.87e-06
1.7156e-05
4.14223e-06
2.51562e-05
4.97256e-06
3.21214e-05
6.55435e-06
3.79451e-05
8.3654e-06
4.25933e-05
1.00352e-05
4.60999e-05
1.13251e-05
4.85648e-05
1.20746e-05
5.01099e-05
1.21984e-05
5.09278e-05
1.15433e-05
1.01538e-05
5.1181e-05
2.60588e-05
-4.39083e-06
3.64373e-05
-2.50892e-06
4.30117e-05
-2.4327e-06
4.85273e-05
-5.43243e-07
5.30306e-05
2.0509e-06
5.67208e-05
4.67516e-06
5.96473e-05
7.10865e-06
6.17984e-05
9.17416e-06
6.31973e-05
1.06757e-05
6.38916e-05
1.15042e-05
6.40461e-05
1.13888e-05
6.37694e-05
1.04303e-05
-8.14579e-05
3.85636e-06
-8.32203e-05
1.76202e-06
-8.30022e-05
-2.18746e-07
-8.09838e-05
-2.01893e-06
-7.71798e-05
-3.80465e-06
-7.14587e-05
-5.7217e-06
-6.37102e-05
-7.74914e-06
-5.37484e-05
-9.96241e-06
-4.13963e-05
-1.23526e-05
-2.67275e-05
-1.46695e-05
-1.11114e-05
-1.56176e-05
-1.1112e-05
-6.4911e-05
5.09407e-06
-6.53791e-05
2.22973e-06
-6.51124e-05
-4.85982e-07
-6.39974e-05
-3.13449e-06
-6.18687e-05
-5.934e-06
-5.86241e-05
-8.9669e-06
-5.40699e-05
-1.2304e-05
-4.80159e-05
-1.60171e-05
-4.01984e-05
-2.01709e-05
-3.02815e-05
-2.45871e-05
-1.77325e-05
-2.81678e-05
-2.88449e-05
-4.96239e-05
5.94459e-06
-5.00681e-05
2.67371e-06
-4.99747e-05
-5.79761e-07
-4.91782e-05
-3.93145e-06
-4.76137e-05
-7.49897e-06
-4.51988e-05
-1.13824e-05
-4.18295e-05
-1.56741e-05
-3.73824e-05
-2.0465e-05
-3.17242e-05
-2.58298e-05
-2.43831e-05
-3.19289e-05
-1.44555e-05
-3.80961e-05
-4.33006e-05
-3.58917e-05
6.47872e-06
-3.61367e-05
2.91853e-06
-3.60006e-05
-7.16131e-07
-3.54102e-05
-4.52219e-06
-3.43149e-05
-8.59462e-06
-3.26547e-05
-1.3043e-05
-3.0369e-05
-1.79603e-05
-2.74007e-05
-2.34339e-05
-2.35601e-05
-2.9671e-05
-1.85169e-05
-3.69725e-05
-1.13583e-05
-4.52552e-05
-5.46594e-05
-2.25894e-05
6.87808e-06
-2.28353e-05
3.16435e-06
-2.28621e-05
-6.89554e-07
-2.26221e-05
-4.76251e-06
-2.20794e-05
-9.13766e-06
-2.11944e-05
-1.39284e-05
-1.99328e-05
-1.92224e-05
-1.82286e-05
-2.51386e-05
-1.59491e-05
-3.1951e-05
-1.29157e-05
-4.00067e-05
-8.04948e-06
-5.01226e-05
-6.27093e-05
-9.72676e-06
7.21255e-06
-1.00267e-05
3.46402e-06
-1.02419e-05
-4.74624e-07
-1.03403e-05
-4.66463e-06
-1.03041e-05
-9.17438e-06
-1.01366e-05
-1.40967e-05
-9.82433e-06
-1.95353e-05
-9.32751e-06
-2.56364e-05
-8.61368e-06
-3.26661e-05
-7.538e-06
-4.10834e-05
-5.40475e-06
-5.2257e-05
-6.81152e-05
2.8516e-06
7.4988e-06
2.49448e-06
3.82101e-06
2.1076e-06
-8.83122e-08
1.70742e-06
-4.26501e-06
1.28631e-06
-8.75424e-06
8.21304e-07
-1.36325e-05
2.92805e-07
-1.90081e-05
-3.09093e-07
-2.50357e-05
-9.84884e-07
-3.1991e-05
-1.67834e-06
-4.0392e-05
-2.15251e-06
-5.17851e-05
-7.02683e-05
1.51622e-05
7.71799e-06
1.47819e-05
4.20103e-06
1.428e-05
4.13197e-07
1.36611e-05
-3.64683e-06
1.28952e-05
-7.98908e-06
1.19278e-05
-1.26663e-05
1.06902e-05
-1.77713e-05
9.10334e-06
-2.34497e-05
7.07382e-06
-2.99633e-05
4.53237e-06
-3.78512e-05
1.63506e-06
-4.88891e-05
-6.86347e-05
2.72234e-05
7.83663e-06
2.68693e-05
4.55498e-06
2.63258e-05
9.56181e-07
2.55945e-05
-2.91626e-06
2.46297e-05
-7.02522e-06
2.33483e-05
-1.13858e-05
2.16286e-05
-1.60525e-05
1.93183e-05
-2.11404e-05
1.61944e-05
-2.68394e-05
1.19825e-05
-3.36409e-05
6.53499e-06
-4.34437e-05
-6.20999e-05
3.91221e-05
7.86782e-06
3.88143e-05
4.8626e-06
3.82856e-05
1.48436e-06
3.75416e-05
-2.17295e-06
3.65326e-05
-6.01702e-06
3.51581e-05
-1.0012e-05
3.32516e-05
-1.41465e-05
3.05909e-05
-1.84799e-05
2.67828e-05
-2.30324e-05
2.13124e-05
-2.81707e-05
1.32226e-05
-3.53542e-05
-4.88781e-05
5.1083e-05
7.96567e-06
5.07423e-05
5.20304e-06
5.02167e-05
2.00943e-06
4.95172e-05
-1.47423e-06
4.85993e-05
-5.09982e-06
4.73638e-05
-8.77708e-06
4.56288e-05
-1.2412e-05
4.31274e-05
-1.59789e-05
3.9299e-05
-1.92037e-05
3.33376e-05
-2.22097e-05
2.25532e-05
-2.45704e-05
-2.63239e-05
6.33091e-05
8.42587e-06
6.27488e-05
5.76296e-06
6.21393e-05
2.6186e-06
6.14954e-05
-8.30879e-07
6.07813e-05
-4.38595e-06
5.99117e-05
-7.90786e-06
5.87309e-05
-1.12312e-05
5.69979e-05
-1.42458e-05
5.41533e-05
-1.63592e-05
4.90537e-05
-1.71097e-05
3.75601e-05
-1.3076e-05
1.12357e-05
6.22043e-06
-6.21836e-06
1.04394e-05
-4.2176e-06
1.33733e-05
-2.93361e-06
1.3288e-05
8.70072e-08
8.81928e-06
4.468e-06
-6.56221e-08
8.88656e-06
-1.77807e-05
1.77143e-05
-3.6776e-05
1.89963e-05
-5.11524e-05
1.43757e-05
-6.27505e-05
1.15986e-05
-7.1376e-05
8.62509e-06
6.17523e-06
-7.75511e-05
2.57756e-06
-8.79419e-06
3.14231e-06
-4.78028e-06
-6.21148e-07
8.30722e-07
-9.75842e-06
9.22511e-06
-2.3947e-05
1.86567e-05
-3.90546e-05
2.39946e-05
-4.66896e-05
2.53493e-05
-5.06488e-05
2.29559e-05
-5.49554e-05
1.86823e-05
-5.86825e-05
1.53259e-05
-6.16092e-05
1.15517e-05
8.21709e-06
-6.3651e-05
-8.01188e-07
-7.99072e-06
-4.62776e-06
-9.51793e-07
-1.30298e-05
9.23364e-06
-2.39305e-05
2.01266e-05
-3.25772e-05
2.73036e-05
-3.78331e-05
2.9251e-05
-4.05803e-05
2.80966e-05
-4.24704e-05
2.48465e-05
-4.45653e-05
2.07773e-05
-4.61648e-05
1.69257e-05
-4.76059e-05
1.29926e-05
9.36771e-06
-4.87564e-05
-4.5041e-06
-3.48346e-06
-1.08117e-05
5.35781e-06
-1.78649e-05
1.62878e-05
-2.40679e-05
2.63307e-05
-2.798e-05
3.12162e-05
-3.02635e-05
3.15353e-05
-3.153e-05
2.93634e-05
-3.23522e-05
2.56692e-05
-3.31414e-05
2.15664e-05
-3.38488e-05
1.76332e-05
-3.46364e-05
1.37801e-05
1.00786e-05
-3.53472e-05
-5.47355e-06
1.99412e-06
-1.09243e-05
1.08101e-05
-1.55376e-05
2.09027e-05
-1.86363e-05
2.94301e-05
-2.02739e-05
3.28551e-05
-2.08718e-05
3.21334e-05
-2.07915e-05
2.92844e-05
-2.07566e-05
2.56338e-05
-2.09467e-05
2.17573e-05
-2.12762e-05
1.7962e-05
-2.17194e-05
1.42238e-05
1.0544e-05
-2.21855e-05
-4.83395e-06
6.83005e-06
-8.74509e-06
1.47232e-05
-1.12364e-05
2.33947e-05
-1.2066e-05
3.02621e-05
-1.17734e-05
3.25626e-05
-1.0833e-05
3.11952e-05
-9.91489e-06
2.83658e-05
-9.2687e-06
2.49891e-05
-8.96224e-06
2.145e-05
-8.92478e-06
1.79254e-05
-9.09782e-06
1.43958e-05
1.08395e-05
-9.39306e-06
-3.7248e-06
1.05577e-05
-6.27363e-06
1.72738e-05
-6.81486e-06
2.39379e-05
-5.57089e-06
2.90195e-05
-3.38719e-06
3.03811e-05
-1.18583e-06
2.89945e-05
6.40459e-07
2.65409e-05
1.96197e-06
2.36676e-05
2.78493e-06
2.06276e-05
3.19415e-06
1.75158e-05
3.27827e-06
1.43118e-05
1.09849e-05
3.13234e-06
-3.4645e-06
1.4026e-05
-4.74528e-06
1.8557e-05
-3.41471e-06
2.26102e-05
9.02076e-09
2.55979e-05
4.07392e-06
2.63179e-05
7.71336e-06
2.53565e-05
1.06198e-05
2.36354e-05
1.27486e-05
2.15394e-05
1.41652e-05
1.92112e-05
1.49916e-05
1.66894e-05
1.5354e-05
1.39492e-05
1.09666e-05
1.53721e-05
-3.41987e-06
1.74475e-05
-3.69693e-06
1.88368e-05
-3.268e-07
1.92408e-05
5.08155e-06
2.01918e-05
1.08708e-05
2.05305e-05
1.5968e-05
2.02609e-05
2.00412e-05
1.95633e-05
2.30688e-05
1.85126e-05
2.51526e-05
1.71279e-05
2.64466e-05
1.53957e-05
2.71215e-05
1.32743e-05
1.07578e-05
2.73301e-05
-4.59822e-06
2.2049e-05
-1.70314e-06
1.59425e-05
4.71793e-06
1.28234e-05
1.19506e-05
1.29603e-05
1.89726e-05
1.35099e-05
2.50529e-05
1.41818e-05
2.99394e-05
1.46778e-05
3.36251e-05
1.48276e-05
3.62174e-05
1.4536e-05
3.78727e-05
1.37405e-05
3.87881e-05
1.23588e-05
1.04052e-05
3.91404e-05
3.75726e-07
2.16742e-05
8.4555e-06
7.86498e-06
1.71454e-05
4.13229e-06
2.51446e-05
4.96263e-06
3.211e-05
6.54577e-06
3.79343e-05
8.3586e-06
4.25829e-05
1.00301e-05
4.60897e-05
1.13214e-05
4.85544e-05
1.20718e-05
5.00991e-05
1.2196e-05
5.09167e-05
1.15412e-05
1.01521e-05
5.11695e-05
2.60665e-05
-4.39182e-06
3.64439e-05
-2.51361e-06
4.3017e-05
-2.43848e-06
4.85301e-05
-5.50416e-07
5.30316e-05
2.0445e-06
5.67204e-05
4.67015e-06
5.96456e-05
7.10512e-06
6.17954e-05
9.17188e-06
6.3193e-05
1.06742e-05
6.3886e-05
1.15031e-05
6.40392e-05
1.13877e-05
6.37615e-05
1.04296e-05
-8.14137e-05
3.86212e-06
-8.31814e-05
1.76753e-06
-8.29679e-05
-2.13854e-07
-8.09543e-05
-2.01395e-06
-7.71553e-05
-3.79952e-06
-7.14391e-05
-5.71654e-06
-6.36959e-05
-7.74362e-06
-5.37394e-05
-9.95676e-06
-4.13929e-05
-1.23467e-05
-2.67278e-05
-1.46655e-05
-1.10942e-05
-1.56345e-05
-1.10945e-05
-6.48902e-05
5.10102e-06
-6.53587e-05
2.236e-06
-6.5093e-05
-4.79948e-07
-6.39791e-05
-3.12805e-06
-6.18519e-05
-5.92723e-06
-5.86087e-05
-8.96003e-06
-5.40556e-05
-1.22971e-05
-4.80024e-05
-1.60104e-05
-4.01849e-05
-2.01646e-05
-3.02693e-05
-2.45816e-05
-1.7742e-05
-2.81624e-05
-2.88367e-05
-4.96068e-05
5.95125e-06
-5.0051e-05
2.68013e-06
-4.99581e-05
-5.73137e-07
-4.9162e-05
-3.9244e-06
-4.75981e-05
-7.49135e-06
-4.51842e-05
-1.13743e-05
-4.1816e-05
-1.56656e-05
-3.73705e-05
-2.04562e-05
-3.17147e-05
-2.5821e-05
-2.43764e-05
-3.19202e-05
-1.44521e-05
-3.80872e-05
-4.32889e-05
-3.58804e-05
6.48414e-06
-3.61246e-05
2.92429e-06
-3.59881e-05
-7.09857e-07
-3.53976e-05
-4.51506e-06
-3.43028e-05
-8.5865e-06
-3.26434e-05
-1.30338e-05
-3.0359e-05
-1.79504e-05
-2.73923e-05
-2.34233e-05
-2.35536e-05
-2.966e-05
-1.85126e-05
-3.69617e-05
-1.13556e-05
-4.52445e-05
-5.4645e-05
-2.25834e-05
6.88229e-06
-2.28287e-05
3.16898e-06
-2.28548e-05
-6.8381e-07
-2.26147e-05
-4.75569e-06
-2.20721e-05
-9.12938e-06
-2.11876e-05
-1.39188e-05
-1.99268e-05
-1.92116e-05
-1.82237e-05
-2.51269e-05
-1.59454e-05
-3.19387e-05
-1.29134e-05
-3.99942e-05
-8.04913e-06
-5.01101e-05
-6.26944e-05
-9.72673e-06
7.21509e-06
-1.00256e-05
3.46769e-06
-1.02403e-05
-4.69893e-07
-1.03382e-05
-4.65834e-06
-1.03019e-05
-9.16652e-06
-1.01344e-05
-1.4087e-05
-9.82266e-06
-1.95242e-05
-9.32624e-06
-2.5624e-05
-8.61306e-06
-3.2653e-05
-7.5386e-06
-4.10704e-05
-5.40562e-06
-5.22436e-05
-6.81015e-05
2.84688e-06
7.50024e-06
2.4904e-06
3.82341e-06
2.1043e-06
-8.45033e-08
1.70462e-06
-4.25969e-06
1.28406e-06
-8.74698e-06
8.19215e-07
-1.36234e-05
2.90928e-07
-1.8997e-05
-3.11083e-07
-2.50232e-05
-9.87361e-07
-3.1978e-05
-1.6801e-06
-4.03781e-05
-2.15459e-06
-5.17723e-05
-7.02562e-05
1.51535e-05
7.71834e-06
1.47739e-05
4.20245e-06
1.42726e-05
4.15873e-07
1.36545e-05
-3.64246e-06
1.28893e-05
-7.98282e-06
1.19227e-05
-1.26578e-05
1.06853e-05
-1.77606e-05
9.09856e-06
-2.34374e-05
7.06977e-06
-2.99498e-05
4.52803e-06
-3.78386e-05
1.63255e-06
-4.88764e-05
-6.86247e-05
2.72119e-05
7.83617e-06
2.68583e-05
4.55544e-06
2.63156e-05
9.57833e-07
2.55852e-05
-2.91298e-06
2.46215e-05
-7.01999e-06
2.3341e-05
-1.13781e-05
2.16219e-05
-1.60423e-05
1.93121e-05
-2.11282e-05
1.6188e-05
-2.68264e-05
1.19775e-05
-3.36273e-05
6.53146e-06
-4.34322e-05
-6.20928e-05
3.91094e-05
7.86682e-06
3.8802e-05
4.8622e-06
3.82741e-05
1.48511e-06
3.75311e-05
-2.17079e-06
3.65233e-05
-6.01279e-06
3.51499e-05
-1.00053e-05
3.32442e-05
-1.4137e-05
3.05838e-05
-1.84681e-05
2.67764e-05
-2.30187e-05
2.13062e-05
-2.81576e-05
1.32188e-05
-3.53436e-05
-4.88731e-05
5.10714e-05
7.96447e-06
5.07308e-05
5.20224e-06
5.02057e-05
2.0095e-06
4.95071e-05
-1.47286e-06
4.85903e-05
-5.09647e-06
4.73558e-05
-8.77125e-06
4.56217e-05
-1.24032e-05
4.31212e-05
-1.59675e-05
3.92929e-05
-1.91904e-05
3.33322e-05
-2.21959e-05
2.25501e-05
-2.45601e-05
-2.63222e-05
6.33004e-05
8.42506e-06
6.27399e-05
5.76232e-06
6.21305e-05
2.61844e-06
6.14872e-05
-8.29858e-07
6.07737e-05
-4.38321e-06
5.99051e-05
-7.90268e-06
5.87252e-05
-1.12231e-05
5.69933e-05
-1.42354e-05
5.41498e-05
-1.63463e-05
4.90508e-05
-1.7096e-05
3.75582e-05
-1.30669e-05
1.12374e-05
7.58898e-05
-2.35788e-06
-7.79178e-05
7.68943e-05
-3.50523e-06
7.70267e-05
-2.55563e-06
7.74596e-05
-9.61397e-07
7.81895e-05
1.33644e-06
7.89515e-05
3.92675e-06
7.95229e-05
6.54725e-06
7.97341e-05
8.96871e-06
7.95121e-05
1.08986e-05
7.88365e-05
1.21761e-05
7.78701e-05
1.23471e-05
1.16156e-05
7.6673e-05
9.6833e-05
-4.76812e-06
-9.44237e-05
9.78787e-05
-4.55182e-06
9.84576e-05
-3.13546e-06
9.86828e-05
-1.18736e-06
9.86852e-05
1.33346e-06
9.8408e-05
4.2035e-06
9.77588e-05
7.19618e-06
9.66658e-05
1.00614e-05
9.51217e-05
1.24426e-05
9.31623e-05
1.41354e-05
9.10352e-05
1.4474e-05
1.3824e-05
8.88265e-05
0.000111811
-6.71756e-06
-0.000109862
0.000112996
-5.73835e-06
0.000113728
-3.8686e-06
0.000113984
-1.44434e-06
0.000113792
1.52483e-06
0.000113115
4.87944e-06
0.000111887
8.42349e-06
0.000110056
1.18924e-05
0.000107624
1.48741e-05
0.000104735
1.7025e-05
0.000101744
1.74651e-05
1.66738e-05
9.88939e-05
0.000124765
-0.000123792
-7.69178e-06
0.000125301
-6.2754e-06
0.00012542
-3.98842e-06
0.000125096
-1.12207e-06
0.000124292
2.32786e-06
0.000122932
6.23909e-06
0.000120944
1.04115e-05
0.000118314
1.45215e-05
0.000115116
1.80718e-05
0.000111711
2.04304e-05
0.000108555
2.0621e-05
0.000106481
1.87469e-05
7.55838e-05
9.49987e-06
7.46528e-05
6.67634e-06
7.39177e-05
3.33473e-06
7.33918e-05
-3.24282e-07
7.3038e-05
-4.05137e-06
7.2777e-05
-7.66481e-06
7.24833e-05
-1.09533e-05
7.19677e-05
-1.37435e-05
7.09828e-05
-1.53834e-05
6.91368e-05
-1.52685e-05
6.79148e-05
-1.18545e-05
1.22667e-06
7.79355e-05
8.71218e-05
1.12043e-05
8.59389e-05
7.85904e-06
8.52953e-05
3.97812e-06
8.51644e-05
-1.93572e-07
8.54744e-05
-4.36138e-06
8.61257e-05
-8.31595e-06
8.69668e-05
-1.17942e-05
8.7719e-05
-1.44954e-05
8.81727e-05
-1.5837e-05
8.80143e-05
-1.51098e-05
8.8673e-05
-1.25129e-05
-4.53232e-06
9.44317e-05
9.71933e-05
1.29044e-05
9.64617e-05
8.59029e-06
9.66209e-05
3.81869e-06
9.74059e-05
-9.7871e-07
9.87847e-05
-5.74019e-06
0.000100616
-1.01468e-05
0.000102641
-1.38192e-05
0.000104398
-1.62528e-05
0.000105635
-1.70735e-05
0.000106159
-1.56348e-05
0.00010678
-1.31332e-05
-7.61279e-06
0.00010986
0.000106461
1.29246e-05
0.000107293
7.75765e-06
0.000109106
2.00561e-06
0.000111621
-3.4928e-06
0.000114513
-8.63211e-06
0.000117356
-1.29898e-05
0.000119832
-1.62949e-05
0.000121592
-1.80126e-05
0.000122526
-1.80079e-05
0.000122757
-1.58647e-05
0.000122609
-1.29855e-05
0.000123782
-8.7866e-06
7.59023e-05
-2.35581e-06
7.68972e-05
-3.50495e-06
7.70202e-05
-2.56283e-06
7.74445e-05
-9.76841e-07
7.81675e-05
1.31789e-06
7.89249e-05
3.90752e-06
7.9493e-05
6.53032e-06
7.97021e-05
8.95583e-06
7.94787e-05
1.08904e-05
7.88018e-05
1.21729e-05
7.78345e-05
1.23483e-05
1.16209e-05
7.66367e-05
9.68375e-05
-4.76228e-06
9.78779e-05
-4.5467e-06
9.84546e-05
-3.13926e-06
9.86765e-05
-1.19959e-06
9.86759e-05
1.31784e-06
9.8396e-05
4.18691e-06
9.77442e-05
7.18176e-06
9.66482e-05
1.00515e-05
9.51008e-05
1.24376e-05
9.3138e-05
1.41355e-05
9.10077e-05
1.44783e-05
1.38319e-05
8.87963e-05
0.000111806
-6.70869e-06
0.00011299
-5.73139e-06
0.000113723
-3.87347e-06
0.00011398
-1.45718e-06
0.000113788
1.50883e-06
0.000113111
4.86322e-06
0.000111882
8.41023e-06
0.000110048
1.18846e-05
0.000107613
1.48726e-05
0.000104719
1.70294e-05
0.000101723
1.74739e-05
1.66857e-05
9.88696e-05
0.000124754
-7.6816e-06
0.000125293
-6.27123e-06
0.000125414
-3.99609e-06
0.000125093
-1.13695e-06
0.00012429
2.31066e-06
0.00012293
6.22288e-06
0.000120939
1.03997e-05
0.000118307
1.45167e-05
0.000115105
1.80741e-05
0.000111695
2.04391e-05
0.000108535
2.06339e-05
0.000106458
1.87619e-05
7.55469e-05
9.50918e-06
7.46157e-05
6.68908e-06
7.38803e-05
3.35164e-06
7.33546e-05
-3.04116e-07
7.30015e-05
-4.02815e-06
7.27418e-05
-7.63938e-06
7.24502e-05
-1.09269e-05
7.19375e-05
-1.37164e-05
7.09559e-05
-1.53579e-05
6.91141e-05
-1.52471e-05
6.78956e-05
-1.18403e-05
1.224e-06
7.79099e-05
8.70891e-05
1.12161e-05
8.59045e-05
7.87333e-06
8.52596e-05
3.99641e-06
8.51284e-05
-1.72892e-07
8.5439e-05
-4.33859e-06
8.60917e-05
-8.29191e-06
8.69347e-05
-1.17698e-05
8.76893e-05
-1.44707e-05
8.81457e-05
-1.5814e-05
8.79907e-05
-1.50913e-05
8.86509e-05
-1.25008e-05
-4.53188e-06
9.4407e-05
9.7165e-05
1.29202e-05
9.64311e-05
8.60689e-06
9.65893e-05
3.83801e-06
9.73741e-05
-9.57723e-07
9.87534e-05
-5.71772e-06
0.000100585
-1.01236e-05
0.000102611
-1.37957e-05
0.00010437
-1.62294e-05
0.000105607
-1.70516e-05
0.000106134
-1.56178e-05
0.000106756
-1.31226e-05
-7.6122e-06
0.000109836
0.000106436
1.29419e-05
0.000107267
7.77578e-06
0.000109079
2.02541e-06
0.000111594
-3.47191e-06
0.000114486
-8.60993e-06
0.000117329
-1.29661e-05
0.000119804
-1.62706e-05
0.000121564
-1.79891e-05
0.000122498
-1.79865e-05
0.00012273
-1.58493e-05
0.000122585
-1.29773e-05
0.000123759
-8.78733e-06
7.58783e-05
-2.35958e-06
7.68745e-05
-3.50594e-06
7.70016e-05
-2.56048e-06
7.743e-05
-9.72362e-07
7.81571e-05
1.32336e-06
7.89181e-05
3.9137e-06
7.94897e-05
6.53676e-06
7.9702e-05
8.96179e-06
7.94816e-05
1.0896e-05
7.88078e-05
1.21779e-05
7.78435e-05
1.23532e-05
1.16255e-05
7.66483e-05
9.68113e-05
-4.7647e-06
9.78519e-05
-4.54768e-06
9.8429e-05
-3.13877e-06
9.86524e-05
-1.19683e-06
9.86536e-05
1.32134e-06
9.83755e-05
4.19095e-06
9.7726e-05
7.18576e-06
9.66331e-05
1.00543e-05
9.50892e-05
1.24395e-05
9.31307e-05
1.41362e-05
9.10047e-05
1.44789e-05
1.38323e-05
8.87976e-05
0.000111781
-6.71091e-06
0.000112964
-5.7325e-06
0.000113696
-3.87247e-06
0.000113953
-1.45435e-06
0.000113761
1.51228e-06
0.000113084
4.86687e-06
0.000111856
8.41314e-06
0.000110024
1.18854e-05
0.000107592
1.4871e-05
0.000104703
1.70253e-05
0.000101712
1.74692e-05
1.66807e-05
9.88645e-05
0.00012473
-7.68366e-06
0.000125268
-6.27162e-06
0.000125389
-3.99452e-06
0.000125066
-1.13367e-06
0.000124263
2.31447e-06
0.000122903
6.22626e-06
0.000120914
1.04012e-05
0.000118284
1.45146e-05
0.000115086
1.80682e-05
0.000111681
2.04298e-05
0.000108527
2.06235e-05
0.000106455
1.87514e-05
7.55605e-05
9.51359e-06
7.46304e-05
6.69272e-06
7.38961e-05
3.35253e-06
7.33709e-05
-3.05966e-07
7.30178e-05
-4.03305e-06
7.27575e-05
-7.6477e-06
7.2465e-05
-1.09386e-05
7.19508e-05
-1.37316e-05
7.09675e-05
-1.53756e-05
6.91236e-05
-1.52658e-05
6.79038e-05
-1.1856e-05
1.21762e-06
7.79224e-05
8.7094e-05
1.1217e-05
8.5912e-05
7.87461e-06
8.52694e-05
3.995e-06
8.51396e-05
-1.76186e-07
8.54508e-05
-4.34423e-06
8.61036e-05
-8.30032e-06
8.69464e-05
-1.17813e-05
8.77004e-05
-1.44854e-05
8.81558e-05
-1.58308e-05
8.79992e-05
-1.51088e-05
8.86592e-05
-1.25157e-05
-4.54118e-06
9.44177e-05
9.71646e-05
1.29165e-05
9.64341e-05
8.60482e-06
9.65939e-05
3.83503e-06
9.73798e-05
-9.62173e-07
9.87601e-05
-5.7245e-06
0.000100593
-1.0133e-05
0.00010262
-1.38082e-05
0.000104379
-1.62446e-05
0.000105617
-1.70687e-05
0.000106143
-1.56349e-05
0.000106764
-1.31373e-05
-7.62195e-06
0.000109845
0.000106436
1.29363e-05
0.000107268
7.77213e-06
0.000109082
2.02163e-06
0.000111596
-3.47699e-06
0.00011449
-8.6176e-06
0.000117334
-1.29773e-05
0.000119811
-1.6285e-05
0.000121573
-1.80059e-05
0.000122509
-1.80044e-05
0.00012274
-1.58658e-05
0.000122593
-1.29909e-05
0.000123767
-8.79617e-06
7.5893e-05
-2.36288e-06
7.689e-05
-3.51025e-06
7.7016e-05
-2.56619e-06
7.74428e-05
-9.77384e-07
7.81679e-05
1.31935e-06
7.89268e-05
3.91112e-06
7.94964e-05
6.53558e-06
7.97065e-05
8.96178e-06
7.94841e-05
1.08967e-05
7.88083e-05
1.21789e-05
7.7842e-05
1.23539e-05
1.16263e-05
7.66451e-05
9.68245e-05
-4.77036e-06
9.78661e-05
-4.55318e-06
9.84439e-05
-3.14375e-06
9.86669e-05
-1.20126e-06
9.86673e-05
1.31835e-06
9.83881e-05
4.1898e-06
9.7737e-05
7.18632e-06
9.66423e-05
1.00563e-05
9.50964e-05
1.24423e-05
9.31358e-05
1.41393e-05
9.10078e-05
1.44817e-05
1.38353e-05
8.87984e-05
0.000111792
-6.71745e-06
0.000112976
-5.73828e-06
0.000113709
-3.87796e-06
0.000113966
-1.45872e-06
0.000113774
1.5097e-06
0.000113096
4.86648e-06
0.000111867
8.41482e-06
0.000110034
1.18888e-05
0.000107601
1.48753e-05
0.00010471
1.70302e-05
0.000101718
1.74738e-05
1.66858e-05
9.88671e-05
0.000124739
-7.69034e-06
0.000125278
-6.27782e-06
0.000125399
-4.00006e-06
0.000125077
-1.1378e-06
0.000124273
2.31239e-06
0.000122912
6.22668e-06
0.000120922
1.0404e-05
0.000118291
1.45194e-05
0.000115092
1.80738e-05
0.000111686
2.04359e-05
0.00010853
2.06296e-05
0.000106457
1.87582e-05
7.5556e-05
9.51381e-06
7.46251e-05
6.69278e-06
7.38905e-05
3.3527e-06
7.33654e-05
-3.04891e-07
7.30126e-05
-4.03053e-06
7.27531e-05
-7.64312e-06
7.24615e-05
-1.09315e-05
7.19489e-05
-1.37224e-05
7.09676e-05
-1.53647e-05
6.91257e-05
-1.52537e-05
6.79066e-05
-1.18465e-05
1.22618e-06
8.70932e-05
1.12187e-05
8.591e-05
7.87575e-06
8.52669e-05
3.99568e-06
8.5137e-05
-1.74989e-07
8.54487e-05
-4.34209e-06
8.61026e-05
-8.2968e-06
8.69472e-05
-1.17759e-05
8.77036e-05
-1.44785e-05
8.81618e-05
-1.58226e-05
8.8008e-05
-1.50992e-05
8.86684e-05
-1.25069e-05
-4.52904e-06
9.71658e-05
1.29196e-05
9.64346e-05
8.60659e-06
9.65943e-05
3.83583e-06
9.7381e-05
-9.61664e-07
9.87627e-05
-5.72371e-06
0.000100598
-1.01318e-05
0.000102628
-1.38059e-05
0.000104391
-1.62412e-05
0.000105632
-1.70636e-05
0.00010616
-1.56278e-05
0.000106782
-1.31281e-05
-7.60957e-06
0.000106437
1.29392e-05
0.000107271
7.77281e-06
0.000109086
2.02037e-06
0.000111604
-3.47945e-06
0.000114501
-8.62064e-06
0.00011735
-1.29802e-05
0.000119831
-1.62868e-05
0.000121596
-1.80058e-05
0.000122534
-1.80016e-05
0.000122766
-1.586e-05
0.000122618
-1.29801e-05
-8.7849e-06
-2.49099e-05
-7.61762e-06
2.48336e-05
-2.55413e-05
-5.64589e-06
-2.66441e-05
-2.8877e-06
-2.82632e-05
4.95195e-07
-3.04198e-05
4.48277e-06
-3.3119e-05
8.93689e-06
-3.63142e-05
1.36055e-05
-3.98202e-05
1.80268e-05
-4.32617e-05
2.15127e-05
-4.57705e-05
2.29389e-05
-4.68095e-05
2.16598e-05
1.74515e-05
-4.5513e-05
-2.29098e-05
-6.72928e-06
2.20206e-05
-2.43479e-05
-4.20915e-06
-2.6284e-05
-9.52968e-07
-2.87545e-05
2.96445e-06
-3.17498e-05
7.4769e-06
-3.51909e-05
1.23771e-05
-3.88635e-05
1.72774e-05
-4.23471e-05
2.151e-05
-4.48969e-05
2.40622e-05
-4.58525e-05
2.38944e-05
-4.49168e-05
2.07249e-05
1.38377e-05
-4.13043e-05
-2.19819e-05
-5.31449e-06
2.05649e-05
-2.39209e-05
-2.27193e-06
-2.63536e-05
1.478e-06
-2.92899e-05
5.89907e-06
-3.26603e-05
1.08457e-05
-3.62802e-05
1.59954e-05
-3.97776e-05
2.07737e-05
-4.25557e-05
2.42872e-05
-4.39341e-05
2.544e-05
-4.35295e-05
2.34897e-05
-4.08863e-05
1.80813e-05
9.16438e-06
-3.62113e-05
-2.14689e-05
1.97604e-05
-3.60625e-06
-2.36483e-05
-9.31069e-08
-2.62795e-05
4.10841e-06
-2.93367e-05
8.95563e-06
-3.26883e-05
1.41966e-05
-3.60672e-05
1.93737e-05
-3.90284e-05
2.37343e-05
-4.08027e-05
2.60612e-05
-4.08346e-05
2.54717e-05
-3.86844e-05
2.13393e-05
-3.4104e-05
1.35016e-05
-3.04097e-05
5.46814e-06
-4.12131e-05
8.62359e-06
-3.73036e-05
3.84743e-06
-3.34895e-05
-1.80867e-06
-3.0067e-05
-6.9153e-06
-2.72507e-05
-1.14482e-05
-2.521e-05
-1.50302e-05
-2.40387e-05
-1.7466e-05
-2.36926e-05
-1.83587e-05
-2.40342e-05
-1.76663e-05
-2.45952e-05
-1.53044e-05
-2.51489e-05
-1.24317e-05
-9.08669e-06
-2.4849e-05
-3.44488e-05
1.76816e-06
-2.9572e-05
-1.02968e-06
-2.56597e-05
-5.72092e-06
-2.26106e-05
-9.96415e-06
-2.05093e-05
-1.35492e-05
-1.93172e-05
-1.6222e-05
-1.89613e-05
-1.78216e-05
-1.9283e-05
-1.80368e-05
-2.00517e-05
-1.68977e-05
-2.08782e-05
-1.44773e-05
-2.1629e-05
-1.16812e-05
-8.67671e-06
-2.20395e-05
-2.7974e-05
-6.47095e-06
-2.32764e-05
-5.7278e-06
-2.00826e-05
-8.91482e-06
-1.78122e-05
-1.22345e-05
-1.64628e-05
-1.48984e-05
-1.59114e-05
-1.67732e-05
-1.60525e-05
-1.76804e-05
-1.6717e-05
-1.73723e-05
-1.76886e-05
-1.59261e-05
-1.86882e-05
-1.34785e-05
-1.96655e-05
-1.07038e-05
-7.7545e-06
-2.05878e-05
-2.11339e-05
-1.5746e-05
-1.78873e-05
-8.97439e-06
-1.58661e-05
-1.09358e-05
-1.45331e-05
-1.35672e-05
-1.38565e-05
-1.55746e-05
-1.37809e-05
-1.68485e-05
-1.42583e-05
-1.72026e-05
-1.51324e-05
-1.6498e-05
-1.62296e-05
-1.48288e-05
-1.73628e-05
-1.23446e-05
-1.85318e-05
-9.53513e-06
-1.97858e-05
-6.50097e-06
-2.49231e-05
-7.60817e-06
-2.55499e-05
-5.64522e-06
-2.66504e-05
-2.89645e-06
-2.82695e-05
4.80276e-07
-3.04274e-05
4.4668e-06
-3.31292e-05
8.92298e-06
-3.63281e-05
1.35972e-05
-3.98381e-05
1.80257e-05
-4.32828e-05
2.15181e-05
-4.57938e-05
2.29495e-05
-4.68334e-05
2.16733e-05
1.74661e-05
-4.55364e-05
-2.29255e-05
-6.72301e-06
-2.43599e-05
-4.21187e-06
-2.62953e-05
-9.6323e-07
-2.87669e-05
2.95074e-06
-3.17647e-05
7.46326e-06
-3.52095e-05
1.23666e-05
-3.8886e-05
1.72728e-05
-4.23723e-05
2.15113e-05
-4.49228e-05
2.40681e-05
-4.58775e-05
2.39039e-05
-4.49402e-05
2.07368e-05
1.3851e-05
-4.13266e-05
-2.20009e-05
-5.31018e-06
-2.39372e-05
-2.27629e-06
-2.63697e-05
1.46918e-06
-2.93079e-05
5.88727e-06
-3.26812e-05
1.08348e-05
-3.63047e-05
1.59884e-05
-3.98049e-05
2.07716e-05
-4.25836e-05
2.42891e-05
-4.39611e-05
2.54448e-05
-4.35545e-05
2.34971e-05
-4.09089e-05
1.80908e-05
9.17582e-06
-3.6232e-05
-2.14906e-05
-3.60605e-06
-2.36678e-05
-9.9796e-08
-2.62994e-05
4.09865e-06
-2.93585e-05
8.94558e-06
-3.27129e-05
1.41884e-05
-3.60945e-05
1.93693e-05
-3.90571e-05
2.37336e-05
-4.0831e-05
2.60625e-05
-4.08609e-05
2.54743e-05
-3.87078e-05
2.13437e-05
-3.41249e-05
1.35086e-05
-3.04284e-05
5.47751e-06
-4.12361e-05
8.64039e-06
-3.73275e-05
3.86657e-06
-3.35143e-05
-1.78796e-06
-3.00926e-05
-6.89355e-06
-2.72769e-05
-1.14254e-05
-2.52361e-05
-1.50068e-05
-2.40641e-05
-1.74426e-05
-2.3717e-05
-1.83363e-05
-2.40566e-05
-1.76472e-05
-2.46152e-05
-1.52911e-05
-2.51672e-05
-1.24263e-05
-9.08739e-06
-2.48677e-05
-3.44704e-05
1.7843e-06
-2.95946e-05
-1.00959e-06
-2.56829e-05
-5.69963e-06
-2.26338e-05
-9.94237e-06
-2.05317e-05
-1.35273e-05
-1.93381e-05
-1.62002e-05
-1.89804e-05
-1.78002e-05
-1.92998e-05
-1.8017e-05
-2.00661e-05
-1.68811e-05
-2.08909e-05
-1.44666e-05
-2.16407e-05
-1.16761e-05
-8.67769e-06
-2.20524e-05
-2.79935e-05
-6.45593e-06
-2.32963e-05
-5.70741e-06
-2.01021e-05
-8.89396e-06
-1.78305e-05
-1.22139e-05
-1.64792e-05
-1.48784e-05
-1.59257e-05
-1.67537e-05
-1.60643e-05
-1.76617e-05
-1.67263e-05
-1.73552e-05
-1.76957e-05
-1.59121e-05
-1.86937e-05
-1.34689e-05
-1.96709e-05
-1.07005e-05
-7.75474e-06
-2.05937e-05
-2.11505e-05
-1.57333e-05
-1.79033e-05
-8.95463e-06
-1.5881e-05
-1.09162e-05
-1.4546e-05
-1.35486e-05
-1.38671e-05
-1.55572e-05
-1.3789e-05
-1.68317e-05
-1.42638e-05
-1.71869e-05
-1.51353e-05
-1.64838e-05
-1.62303e-05
-1.48172e-05
-1.73625e-05
-1.23371e-05
-1.85309e-05
-9.53128e-06
-1.97856e-05
-6.50205e-06
-2.4943e-05
-7.61032e-06
-2.55707e-05
-5.64621e-06
-2.66716e-05
-2.89587e-06
-2.82903e-05
4.82683e-07
-3.04472e-05
4.46923e-06
-3.31468e-05
8.92393e-06
-3.63419e-05
1.35948e-05
-3.98471e-05
1.80185e-05
-4.32863e-05
2.15065e-05
-4.57927e-05
2.29357e-05
-4.68298e-05
2.16603e-05
1.74557e-05
-4.55321e-05
-2.29393e-05
-6.72476e-06
-2.43742e-05
-4.21299e-06
-2.63091e-05
-9.62786e-07
-2.87795e-05
2.95144e-06
-3.17749e-05
7.46306e-06
-3.52159e-05
1.23635e-05
-3.88874e-05
1.72652e-05
-4.23684e-05
2.14988e-05
-4.49152e-05
2.40527e-05
-4.58684e-05
2.38886e-05
-4.49301e-05
2.07231e-05
1.38419e-05
-4.13181e-05
-2.20077e-05
-5.31264e-06
-2.39439e-05
-2.27871e-06
-2.63757e-05
1.4668e-06
-2.93119e-05
5.88551e-06
-3.2682e-05
1.08311e-05
-3.63011e-05
1.59807e-05
-3.97967e-05
2.07592e-05
-4.25723e-05
2.42733e-05
-4.39484e-05
2.54279e-05
-4.35409e-05
2.34808e-05
-4.08956e-05
1.80773e-05
9.16976e-06
-3.6221e-05
-2.14906e-05
-3.60845e-06
-2.36675e-05
-1.02851e-07
-2.62977e-05
4.09583e-06
-2.93544e-05
8.94112e-06
-3.27053e-05
1.4181e-05
-3.6083e-05
1.93575e-05
-3.90424e-05
2.37179e-05
-4.08147e-05
2.6045e-05
-4.08444e-05
2.54571e-05
-3.86927e-05
2.13286e-05
-3.41122e-05
1.34977e-05
-3.04164e-05
5.4715e-06
-4.12342e-05
8.63689e-06
-3.73263e-05
3.8634e-06
-3.35123e-05
-1.79257e-06
-3.00888e-05
-6.90051e-06
-2.72708e-05
-1.14354e-05
-2.5228e-05
-1.50199e-05
-2.40548e-05
-1.74581e-05
-2.37074e-05
-1.83533e-05
-2.40478e-05
-1.7664e-05
-2.46081e-05
-1.53062e-05
-2.51616e-05
-1.24374e-05
-9.09539e-06
-2.48625e-05
-3.44663e-05
1.78532e-06
-2.95913e-05
-1.01196e-06
-2.56787e-05
-5.7051e-06
-2.26281e-05
-9.95087e-06
-2.05245e-05
-1.35387e-05
-1.93301e-05
-1.62138e-05
-1.89725e-05
-1.78154e-05
-1.92928e-05
-1.80327e-05
-2.00608e-05
-1.68961e-05
-2.08873e-05
-1.44791e-05
-2.16389e-05
-1.16863e-05
-8.68404e-06
-2.20508e-05
-2.79876e-05
-6.45048e-06
-2.32915e-05
-5.70869e-06
-2.0097e-05
-8.89978e-06
-1.78247e-05
-1.22231e-05
-1.64729e-05
-1.48903e-05
-1.59195e-05
-1.67671e-05
-1.6059e-05
-1.76758e-05
-1.67225e-05
-1.73692e-05
-1.76938e-05
-1.59248e-05
-1.86939e-05
-1.34798e-05
-1.96723e-05
-1.07078e-05
-7.76028e-06
-2.05962e-05
-2.1144e-05
-1.57216e-05
-1.78982e-05
-8.95444e-06
-1.5876e-05
-1.09217e-05
-1.45411e-05
-1.35577e-05
-1.38624e-05
-1.55686e-05
-1.37849e-05
-1.68442e-05
-1.4261e-05
-1.71994e-05
-1.51343e-05
-1.64956e-05
-1.62314e-05
-1.48276e-05
-1.73654e-05
-1.23452e-05
-1.85356e-05
-9.53787e-06
-1.97911e-05
-6.50526e-06
-2.49374e-05
-7.61611e-06
-2.55649e-05
-5.65119e-06
-2.6666e-05
-2.89981e-06
-2.82854e-05
4.79749e-07
-3.04433e-05
4.46845e-06
-3.3144e-05
8.92572e-06
-3.63403e-05
1.3599e-05
-3.98465e-05
1.80245e-05
-4.32863e-05
2.15129e-05
-4.57929e-05
2.2942e-05
-4.68296e-05
2.16662e-05
1.74596e-05
-4.55299e-05
-2.29379e-05
-6.72985e-06
-2.4373e-05
-4.21711e-06
-2.63088e-05
-9.66213e-07
-2.87803e-05
2.95005e-06
-3.17771e-05
7.46386e-06
-3.52192e-05
1.23668e-05
-3.88917e-05
1.72705e-05
-4.23731e-05
2.15051e-05
-4.49187e-05
2.40581e-05
-4.58701e-05
2.38931e-05
-4.49294e-05
2.07262e-05
1.38415e-05
-4.13128e-05
-2.20105e-05
-5.3158e-06
-2.39476e-05
-2.28076e-06
-2.63803e-05
1.46644e-06
-2.93179e-05
5.88592e-06
-3.26893e-05
1.08335e-05
-3.63092e-05
1.5985e-05
-3.98047e-05
2.07647e-05
-4.25789e-05
2.42784e-05
-4.39525e-05
2.5431e-05
-4.35418e-05
2.34822e-05
-4.08923e-05
1.80763e-05
9.16352e-06
-3.62125e-05
-2.14971e-05
-3.61051e-06
-2.3675e-05
-1.03579e-07
-2.63066e-05
4.09589e-06
-2.93647e-05
8.94315e-06
-3.27166e-05
1.41846e-05
-3.60943e-05
1.9362e-05
-3.90524e-05
2.37222e-05
-4.0822e-05
2.60476e-05
-4.08476e-05
2.54562e-05
-3.86905e-05
2.13248e-05
-3.41054e-05
1.34919e-05
-3.04041e-05
5.46039e-06
-4.1227e-05
8.6351e-06
-3.73137e-05
3.8589e-06
-3.3495e-05
-1.79845e-06
-3.00673e-05
-6.90704e-06
-2.72459e-05
-1.14419e-05
-2.52005e-05
-1.50253e-05
-2.40255e-05
-1.74618e-05
-2.3677e-05
-1.83544e-05
-2.40174e-05
-1.76615e-05
-2.45787e-05
-1.52989e-05
-2.5134e-05
-1.24258e-05
-9.08569e-06
-3.44544e-05
1.77687e-06
-2.95735e-05
-1.02231e-06
-2.56565e-05
-5.71541e-06
-2.26025e-05
-9.96075e-06
-2.04964e-05
-1.35477e-05
-1.93002e-05
-1.62214e-05
-1.89412e-05
-1.78207e-05
-1.92608e-05
-1.80348e-05
-2.00287e-05
-1.68937e-05
-2.08562e-05
-1.44718e-05
-2.16086e-05
-1.16733e-05
-8.67484e-06
-2.79737e-05
-6.46365e-06
-2.32726e-05
-5.72391e-06
-2.00746e-05
-8.9135e-06
-1.77999e-05
-1.22354e-05
-1.64463e-05
-1.49011e-05
-1.58912e-05
-1.67764e-05
-1.60291e-05
-1.76828e-05
-1.66915e-05
-1.73726e-05
-1.76622e-05
-1.59233e-05
-1.8662e-05
-1.34722e-05
-1.96409e-05
-1.06959e-05
-7.75084e-06
-2.113e-05
-1.5737e-05
-1.78808e-05
-8.97312e-06
-1.58563e-05
-1.09378e-05
-1.45196e-05
-1.35717e-05
-1.38394e-05
-1.55812e-05
-1.37602e-05
-1.68555e-05
-1.42345e-05
-1.72085e-05
-1.51061e-05
-1.65011e-05
-1.62018e-05
-1.48277e-05
-1.73348e-05
-1.23395e-05
-1.85043e-05
-9.52587e-06
-6.49585e-06
-2.097e-05
-1.80549e-06
1.91676e-05
-2.3162e-05
2.0978e-06
-2.57241e-05
6.66936e-06
-2.85953e-05
1.18255e-05
-3.15938e-05
1.71936e-05
-3.44145e-05
2.21931e-05
-3.64461e-05
2.57649e-05
-3.69102e-05
2.65246e-05
-3.51898e-05
2.37507e-05
-3.02773e-05
1.64265e-05
-2.05115e-05
3.73501e-06
-1.50432e-05
-2.02637e-05
-7.79559e-08
1.85368e-05
-2.22701e-05
4.10425e-06
-2.4527e-05
8.92626e-06
-2.69421e-05
1.42404e-05
-2.92941e-05
1.95454e-05
-3.12232e-05
2.41219e-05
-3.20825e-05
2.66239e-05
-3.12493e-05
2.56912e-05
-2.76606e-05
2.01617e-05
-1.99067e-05
8.67232e-06
-8.61291e-06
-7.55948e-06
-2.36587e-05
-1.92598e-05
1.43577e-06
1.7745e-05
-2.09198e-05
5.76375e-06
-2.26822e-05
1.06879e-05
-2.44328e-05
1.59901e-05
-2.59369e-05
2.10484e-05
-2.68295e-05
2.50135e-05
-2.65617e-05
2.63554e-05
-2.45473e-05
2.36761e-05
-1.99042e-05
1.55181e-05
-1.24038e-05
1.17126e-06
-4.45341e-06
-1.55113e-05
-2.81126e-05
-1.79585e-05
2.63852e-06
1.67568e-05
-1.91586e-05
6.96439e-06
-2.0299e-05
1.18286e-05
-2.12607e-05
1.69519e-05
-2.18277e-05
2.16153e-05
-2.16689e-05
2.48547e-05
-2.04328e-05
2.51192e-05
-1.76683e-05
2.09117e-05
-1.31232e-05
1.09728e-05
-7.79571e-06
-4.1567e-06
-3.31498e-06
-1.9993e-05
-3.14292e-05
-1.6418e-05
3.46603e-06
1.559e-05
-1.7095e-05
7.64113e-06
-1.75534e-05
1.22864e-05
-1.76851e-05
1.70829e-05
-1.73207e-05
2.125e-05
-1.62337e-05
2.37668e-05
-1.42546e-05
2.31396e-05
-1.12467e-05
1.79031e-05
-7.46675e-06
7.19259e-06
-4.08552e-06
-7.53847e-06
-1.6152e-06
-2.24645e-05
-3.30453e-05
-1.47234e-05
3.89758e-06
1.42931e-05
-1.48619e-05
7.78012e-06
-1.46377e-05
1.20625e-05
-1.39664e-05
1.64118e-05
-1.27469e-05
2.00306e-05
-1.08817e-05
2.19017e-05
-8.40615e-06
2.06643e-05
-5.49186e-06
1.4989e-05
-2.64037e-06
4.34113e-06
-7.60852e-07
-9.41833e-06
9.79738e-08
-2.33241e-05
-3.29484e-05
-1.29649e-05
3.93896e-06
1.29234e-05
-1.25871e-05
7.4024e-06
-1.1722e-05
1.11968e-05
-1.03154e-05
1.50049e-05
-8.34584e-06
1.80604e-05
-5.84872e-06
1.94044e-05
-3.0532e-06
1.78683e-05
-3.5733e-07
1.2293e-05
1.67129e-06
2.31203e-06
2.37557e-06
-1.0123e-05
1.91373e-06
-2.28634e-05
-3.10357e-05
-1.12213e-05
3.6262e-06
1.15352e-05
-1.03771e-05
6.55817e-06
-8.93934e-06
9.75904e-06
-6.88456e-06
1.29499e-05
-4.27033e-06
1.54464e-05
-1.25312e-06
1.6387e-05
1.77697e-06
1.48387e-05
4.2726e-06
9.79705e-06
5.66594e-06
9.18903e-07
5.37944e-06
-9.83692e-06
3.55502e-06
-2.10396e-05
-2.74817e-05
-9.54962e-06
3.00841e-06
1.01665e-05
-8.30652e-06
5.31622e-06
-6.37817e-06
7.82908e-06
-3.76577e-06
1.0339e-05
-5.96655e-07
1.22752e-05
2.87427e-06
1.29182e-05
6.12704e-06
1.15835e-05
8.51146e-06
7.4145e-06
9.45351e-06
-2.50948e-08
8.28471e-06
-8.66766e-06
5.09565e-06
-1.78522e-05
-2.23865e-05
-7.96942e-06
2.15323e-06
8.8256e-06
-6.40585e-06
3.75275e-06
-4.07164e-06
5.49456e-06
-9.8584e-07
7.25352e-06
2.67454e-06
8.61482e-06
6.57436e-06
9.01885e-06
1.00901e-05
8.06773e-06
1.24662e-05
5.03847e-06
1.31135e-05
-6.72882e-07
1.11069e-05
-6.66157e-06
6.4256e-06
-1.31719e-05
-1.59618e-05
-6.40416e-06
1.12774e-06
7.43261e-06
-4.60043e-06
1.94986e-06
-1.94587e-06
2.83947e-06
1.54003e-06
3.76883e-06
5.65622e-06
4.49864e-06
9.9889e-06
4.68749e-06
1.384e-05
4.21638e-06
1.6304e-05
2.57486e-06
1.66976e-05
-1.0674e-06
1.37992e-05
-3.76377e-06
7.69991e-06
-7.07386e-06
-8.26378e-06
-4.36651e-06
5.49566e-06
-2.4168e-06
4.22986e-07
4.19177e-06
8.69074e-06
1.33782e-05
1.75946e-05
2.01693e-05
1.91019e-05
1.53379e-05
8.26378e-06
-1.22064e-05
-3.54073e-06
-1.30246e-05
-8.15617e-06
-1.2542e-05
-1.14182e-05
-1.21233e-05
-1.39856e-05
-1.20161e-05
-1.56817e-05
-1.23314e-05
-1.6533e-05
-1.30556e-05
-1.64783e-05
-1.40753e-05
-1.54783e-05
-1.52593e-05
-1.36448e-05
-1.6485e-05
-1.11196e-05
-1.7773e-05
-8.24686e-06
-5.08009e-06
-1.91938e-05
-7.23812e-06
3.69928e-06
-9.50661e-06
-5.88732e-06
-1.00163e-05
-1.09081e-05
-1.02722e-05
-1.37293e-05
-1.06217e-05
-1.53319e-05
-1.12418e-05
-1.59125e-05
-1.21547e-05
-1.55652e-05
-1.32809e-05
-1.43517e-05
-1.45214e-05
-1.24043e-05
-1.57919e-05
-9.84821e-06
-1.71173e-05
-6.92173e-06
-3.63642e-06
-1.85613e-05
-4.78577e-06
8.48592e-06
-7.01761e-06
-3.65509e-06
-8.07537e-06
-9.85005e-06
-8.78314e-06
-1.30212e-05
-9.47199e-06
-1.46428e-05
-1.03285e-05
-1.50558e-05
-1.13882e-05
-1.45054e-05
-1.25924e-05
-1.31473e-05
-1.38613e-05
-1.11353e-05
-1.51306e-05
-8.57944e-06
-1.64166e-05
-5.63538e-06
-2.2868e-06
-1.7766e-05
-3.20777e-06
1.1696e-05
-5.20462e-06
-1.65772e-06
-6.50333e-06
-8.55088e-06
-7.49792e-06
-1.20262e-05
-8.43874e-06
-1.37015e-05
-9.48106e-06
-1.40131e-05
-1.06582e-05
-1.33279e-05
-1.19195e-05
-1.18856e-05
-1.31935e-05
-9.86112e-06
-1.44215e-05
-7.35061e-06
-1.56061e-05
-4.45083e-06
-1.12086e-06
-1.67722e-05
-2.07216e-06
1.377e-05
-3.73838e-06
9.06952e-09
-5.1206e-06
-7.16826e-06
-6.30062e-06
-1.08459e-05
-7.43605e-06
-1.25659e-05
-8.63157e-06
-1.28173e-05
-9.90813e-06
-1.20512e-05
-1.12135e-05
-1.05801e-05
-1.2476e-05
-8.59845e-06
-1.36343e-05
-6.19261e-06
-1.46739e-05
-3.41071e-06
-1.95204e-07
-1.55992e-05
-1.07747e-06
1.48494e-05
-2.4047e-06
1.33688e-06
-3.79378e-06
-5.77875e-06
-5.10597e-06
-9.53325e-06
-6.40522e-06
-1.12663e-05
-7.73812e-06
-1.1484e-05
-9.10677e-06
-1.06822e-05
-1.04509e-05
-9.23557e-06
-1.16941e-05
-7.35494e-06
-1.2767e-05
-5.11892e-06
-1.36387e-05
-2.5388e-06
4.61484e-07
-1.42954e-05
-8.88304e-08
1.49402e-05
-1.07082e-06
2.3195e-06
-2.42883e-06
-4.4202e-06
-3.85191e-06
-8.10982e-06
-5.30573e-06
-9.81202e-06
-6.77471e-06
-1.00148e-05
-8.23767e-06
-9.21889e-06
-9.62277e-06
-7.8503e-06
-1.08473e-05
-6.12993e-06
-1.18326e-05
-4.13379e-06
-1.25324e-05
-1.83837e-06
8.48715e-07
-1.29193e-05
9.50164e-07
1.39919e-05
3.36439e-07
2.93394e-06
-9.62679e-07
-3.12062e-06
-2.49348e-06
-6.57847e-06
-4.10832e-06
-8.19682e-06
-5.72401e-06
-8.39858e-06
-7.29153e-06
-7.65109e-06
-8.72573e-06
-6.41552e-06
-9.93971e-06
-4.91569e-06
-1.08464e-05
-3.22623e-06
-1.13874e-05
-1.297e-06
9.86597e-07
-1.1525e-05
2.03818e-06
1.19562e-05
1.84528e-06
3.12731e-06
6.44672e-07
-1.91894e-06
-9.95667e-07
-4.93823e-06
-2.7867e-06
-6.40454e-06
-4.56965e-06
-6.61593e-06
-6.25846e-06
-5.96087e-06
-7.75422e-06
-4.92043e-06
-8.97023e-06
-3.69793e-06
-9.81693e-06
-2.38046e-06
-1.02252e-05
-8.88095e-07
9.13163e-07
-1.01514e-05
3.18213e-06
8.77673e-06
3.45115e-06
2.85969e-06
2.4161e-06
-8.82775e-07
6.83452e-07
-3.20465e-06
-1.29778e-06
-4.42224e-06
-3.27819e-06
-4.63454e-06
-5.11317e-06
-4.12483e-06
-6.6837e-06
-3.34895e-06
-7.91633e-06
-2.46412e-06
-8.72742e-06
-1.56926e-06
-9.04097e-06
-5.74397e-07
6.79114e-07
-8.80643e-06
4.18898e-06
4.59127e-06
5.10282e-06
1.94839e-06
4.3802e-06
-1.57467e-07
2.6481e-06
-1.47056e-06
4.88819e-07
-2.26024e-06
-1.74101e-06
-2.40201e-06
-3.76321e-06
-2.09913e-06
-5.41745e-06
-1.69217e-06
-6.67184e-06
-1.20689e-06
-7.47405e-06
-7.66759e-07
-7.74361e-06
-3.04439e-07
3.45808e-07
-7.40941e-06
4.59179e-06
6.54074e-06
6.38368e-06
4.91365e-06
2.65393e-06
2.52717e-07
-1.84584e-06
-3.5373e-06
-4.74412e-06
-5.51082e-06
-5.81506e-06
-5.46916e-06
-2.09923e-05
-1.80753e-06
-2.31828e-05
2.09026e-06
-2.57451e-05
6.66148e-06
-2.86182e-05
1.18173e-05
-3.16191e-05
1.7188e-05
-3.44418e-05
2.21907e-05
-3.64736e-05
2.57643e-05
-3.69363e-05
2.65242e-05
-3.52123e-05
2.37497e-05
-3.02957e-05
1.64268e-05
-2.05256e-05
3.73792e-06
-1.50472e-05
-2.02847e-05
-8.45561e-08
-2.22897e-05
4.09477e-06
-2.45471e-05
8.91707e-06
-2.69634e-05
1.42334e-05
-2.93171e-05
1.95412e-05
-3.1247e-05
2.41204e-05
-3.21054e-05
2.66224e-05
-3.12697e-05
2.56882e-05
-2.76763e-05
2.01559e-05
-1.99162e-05
8.66636e-06
-8.61578e-06
-7.56291e-06
-2.36654e-05
-1.92774e-05
1.42697e-06
-2.09365e-05
5.75384e-06
-2.26989e-05
1.06802e-05
-2.44504e-05
1.5984e-05
-2.59552e-05
2.10451e-05
-2.68477e-05
2.5012e-05
-2.65785e-05
2.63524e-05
-2.45608e-05
2.36698e-05
-1.9913e-05
1.55076e-05
-1.24075e-05
1.16034e-06
-4.45337e-06
-1.5518e-05
-2.81184e-05
-1.79713e-05
2.62567e-06
-1.91708e-05
6.95301e-06
-2.03114e-05
1.18194e-05
-2.12733e-05
1.6946e-05
-2.18403e-05
2.16122e-05
-2.16808e-05
2.48524e-05
-2.0443e-05
2.51145e-05
-1.76758e-05
2.09024e-05
-1.31273e-05
1.09588e-05
-7.79749e-06
-4.16987e-06
-3.31498e-06
-2.00011e-05
-3.14349e-05
-1.64249e-05
3.45159e-06
-1.7102e-05
7.63008e-06
-1.75604e-05
1.22784e-05
-1.76923e-05
1.70773e-05
-1.73276e-05
2.12468e-05
-1.62397e-05
2.37637e-05
-1.42592e-05
2.31336e-05
-1.12495e-05
1.7892e-05
-7.46824e-06
7.1772e-06
-4.0865e-06
-7.55206e-06
-1.61535e-06
-2.24731e-05
-3.30505e-05
-1.47243e-05
3.88028e-06
-1.48634e-05
7.76889e-06
-1.46395e-05
1.20535e-05
-1.39684e-05
1.64062e-05
-1.27485e-05
2.0027e-05
-1.08826e-05
2.18979e-05
-8.40637e-06
2.06574e-05
-5.49153e-06
1.49771e-05
-2.6402e-06
4.32583e-06
-7.61099e-07
-9.43143e-06
9.80844e-08
-2.33328e-05
-3.29535e-05
-1.296e-05
3.92121e-06
-1.25836e-05
7.39244e-06
-1.17189e-05
1.11892e-05
-1.03126e-05
1.49998e-05
-8.34291e-06
1.80568e-05
-5.84548e-06
1.94004e-05
-3.04997e-06
1.78614e-05
-3.54583e-07
1.22816e-05
1.67289e-06
2.29786e-06
2.37613e-06
-1.0135e-05
1.91409e-06
-2.28716e-05
-3.104e-05
-1.12113e-05
3.60759e-06
-1.03691e-05
6.55013e-06
-8.932e-06
9.75186e-06
-6.87768e-06
1.29454e-05
-4.26359e-06
1.5443e-05
-1.2465e-06
1.63831e-05
1.78293e-06
1.48325e-05
4.27732e-06
9.78689e-06
5.66886e-06
9.0664e-07
5.3808e-06
-9.84722e-06
3.55571e-06
-2.1047e-05
-2.74852e-05
-9.53562e-06
2.99202e-06
-8.29524e-06
5.30977e-06
-6.36747e-06
7.824e-06
-3.75569e-06
1.03352e-05
-5.86907e-07
1.22725e-05
2.88359e-06
1.29151e-05
6.13517e-06
1.15784e-05
8.51788e-06
7.40648e-06
9.45759e-06
-3.5206e-08
8.28677e-06
-8.67581e-06
5.09655e-06
-1.78583e-05
-2.23889e-05
-7.95318e-06
2.13896e-06
-6.39245e-06
3.7489e-06
-4.05876e-06
5.49134e-06
-9.73479e-07
7.25092e-06
2.68646e-06
8.613e-06
6.58566e-06
9.01675e-06
1.00999e-05
8.06434e-06
1.2474e-05
5.03277e-06
1.31186e-05
-6.80195e-07
1.11095e-05
-6.66712e-06
6.42663e-06
-1.31763e-05
-1.59632e-05
-6.38724e-06
1.11712e-06
-4.58637e-06
1.9484e-06
-1.93186e-06
2.83937e-06
1.55369e-06
3.76849e-06
5.66954e-06
4.49834e-06
1.00016e-05
4.68692e-06
1.38512e-05
4.21501e-06
1.63129e-05
2.57193e-06
1.67034e-05
-1.07134e-06
1.38021e-05
-3.7663e-06
7.70095e-06
-7.0763e-06
-8.26415e-06
-4.35199e-06
-2.40308e-06
4.37057e-07
4.20577e-06
8.70463e-06
1.33916e-05
1.76068e-05
2.01786e-05
1.91072e-05
1.53407e-05
8.26415e-06
-1.22178e-05
-3.51689e-06
-1.30362e-05
-8.13631e-06
-1.25521e-05
-1.14002e-05
-1.21314e-05
-1.39692e-05
-1.20218e-05
-1.56667e-05
-1.23346e-05
-1.6519e-05
-1.30561e-05
-1.64655e-05
-1.40734e-05
-1.54667e-05
-1.52554e-05
-1.36355e-05
-1.64797e-05
-1.1113e-05
-1.77676e-05
-8.24502e-06
-5.08083e-06
-1.91882e-05
-7.24461e-06
3.72981e-06
-9.51405e-06
-5.86658e-06
-1.00224e-05
-1.08915e-05
-1.02765e-05
-1.37149e-05
-1.06237e-05
-1.53192e-05
-1.12414e-05
-1.59012e-05
-1.21516e-05
-1.55552e-05
-1.32756e-05
-1.43429e-05
-1.45141e-05
-1.2397e-05
-1.57836e-05
-9.84377e-06
-1.7108e-05
-6.91953e-06
-3.63861e-06
-1.85519e-05
-4.78923e-06
8.51942e-06
-7.02161e-06
-3.63394e-06
-8.0783e-06
-9.83462e-06
-8.78449e-06
-1.30086e-05
-9.47141e-06
-1.46322e-05
-1.03256e-05
-1.50471e-05
-1.13828e-05
-1.44981e-05
-1.25849e-05
-1.3141e-05
-1.38519e-05
-1.11302e-05
-1.51198e-05
-8.57592e-06
-1.64052e-05
-5.63545e-06
-2.2891e-06
-1.77538e-05
-3.20937e-06
1.17312e-05
-5.20584e-06
-1.63699e-06
-6.50372e-06
-8.5364e-06
-7.49708e-06
-1.20149e-05
-8.43625e-06
-1.36929e-05
-9.47647e-06
-1.40068e-05
-1.06513e-05
-1.33232e-05
-1.19106e-05
-1.18816e-05
-1.31829e-05
-9.8579e-06
-1.44097e-05
-7.34905e-06
-1.55932e-05
-4.45082e-06
-1.12481e-06
-1.67587e-05
-2.07168e-06
1.38039e-05
-3.73725e-06
2.9053e-08
-5.11883e-06
-7.15439e-06
-6.29799e-06
-1.08356e-05
-7.43208e-06
-1.25588e-05
-8.62578e-06
-1.2813e-05
-9.90032e-06
-1.20488e-05
-1.12038e-05
-1.05782e-05
-1.24648e-05
-8.59707e-06
-1.36218e-05
-6.19191e-06
-1.46607e-05
-3.4128e-06
-1.994e-07
-1.55851e-05
-1.07514e-06
1.4881e-05
-2.40135e-06
1.35583e-06
-3.79002e-06
-5.76535e-06
-5.10167e-06
-9.52367e-06
-6.3999e-06
-1.12604e-05
-7.7313e-06
-1.14815e-05
-9.09821e-06
-1.06819e-05
-1.04407e-05
-9.23559e-06
-1.16826e-05
-7.35502e-06
-1.27545e-05
-5.11973e-06
-1.36254e-05
-2.54081e-06
4.55984e-07
-1.42816e-05
-8.48138e-08
1.49675e-05
-1.06519e-06
2.33681e-06
-2.42308e-06
-4.40691e-06
-3.84585e-06
-8.1007e-06
-5.29896e-06
-9.80704e-06
-6.76678e-06
-1.00137e-05
-8.22834e-06
-9.22013e-06
-9.61218e-06
-7.85183e-06
-1.08357e-05
-6.13119e-06
-1.18201e-05
-4.13507e-06
-1.25196e-05
-1.84178e-06
8.43216e-07
-1.29059e-05
9.55356e-07
1.40138e-05
3.44569e-07
2.94841e-06
-9.54942e-07
-3.10692e-06
-2.48539e-06
-6.56985e-06
-4.09977e-06
-8.19257e-06
-5.71469e-06
-8.39845e-06
-7.28122e-06
-7.65362e-06
-8.71456e-06
-6.41805e-06
-9.9278e-06
-4.9177e-06
-1.08342e-05
-3.22812e-06
-1.13749e-05
-1.30028e-06
9.80702e-07
-1.15123e-05
2.04391e-06
1.19735e-05
1.85747e-06
3.13499e-06
6.54273e-07
-1.90271e-06
-9.85218e-07
-4.93059e-06
-2.77583e-06
-6.4005e-06
-4.55852e-06
-6.61659e-06
-6.24677e-06
-5.96364e-06
-7.74224e-06
-4.92383e-06
-8.95781e-06
-3.69998e-06
-9.80449e-06
-2.38256e-06
-1.0213e-05
-8.9144e-07
9.07391e-07
-1.01392e-05
3.18621e-06
8.79038e-06
3.4698e-06
2.8525e-06
2.42632e-06
-8.58146e-07
6.96476e-07
-3.19979e-06
-1.28403e-06
-4.41908e-06
-3.26454e-06
-4.63531e-06
-5.09972e-06
-4.12757e-06
-6.67053e-06
-3.35231e-06
-7.90315e-06
-2.46599e-06
-8.71453e-06
-1.57097e-06
-9.02872e-06
-5.77218e-07
6.74574e-07
-8.79432e-06
4.21033e-06
4.58427e-06
5.12589e-06
1.93886e-06
4.38962e-06
-1.1934e-07
2.66285e-06
-1.47116e-06
5.05996e-07
-2.2598e-06
-1.72412e-06
-2.40319e-06
-3.74742e-06
-2.10113e-06
-5.40289e-06
-1.69479e-06
-6.65765e-06
-1.20781e-06
-7.46043e-06
-7.67601e-07
-7.73097e-06
-3.0582e-07
3.44279e-07
-7.39706e-06
4.58473e-06
6.52405e-06
6.40509e-06
4.93441e-06
2.67499e-06
2.72512e-07
-1.82819e-06
-3.52213e-06
-4.7298e-06
-5.49727e-06
-5.80234e-06
-5.45708e-06
-2.09867e-05
-1.81128e-06
-2.31764e-05
2.08533e-06
-2.57373e-05
6.65515e-06
-2.86076e-05
1.18098e-05
-3.16049e-05
1.71768e-05
-3.44241e-05
2.21752e-05
-3.64539e-05
2.57466e-05
-3.69167e-05
2.65068e-05
-3.51955e-05
2.3735e-05
-3.02838e-05
1.64163e-05
-2.05191e-05
3.73181e-06
-1.5047e-05
-2.02747e-05
-8.86769e-08
-2.22788e-05
4.08905e-06
-2.45342e-05
8.91013e-06
-2.69481e-05
1.42233e-05
-2.92988e-05
1.9527e-05
-3.12265e-05
2.41025e-05
-3.20845e-05
2.66043e-05
-3.12507e-05
2.56726e-05
-2.76622e-05
2.01459e-05
-1.99095e-05
8.66274e-06
-8.61506e-06
-7.56368e-06
-2.36658e-05
-1.92644e-05
1.42117e-06
-2.09224e-05
5.74613e-06
-2.26833e-05
1.06699e-05
-2.44327e-05
1.59716e-05
-2.59354e-05
2.10286e-05
-2.68269e-05
2.49931e-05
-2.65584e-05
2.63348e-05
-2.45441e-05
2.36575e-05
-1.99023e-05
1.55031e-05
-1.24038e-05
1.1631e-06
-4.45369e-06
-1.55159e-05
-2.812e-05
-1.79568e-05
2.6195e-06
-1.91553e-05
6.94471e-06
-2.02943e-05
1.18091e-05
-2.1255e-05
1.69324e-05
-2.1821e-05
2.15947e-05
-2.16618e-05
2.48338e-05
-2.04255e-05
2.50986e-05
-1.76622e-05
2.08939e-05
-1.31191e-05
1.09595e-05
-7.7938e-06
-4.1632e-06
-3.31391e-06
-1.99975e-05
-3.14363e-05
-1.64099e-05
3.44394e-06
-1.70861e-05
7.62035e-06
-1.75437e-05
1.2266e-05
-1.76751e-05
1.70631e-05
-1.73102e-05
2.12291e-05
-1.62235e-05
2.37465e-05
-1.42451e-05
2.31194e-05
-1.12391e-05
1.78875e-05
-7.46159e-06
7.18107e-06
-4.08251e-06
-7.54332e-06
-1.61334e-06
-2.24682e-05
-3.30509e-05
-1.47097e-05
3.87243e-06
-1.48482e-05
7.75935e-06
-1.46239e-05
1.2042e-05
-1.39531e-05
1.63927e-05
-1.27338e-05
2.001e-05
-1.08699e-05
2.18829e-05
-8.39571e-06
2.06453e-05
-5.48395e-06
1.49758e-05
-2.63473e-06
4.33154e-06
-7.57243e-07
-9.4214e-06
1.00256e-07
-2.33271e-05
-3.29523e-05
-1.29461e-05
3.91283e-06
-1.25696e-05
7.38262e-06
-1.17051e-05
1.11775e-05
-1.02998e-05
1.49869e-05
-8.33125e-06
1.80416e-05
-5.83635e-06
1.93873e-05
-3.04253e-06
1.78515e-05
-3.49614e-07
1.22821e-05
1.67709e-06
2.30451e-06
2.37932e-06
-1.01249e-05
1.91609e-06
-2.28651e-05
-3.10379e-05
-1.11984e-05
3.59926e-06
-1.03565e-05
6.54123e-06
-8.92011e-06
9.74131e-06
-6.86746e-06
1.29348e-05
-4.255e-06
1.5429e-05
-1.24065e-06
1.63736e-05
1.78731e-06
1.48232e-05
4.27991e-06
9.79002e-06
5.67152e-06
9.12278e-07
5.38312e-06
-9.83673e-06
3.55733e-06
-2.10406e-05
-2.74821e-05
-9.52329e-06
2.98497e-06
-8.28394e-06
5.30093e-06
-6.35708e-06
7.81628e-06
-3.74817e-06
1.03242e-05
-5.80536e-07
1.22642e-05
2.88591e-06
1.29041e-05
6.13747e-06
1.1575e-05
8.5177e-06
7.40617e-06
9.45909e-06
-2.72158e-08
8.28786e-06
-8.66871e-06
5.09788e-06
-1.78516e-05
-2.23863e-05
-7.9413e-06
2.13358e-06
-6.3817e-06
3.74238e-06
-4.04986e-06
5.48562e-06
-9.67483e-07
7.24279e-06
2.69027e-06
8.60747e-06
6.58595e-06
9.00877e-06
1.00994e-05
8.06222e-06
1.24721e-05
5.03278e-06
1.31183e-05
-6.73958e-07
1.11099e-05
-6.66208e-06
6.42755e-06
-1.31714e-05
-1.59616e-05
-6.37527e-06
1.11613e-06
-4.57589e-06
1.94599e-06
-1.92369e-06
2.83739e-06
1.55828e-06
3.7632e-06
5.67173e-06
4.49707e-06
9.99973e-06
4.68132e-06
1.38486e-05
4.215e-06
1.63091e-05
2.57111e-06
1.67017e-05
-1.06726e-06
1.38019e-05
-3.7646e-06
7.70173e-06
-7.07406e-06
-8.26552e-06
-4.34034e-06
-2.39346e-06
4.44427e-07
4.20839e-06
8.70552e-06
1.33872e-05
1.7602e-05
2.0173e-05
1.91054e-05
1.53404e-05
8.26552e-06
-1.22134e-05
-3.50953e-06
-1.30316e-05
-8.13633e-06
-1.25479e-05
-1.14052e-05
-1.21275e-05
-1.39778e-05
-1.20185e-05
-1.56774e-05
-1.23322e-05
-1.65304e-05
-1.30552e-05
-1.64763e-05
-1.40744e-05
-1.54764e-05
-1.52584e-05
-1.36435e-05
-1.64849e-05
-1.11196e-05
-1.77741e-05
-8.24842e-06
-5.08303e-06
-1.91962e-05
-7.24101e-06
3.73479e-06
-9.50999e-06
-5.86682e-06
-1.00188e-05
-1.0896e-05
-1.02734e-05
-1.37227e-05
-1.06214e-05
-1.5329e-05
-1.12402e-05
-1.59112e-05
-1.2152e-05
-1.55641e-05
-1.32778e-05
-1.43503e-05
-1.45183e-05
-1.24028e-05
-1.57895e-05
-9.84749e-06
-1.71158e-05
-6.92232e-06
-3.63831e-06
-1.85609e-05
-4.78612e-06
8.52204e-06
-7.01795e-06
-3.63451e-06
-8.07506e-06
-9.83851e-06
-8.78185e-06
-1.30156e-05
-9.46954e-06
-1.4641e-05
-1.03249e-05
-1.50556e-05
-1.13837e-05
-1.45052e-05
-1.25876e-05
-1.31463e-05
-1.38564e-05
-1.11339e-05
-1.51262e-05
-8.5783e-06
-1.64129e-05
-5.63523e-06
-2.2879e-06
-1.7763e-05
-3.20668e-06
1.17328e-05
-5.20242e-06
-1.63799e-06
-6.50065e-06
-8.53972e-06
-7.49458e-06
-1.20212e-05
-8.43451e-06
-1.37006e-05
-9.47589e-06
-1.40139e-05
-1.06523e-05
-1.33284e-05
-1.19132e-05
-1.18851e-05
-1.3187e-05
-9.85972e-06
-1.44153e-05
-7.34917e-06
-1.56003e-05
-4.45025e-06
-1.12148e-06
-1.67669e-05
-2.06908e-06
1.38039e-05
-3.73386e-06
2.75873e-08
-5.11574e-06
-7.15725e-06
-6.29541e-06
-1.08412e-05
-7.43024e-06
-1.25655e-05
-8.62502e-06
-1.28188e-05
-9.90092e-06
-1.20523e-05
-1.12058e-05
-1.058e-05
-1.24681e-05
-8.59725e-06
-1.36264e-05
-6.19115e-06
-1.46662e-05
-3.4099e-06
-1.95555e-07
-1.55917e-05
-1.07256e-06
1.48797e-05
-2.39787e-06
1.35381e-06
-3.78674e-06
-5.76779e-06
-5.09893e-06
-9.52846e-06
-6.39788e-06
-1.12661e-05
-7.73023e-06
-1.1486e-05
-9.09832e-06
-1.06838e-05
-1.04419e-05
-9.23585e-06
-1.16848e-05
-7.35402e-06
-1.27575e-05
-5.11752e-06
-1.36292e-05
-2.53799e-06
4.61182e-07
-1.42859e-05
-8.21528e-08
1.49647e-05
-1.06152e-06
2.33418e-06
-2.41949e-06
-4.40909e-06
-3.84293e-06
-8.10452e-06
-5.29681e-06
-9.81169e-06
-6.76543e-06
-1.0017e-05
-8.22792e-06
-9.22088e-06
-9.61251e-06
-7.85102e-06
-1.08366e-05
-6.12935e-06
-1.18216e-05
-4.13265e-06
-1.25212e-05
-1.83766e-06
8.48398e-07
-1.29079e-05
9.58443e-07
1.40094e-05
3.48595e-07
2.94529e-06
-9.50958e-07
-3.10872e-06
-2.4824e-06
-6.57241e-06
-4.09767e-06
-8.19591e-06
-5.71321e-06
-8.40079e-06
-7.28036e-06
-7.65336e-06
-8.71405e-06
-6.41661e-06
-9.92752e-06
-4.91553e-06
-1.08339e-05
-3.22529e-06
-1.13745e-05
-1.29645e-06
9.86213e-07
-1.1512e-05
2.04685e-06
1.19669e-05
1.86176e-06
3.13138e-06
6.58457e-07
-1.90447e-06
-9.82386e-07
-4.9311e-06
-2.77415e-06
-6.4028e-06
-4.55714e-06
-6.6179e-06
-6.24566e-06
-5.96317e-06
-7.74098e-06
-4.92198e-06
-8.9564e-06
-3.69799e-06
-9.80275e-06
-2.37998e-06
-1.02107e-05
-8.87723e-07
9.1274e-07
-1.01367e-05
3.1912e-06
8.78065e-06
3.47546e-06
2.84909e-06
2.43029e-06
-8.57694e-07
6.98566e-07
-3.19783e-06
-1.2831e-06
-4.41962e-06
-3.26365e-06
-4.63589e-06
-5.09852e-06
-4.1269e-06
-6.66868e-06
-3.35055e-06
-7.90076e-06
-2.4644e-06
-8.71148e-06
-1.56905e-06
-9.02475e-06
-5.74191e-07
6.78755e-07
-8.79009e-06
4.21189e-06
4.57538e-06
5.13001e-06
1.93432e-06
4.39144e-06
-1.15353e-07
2.66344e-06
-1.46658e-06
5.05804e-07
-2.25814e-06
-1.72397e-06
-2.40212e-06
-3.74634e-06
-2.09987e-06
-5.40051e-06
-1.69292e-06
-6.65441e-06
-1.20683e-06
-7.45629e-06
-7.66619e-07
-7.7256e-06
-3.04168e-07
3.45823e-07
-7.39137e-06
4.57618e-06
6.51118e-06
6.39651e-06
4.93067e-06
2.67331e-06
2.72244e-07
-1.82684e-06
-3.51885e-06
-4.72556e-06
-5.49205e-06
-5.79593e-06
-5.44995e-06
-2.09958e-05
-1.81096e-06
-2.31868e-05
2.08704e-06
-2.57489e-05
6.65855e-06
-2.86206e-05
1.18134e-05
-3.16186e-05
1.71813e-05
-3.44372e-05
2.21793e-05
-3.64646e-05
2.57485e-05
-3.69235e-05
2.65056e-05
-3.51961e-05
2.37282e-05
-3.02783e-05
1.64066e-05
-2.05104e-05
3.72351e-06
-1.50492e-05
-2.02851e-05
-8.7198e-08
-2.22905e-05
4.09189e-06
-2.45475e-05
8.9137e-06
-2.69622e-05
1.42281e-05
-2.93131e-05
1.95318e-05
-3.12394e-05
2.41054e-05
-3.20942e-05
2.6603e-05
-3.12555e-05
2.56667e-05
-2.76609e-05
2.01332e-05
-1.99039e-05
8.6492e-06
-8.61035e-06
-7.5704e-06
-2.36619e-05
-1.92749e-05
1.42489e-06
-2.09342e-05
5.75111e-06
-2.26961e-05
1.06763e-05
-2.44461e-05
1.59772e-05
-2.59486e-05
2.10333e-05
-2.68383e-05
2.49942e-05
-2.65667e-05
2.63306e-05
-2.45473e-05
2.36465e-05
-1.99006e-05
1.5486e-05
-1.23998e-05
1.1478e-06
-4.45074e-06
-1.55203e-05
-2.81122e-05
-1.79662e-05
2.6239e-06
-1.91657e-05
6.95025e-06
-2.03057e-05
1.1815e-05
-2.12666e-05
1.69381e-05
-2.1832e-05
2.15988e-05
-2.16708e-05
2.4833e-05
-2.04318e-05
2.50915e-05
-1.76643e-05
2.0879e-05
-1.31181e-05
1.09395e-05
-7.79186e-06
-4.17885e-06
-3.31231e-06
-2.00005e-05
-3.14261e-05
-1.64174e-05
3.44996e-06
-1.70944e-05
7.62724e-06
-1.75524e-05
1.22737e-05
-1.76837e-05
1.70687e-05
-1.73181e-05
2.12327e-05
-1.62297e-05
2.37438e-05
-1.42492e-05
2.31106e-05
-1.12406e-05
1.78695e-05
-7.46179e-06
7.16039e-06
-4.08244e-06
-7.55862e-06
-1.61322e-06
-2.24705e-05
-3.30396e-05
-1.47147e-05
3.87864e-06
-1.48537e-05
7.76594e-06
-1.46296e-05
1.20486e-05
-1.39583e-05
1.63975e-05
-1.27385e-05
2.0013e-05
-1.08731e-05
2.18786e-05
-8.39798e-06
2.06355e-05
-5.48491e-06
1.49565e-05
-2.63594e-06
4.31139e-06
-7.58569e-07
-9.43625e-06
9.92477e-08
-2.33288e-05
-3.29413e-05
-1.29485e-05
3.91958e-06
-1.2572e-05
7.38949e-06
-1.17074e-05
1.11844e-05
-1.03014e-05
1.49914e-05
-8.3326e-06
1.80436e-05
-5.83661e-06
1.93825e-05
-3.0431e-06
1.78414e-05
-3.49999e-07
1.22633e-05
1.67525e-06
2.28562e-06
2.37712e-06
-1.01384e-05
1.9142e-06
-2.28668e-05
-3.10277e-05
-1.11982e-05
3.60598e-06
-1.0356e-05
6.5473e-06
-8.91927e-06
9.74739e-06
-6.86571e-06
1.29378e-05
-4.25316e-06
1.54314e-05
-1.23828e-06
1.63675e-05
1.78843e-06
1.48153e-05
4.28011e-06
9.77126e-06
5.66946e-06
8.96641e-07
5.38027e-06
-9.84951e-06
3.55485e-06
-2.10417e-05
-2.74737e-05
-9.52094e-06
2.99053e-06
-8.28082e-06
5.30726e-06
-6.35364e-06
7.82015e-06
-3.74302e-06
1.0329e-05
-5.76402e-07
1.22629e-05
2.89126e-06
1.29025e-05
6.13944e-06
1.15644e-05
8.5191e-06
7.39409e-06
9.45648e-06
-4.30274e-08
8.28476e-06
-8.67704e-06
5.09481e-06
-1.78534e-05
-2.23792e-05
-7.937e-06
2.13777e-06
-6.37673e-06
3.74692e-06
-4.04388e-06
5.48852e-06
-9.60139e-07
7.24646e-06
2.69715e-06
8.6061e-06
6.59289e-06
9.00773e-06
1.01032e-05
8.05438e-06
1.24737e-05
5.02395e-06
1.31158e-05
-6.85516e-07
1.1106e-05
-6.66756e-06
6.42419e-06
-1.31725e-05
-1.59559e-05
-6.36954e-06
1.11658e-06
-4.56938e-06
1.9474e-06
-1.91589e-06
2.83807e-06
1.56781e-06
3.76642e-06
5.68053e-06
4.49472e-06
1.00085e-05
4.68221e-06
1.38534e-05
4.20972e-06
1.63112e-05
2.56717e-06
1.66989e-05
-1.07389e-06
1.37971e-05
-3.76612e-06
7.69783e-06
-7.0744e-06
-8.26002e-06
-4.33327e-06
-2.38526e-06
4.53708e-07
4.22039e-06
8.71568e-06
1.33979e-05
1.76078e-05
2.01749e-05
1.9101e-05
1.53347e-05
8.26002e-06
-1.22027e-05
-3.53514e-06
-1.30178e-05
-8.15802e-06
-1.25324e-05
-1.1423e-05
-1.21108e-05
-1.39932e-05
-1.20004e-05
-1.56915e-05
-1.23123e-05
-1.65435e-05
-1.30332e-05
-1.64876e-05
-1.40503e-05
-1.54841e-05
-1.52325e-05
-1.36458e-05
-1.64569e-05
-1.11152e-05
-1.77451e-05
-8.23913e-06
-5.07293e-06
-7.23501e-06
3.70194e-06
-9.50095e-06
-5.89172e-06
-1.00084e-05
-1.09152e-05
-1.0262e-05
-1.37393e-05
-1.06087e-05
-1.53446e-05
-1.12258e-05
-1.59263e-05
-1.21355e-05
-1.55778e-05
-1.32591e-05
-1.43606e-05
-1.44973e-05
-1.24077e-05
-1.57664e-05
-9.84627e-06
-1.70909e-05
-6.91371e-06
-3.62784e-06
-4.78385e-06
8.48711e-06
-7.01382e-06
-3.66131e-06
-8.07005e-06
-9.85866e-06
-8.77604e-06
-1.30331e-05
-9.46266e-06
-1.46579e-05
-1.03165e-05
-1.50724e-05
-1.13735e-05
-1.4521e-05
-1.25752e-05
-1.31589e-05
-1.38418e-05
-1.11413e-05
-1.51091e-05
-8.57895e-06
-1.63942e-05
-5.62963e-06
-2.2762e-06
-3.20706e-06
1.16962e-05
-5.20289e-06
-1.665e-06
-6.50072e-06
-8.56046e-06
-7.49421e-06
-1.20393e-05
-8.4335e-06
-1.37184e-05
-9.47385e-06
-1.4032e-05
-1.06488e-05
-1.3346e-05
-1.1908e-05
-1.18997e-05
-1.31798e-05
-9.86947e-06
-1.44059e-05
-7.35271e-06
-1.5589e-05
-4.44527e-06
-1.10897e-06
-2.07281e-06
1.37717e-05
-3.73861e-06
1.43497e-09
-5.12055e-06
-7.17813e-06
-6.30024e-06
-1.08593e-05
-7.43495e-06
-1.25836e-05
-8.62934e-06
-1.28375e-05
-9.90445e-06
-1.2071e-05
-1.12082e-05
-1.05959e-05
-1.24689e-05
-8.60886e-06
-1.36252e-05
-6.19612e-06
-1.46636e-05
-3.40756e-06
-1.81598e-07
-1.07966e-06
1.48528e-05
-2.40666e-06
1.32891e-06
-3.79584e-06
-5.78865e-06
-5.10853e-06
-9.54642e-06
-6.408e-06
-1.1284e-05
-7.74074e-06
-1.15047e-05
-9.10884e-06
-1.07029e-05
-1.04522e-05
-9.25249e-06
-1.1694e-05
-7.36679e-06
-1.27653e-05
-5.12443e-06
-1.36353e-05
-2.53622e-06
4.75947e-07
-9.27697e-08
1.49484e-05
-1.07424e-06
2.31105e-06
-2.4324e-06
-4.42992e-06
-3.85679e-06
-8.12183e-06
-5.31184e-06
-9.8286e-06
-6.78174e-06
-1.00348e-05
-8.24516e-06
-9.23918e-06
-9.63043e-06
-7.86735e-06
-1.08542e-05
-6.14248e-06
-1.18381e-05
-4.14019e-06
-1.25363e-05
-1.83824e-06
8.63856e-07
9.43784e-07
1.4006e-05
3.3167e-07
2.92377e-06
-9.67113e-07
-3.1309e-06
-2.49983e-06
-6.58868e-06
-4.11695e-06
-8.21149e-06
-5.73472e-06
-8.41669e-06
-7.30385e-06
-7.67014e-06
-8.73924e-06
-6.43147e-06
-9.9532e-06
-4.92813e-06
-1.08591e-05
-3.23346e-06
-1.1398e-05
-1.29852e-06
1.00161e-06
2.026e-06
1.19827e-05
1.83854e-06
3.11144e-06
6.39982e-07
-1.93081e-06
-1.00268e-06
-4.94688e-06
-2.79677e-06
-6.41552e-06
-4.58315e-06
-6.63156e-06
-6.27462e-06
-5.97659e-06
-7.77286e-06
-4.93478e-06
-8.9896e-06
-3.70872e-06
-9.83608e-06
-2.38823e-06
-1.02421e-05
-8.92149e-07
9.27294e-07
3.15378e-06
8.83127e-06
3.44227e-06
2.82423e-06
2.41179e-06
-8.99417e-07
6.76936e-07
-3.21136e-06
-1.30819e-06
-4.42957e-06
-3.2931e-06
-4.64614e-06
-5.13216e-06
-4.13663e-06
-6.70631e-06
-3.36001e-06
-7.94078e-06
-2.47243e-06
-8.75249e-06
-1.57627e-06
-9.06362e-06
-5.80519e-07
6.91965e-07
4.18779e-06
4.6469e-06
5.09498e-06
1.91914e-06
4.37762e-06
-1.79761e-07
2.6433e-06
-1.47582e-06
4.79768e-07
-2.26393e-06
-1.75582e-06
-2.4092e-06
-3.78354e-06
-2.10586e-06
-5.44268e-06
-1.69884e-06
-6.7001e-06
-1.21074e-06
-7.5044e-06
-7.71039e-07
-7.77257e-06
-3.09853e-07
3.57419e-07
4.64737e-06
6.56701e-06
6.38748e-06
4.91209e-06
2.64839e-06
2.39902e-07
-1.86556e-06
-3.56335e-06
-4.77388e-06
-5.54449e-06
-5.85308e-06
)
;

boundaryField
{
    rotor
    {
        type            calculated;
        value           uniform 0;
    }
    stator
    {
        type            calculated;
        value           uniform 0;
    }
    front
    {
        type            empty;
        value           nonuniform 0();
    }
    back
    {
        type            empty;
        value           nonuniform 0();
    }
}


// ************************************************************************* //
