/*--------------------------------*- C++ -*----------------------------------*\
  =========                 |
  \\      /  F ield         | OpenFOAM: The Open Source CFD Toolbox
   \\    /   O peration     | Website:  https://openfoam.org
    \\  /    A nd           | Version:  6
     \\/     M anipulation  |
\*---------------------------------------------------------------------------*/
FoamFile
{
    version     2.0;
    format      ascii;
    class       volVectorField;
    location    "200";
    object      U;
}
// * * * * * * * * * * * * * * * * * * * * * * * * * * * * * * * * * * * * * //

dimensions      [0 1 -1 0 0 0 0];

internalField   nonuniform List<vector> 
3072
(
(0.0492744 2.20529 0)
(0.131238 1.91609 0)
(0.220624 1.72204 1.32219e-19)
(0.351508 1.60181 1.54061e-18)
(0.450241 1.68021 -1.76797e-18)
(0.899233 1.87561 1.00699e-18)
(2.08503 1.65678 1.38085e-19)
(3.01126 2.28042 4.18098e-19)
(3.21622 2.73601 -1.14035e-18)
(3.60842 3.02974 1.21687e-18)
(3.94134 3.13763 9.21898e-20)
(4.27783 3.17507 3.7579e-19)
(-0.498607 2.77919 -2.13754e-19)
(-0.260215 2.34207 -3.22097e-19)
(0.092663 2.44272 4.06999e-19)
(0.755683 2.52155 0)
(1.7104 2.72126 4.36806e-19)
(2.61106 3.15317 -5.81809e-19)
(3.06716 3.22855 0)
(3.22078 3.33223 0)
(3.23508 3.41111 0)
(3.36211 3.45922 7.02872e-19)
(3.45928 3.50457 -1.54423e-18)
(3.59049 3.49314 6.1362e-19)
(-0.417527 3.08969 1.41147e-19)
(0.135615 2.78758 0)
(0.903611 2.95256 0)
(1.79642 3.16545 -2.03712e-18)
(2.55119 3.30735 7.53941e-19)
(3.01119 3.36412 -1.8253e-18)
(3.23869 3.27447 1.92981e-18)
(3.33729 3.22209 0)
(3.38851 3.1788 0)
(3.4684 3.13676 -9.3366e-19)
(3.53306 3.08614 -7.26613e-19)
(3.61705 3.02454 2.52303e-18)
(-0.180218 3.35612 -1.3969e-18)
(0.490264 3.24229 -2.34224e-18)
(1.32144 3.39629 1.20364e-18)
(2.14259 3.47152 -1.23734e-18)
(2.70882 3.43703 3.36726e-18)
(3.00072 3.34678 -2.9911e-18)
(3.16236 3.23501 -1.72549e-18)
(3.2213 3.14353 -4.71527e-18)
(3.2471 3.06802 -9.06442e-20)
(3.28227 2.99758 2.53279e-18)
(3.3279 2.9352 2.69379e-18)
(3.38887 2.87062 -2.14966e-18)
(0.0993612 3.5158 0)
(0.778541 3.51985 9.69105e-19)
(1.55215 3.59886 -1.78505e-18)
(2.26123 3.55284 2.78966e-18)
(2.69002 3.4276 3.76615e-19)
(2.91997 3.29053 1.69895e-18)
(3.00238 3.14474 1.91444e-18)
(3.0385 3.02544 1.63872e-18)
(3.06602 2.92576 -3.24787e-18)
(3.10397 2.83778 2.83261e-18)
(3.15027 2.75888 -3.77518e-18)
(3.20551 2.68447 5.095e-18)
(0.329484 3.64995 -2.97253e-18)
(0.97054 3.72164 1.27033e-18)
(1.65556 3.72361 3.60864e-18)
(2.24306 3.59697 0)
(2.60424 3.40985 -4.72861e-18)
(2.75379 3.22451 5.75212e-18)
(2.82051 3.05359 0)
(2.85739 2.90989 -4.12024e-18)
(2.8886 2.78986 3.53628e-18)
(2.92626 2.68706 0)
(2.97051 2.59749 2.09394e-19)
(3.02112 2.51774 3.17012e-18)
(0.497006 3.80161 0)
(1.07991 3.9223 -3.14936e-18)
(1.66786 3.85119 2.79584e-18)
(2.15836 3.65683 0)
(2.43727 3.41863 -3.58417e-18)
(2.5634 3.18538 5.75645e-19)
(2.62802 2.98211 5.21583e-18)
(2.66982 2.81089 4.56652e-18)
(2.70682 2.66832 -3.97587e-18)
(2.74728 2.54858 3.81799e-18)
(2.79216 2.44723 -3.29331e-18)
(2.84142 2.36076 -9.14884e-18)
(0.630034 4.00716 0)
(1.13183 4.1639 2.96919e-18)
(1.61235 4.02822 -4.83076e-18)
(2.00276 3.7771 5.07477e-18)
(2.23573 3.47553 0)
(2.35625 3.18949 -6.31348e-18)
(2.42775 2.94279 5.81966e-18)
(2.47934 2.73615 3.46583e-20)
(2.52483 2.56567 -8.96244e-18)
(2.57052 2.4252 -4.04235e-18)
(2.618 2.30952 -1.94059e-19)
(2.66769 2.21428 7.07298e-18)
(0.726041 4.19577 0)
(1.15849 4.4381 -3.94881e-18)
(1.50936 4.22785 -5.82264e-18)
(1.80164 3.92444 -4.26755e-18)
(2.00007 3.56988 8.30489e-18)
(2.12734 3.23087 0)
(2.21585 2.93529 0)
(2.28375 2.68728 0)
(2.34186 2.48358 0)
(2.39576 2.31828 4.35732e-18)
(2.44781 2.18532 -4.23585e-18)
(2.49942 2.0789 4.00828e-18)
(0.833868 4.54671 0)
(1.08481 4.70364 2.75316e-18)
(1.31085 4.37293 -6.14787e-19)
(1.54241 4.0026 4.6379e-18)
(1.7243 3.61169 4.43121e-18)
(1.86684 3.24025 -7.13617e-18)
(1.97897 2.9118 0)
(2.07019 2.63311 -1.94146e-19)
(2.14702 2.40232 -1.66026e-17)
(2.21474 2.21521 0)
(2.27567 2.06645 9.78634e-18)
(2.33238 1.94969 -4.51099e-18)
(1.07947 4.58409 0)
(0.940451 4.64307 3.10536e-18)
(1.00483 4.22893 9.32273e-18)
(1.19408 3.81063 -7.9857e-18)
(1.38221 3.43639 -1.09872e-17)
(1.54972 3.08415 1.72476e-17)
(1.69416 2.76899 -1.68301e-19)
(1.81713 2.49725 -6.33511e-18)
(1.92139 2.26773 5.20885e-18)
(2.01141 2.07915 -1.08175e-17)
(2.08867 1.92873 -1.50568e-17)
(2.15689 1.81103 1.51629e-17)
(0.313282 3.9732 -1.56287e-18)
(0.434697 3.84259 -1.18402e-17)
(0.568624 3.485 2.05981e-18)
(0.772528 3.1631 0)
(0.989182 2.90569 0)
(1.19005 2.65553 2.10873e-19)
(1.36939 2.42187 1.61314e-17)
(1.52696 2.2105 1.00404e-17)
(1.66363 2.02521 0)
(1.78281 1.86858 9.46727e-18)
(1.88335 1.74201 0)
(1.97008 1.64201 3.80611e-19)
(4.52907 3.09458 2.06207e-18)
(4.7422 2.96524 -1.16027e-18)
(4.85954 2.77093 3.63095e-19)
(4.91914 2.55669 -3.50874e-19)
(4.89774 2.30349 -9.78204e-20)
(4.80336 2.04952 0)
(4.61378 1.78403 0)
(4.34023 1.53501 6.62527e-19)
(3.96603 1.29561 -7.77979e-19)
(3.45182 1.03682 0)
(2.91248 0.669557 0)
(2.68443 -0.0513409 -1.66631e-20)
(3.72162 3.43792 7.6823e-19)
(3.85851 3.34073 0)
(3.98702 3.20055 -8.99827e-19)
(4.10343 3.02192 7.64469e-20)
(4.17683 2.82676 1.06048e-19)
(4.20046 2.62558 2.03953e-18)
(4.16329 2.43143 -3.36719e-18)
(4.06707 2.25924 5.58626e-19)
(3.9079 2.12406 0)
(3.56566 2.00912 0)
(3.24717 1.90458 0)
(3.29343 1.5814 5.87958e-19)
(3.70813 2.94645 9.57758e-19)
(3.80012 2.8534 -2.66294e-18)
(3.8807 2.74887 7.1832e-19)
(3.9405 2.63791 1.84093e-18)
(3.97032 2.52596 -1.93785e-18)
(3.96625 2.42332 0)
(3.92412 2.33879 0)
(3.84491 2.28407 -1.61946e-19)
(3.73237 2.27143 9.57188e-19)
(3.53967 2.29429 0)
(3.25826 2.31798 0)
(3.41745 2.26511 -3.76633e-19)
(3.45827 2.7994 2.61083e-19)
(3.52951 2.72076 2.83473e-18)
(3.59392 2.63688 2.01838e-18)
(3.6449 2.55237 -2.03886e-18)
(3.67756 2.47387 0)
(3.68914 2.40869 1.26735e-18)
(3.6774 2.36469 0)
(3.64362 2.35092 2.24697e-18)
(3.59497 2.37809 -7.85427e-19)
(3.50366 2.46446 0)
(3.29129 2.595 -4.16489e-19)
(3.58557 2.78333 4.60295e-19)
(3.26597 2.61128 -2.07868e-18)
(3.32704 2.53884 0)
(3.38341 2.46898 0)
(3.43159 2.40505 0)
(3.46948 2.35162 0)
(3.49574 2.3161 -2.14854e-18)
(3.50959 2.30361 -1.07878e-19)
(3.51414 2.3208 -1.17808e-18)
(3.50988 2.38353 0)
(3.49524 2.50735 -8.53061e-19)
(3.34511 2.6995 4.3261e-19)
(3.76643 3.01106 -1.17995e-19)
(3.07575 2.44493 -1.83874e-19)
(3.13154 2.37831 -5.25544e-18)
(3.18555 2.31887 2.48656e-18)
(3.23624 2.2688 -5.81621e-21)
(3.28295 2.23147 1.67396e-19)
(3.32645 2.21178 3.69336e-18)
(3.36833 2.21487 -1.21631e-19)
(3.40999 2.2475 -4.25482e-18)
(3.45439 2.32171 -1.73977e-18)
(3.50805 2.45831 8.57046e-19)
(3.44888 2.70759 -1.06694e-18)
(3.93255 3.12811 -3.96592e-19)
(2.89374 2.28617 8.72176e-18)
(2.9477 2.22199 2.84326e-18)
(3.00216 2.16821 0)
(3.0572 2.12586 0)
(3.11387 2.097 1.65145e-19)
(3.17416 2.08516 -2.78776e-18)
(3.24081 2.09462 4.42949e-18)
(3.31676 2.13106 -1.07994e-19)
(3.4055 2.20455 1.53152e-18)
(3.51628 2.33426 0)
(3.54542 2.56999 -2.09005e-19)
(4.07239 3.07452 -7.13799e-20)
(2.71922 2.1358 -3.37044e-18)
(2.77243 2.07136 -3.08198e-18)
(2.82772 2.01966 3.30271e-18)
(2.88652 1.98035 -3.11127e-18)
(2.95135 1.95412 2.8022e-21)
(3.02545 1.94311 6.33979e-18)
(3.11306 1.95068 -2.95562e-18)
(3.21929 1.98146 1.70261e-18)
(3.34942 2.04381 0)
(3.51685 2.15633 1.04671e-18)
(3.63702 2.37485 4.92613e-19)
(4.17427 2.91414 -7.58011e-19)
(2.55109 1.99434 3.81875e-18)
(2.60376 1.92718 -3.68754e-18)
(2.65912 1.87466 -3.43783e-18)
(2.71972 1.83486 -7.18197e-18)
(2.7893 1.8068 6.98243e-18)
(2.87209 1.79111 -6.78674e-18)
(2.97391 1.78982 0)
(3.10182 1.8061 -1.67795e-18)
(3.26406 1.84553 0)
(3.47944 1.92412 0)
(3.69096 2.09989 0)
(4.21841 2.59947 3.61554e-19)
(2.38589 1.85933 4.33247e-18)
(2.43851 1.78894 -8.61885e-18)
(2.49316 1.73442 8.40562e-18)
(2.55331 1.6923 8.11368e-18)
(2.62353 1.65992 3.95216e-18)
(2.70861 1.63625 0)
(2.81548 1.62136 0)
(2.95291 1.61674 4.05138e-18)
(3.13288 1.6237 0)
(3.38436 1.65407 -1.16841e-18)
(3.66657 1.75287 7.46907e-19)
(4.18989 2.14046 -1.08585e-18)
(2.21668 1.72159 -9.98438e-18)
(2.27186 1.65202 9.21266e-18)
(2.32654 1.59771 -8.99103e-18)
(2.38484 1.55426 -2.27114e-17)
(2.45174 1.51768 -2.27157e-19)
(2.53214 1.48553 1.28847e-19)
(2.633 1.45545 -4.49393e-18)
(2.76335 1.42676 -4.19983e-18)
(2.94024 1.39396 0)
(3.20206 1.36253 3.65315e-18)
(3.52935 1.32995 8.92782e-19)
(4.03461 1.35796 -1.5096e-18)
(2.04157 1.56777 -4.07807e-19)
(2.10292 1.50863 0)
(2.15923 1.46111 0)
(2.21473 1.42073 4.35826e-18)
(2.27426 1.38304 1.3548e-17)
(2.34212 1.34491 -4.48057e-18)
(2.42467 1.30263 -2.08811e-19)
(2.52801 1.25298 -2.39837e-18)
(2.67335 1.18202 -2.32509e-18)
(2.88874 1.08275 -2.34873e-18)
(3.23008 0.882714 0)
(3.58251 0.154167 1.96099e-18)
(2.20545 -0.0523161 1.41823e-22)
(1.91444 -0.134366 0)
(1.72284 -0.224003 -1.3132e-19)
(1.60115 -0.354098 0)
(1.67668 -0.452657 -8.78173e-19)
(1.87527 -0.891752 9.99677e-19)
(1.65446 -2.06934 0)
(2.2686 -3.00722 3.86149e-19)
(2.73044 -3.21417 -1.00375e-18)
(3.023 -3.60477 9.44592e-19)
(3.13347 -3.93879 -4.31899e-19)
(3.17077 -4.27469 -3.76766e-19)
(2.77914 0.498065 -1.91967e-19)
(2.34088 0.260352 -4.05693e-20)
(2.43793 -0.0887146 3.03776e-19)
(2.51928 -0.741785 0)
(2.71093 -1.69639 -4.42516e-19)
(3.14506 -2.60459 2.4932e-19)
(3.22279 -3.0657 0)
(3.32659 -3.2219 1.06611e-18)
(3.40661 -3.23606 -2.74291e-18)
(3.45444 -3.36203 1.51672e-18)
(3.50081 -3.45923 6.84476e-19)
(3.48961 -3.58982 -2.85738e-18)
(3.08921 0.42073 -1.40916e-19)
(2.7848 -0.128629 0)
(2.94631 -0.894353 -1.32726e-18)
(3.15907 -1.78869 0)
(3.30228 -2.5478 0)
(3.36115 -3.01079 -8.10698e-19)
(3.2716 -3.23938 4.17858e-18)
(3.21886 -3.33863 -2.54593e-18)
(3.17566 -3.3893 8.75253e-19)
(3.13365 -3.4688 0)
(3.08338 -3.53324 2.03941e-18)
(3.02197 -3.61673 -1.10226e-18)
(3.3566 0.184848 8.7946e-19)
(3.24019 -0.482719 1.30274e-18)
(3.39346 -1.31382 8.85124e-19)
(3.47003 -2.13726 1.85039e-18)
(3.43595 -2.70785 -1.56726e-18)
(3.34511 -3.00117 -1.09253e-18)
(3.23325 -3.16383 0)
(3.14139 -3.22319 0)
(3.06587 -3.24861 1.56405e-18)
(2.99539 -3.28332 0)
(2.93299 -3.32836 3.53375e-19)
(2.8685 -3.38891 8.97096e-19)
(3.51784 -0.0922347 1.84787e-18)
(3.51887 -0.770223 -7.84149e-19)
(3.59789 -1.54542 -1.79128e-18)
(3.55191 -2.2589 0)
(3.42784 -2.68959 0)
(3.29021 -2.9215 2.21755e-18)
(3.1441 -3.00441 0)
(3.02432 -3.0403 -3.79653e-18)
(2.92439 -3.06736 -1.49554e-18)
(2.83627 -3.10485 2.83876e-18)
(2.75729 -3.15074 -3.7823e-18)
(2.68288 -3.20565 2.43115e-18)
(3.65249 -0.323099 -1.65415e-18)
(3.72239 -0.963625 -1.12488e-18)
(3.72528 -1.65023 1.58412e-18)
(3.59915 -2.24085 2.48124e-19)
(3.41095 -2.60452 2.37048e-18)
(3.22521 -2.75528 -5.54904e-18)
(3.05369 -2.82216 4.88821e-18)
(2.9095 -2.85889 3.97738e-19)
(2.78915 -2.88977 0)
(2.68615 -2.9271 0)
(2.59644 -2.97105 6.10945e-18)
(2.51662 -3.02141 7.75234e-21)
(3.80456 -0.490993 -5.54578e-20)
(3.92412 -1.07423 -1.75094e-18)
(3.85419 -1.66387 0)
(3.6595 -2.15721 -3.18497e-18)
(3.42057 -2.43801 3.78801e-18)
(3.1868 -2.56471 9.72964e-18)
(2.98288 -2.62941 5.6785e-18)
(2.81112 -2.67111 6.29304e-19)
(2.66819 -2.70787 -8.27084e-18)
(2.54821 -2.74811 3.60237e-18)
(2.44669 -2.79278 3.73595e-18)
(2.3601 -2.84188 1.75461e-19)
(4.00999 -0.626112 1.97099e-19)
(4.16645 -1.12775 2.9781e-18)
(4.03195 -1.60945 0)
(3.78094 -2.0015 -5.10215e-18)
(3.47845 -2.23604 -3.73075e-18)
(3.19163 -2.35717 5.19013e-19)
(2.94422 -2.42885 -1.11954e-17)
(2.737 -2.48042 3.08498e-19)
(2.56609 -2.52582 -2.4253e-19)
(2.42535 -2.57136 4.26744e-18)
(2.30947 -2.61874 -3.4007e-18)
(2.21407 -2.66834 1.8407e-19)
(4.1983 -0.724142 -3.62723e-18)
(4.44089 -1.1559 1.62442e-18)
(4.23161 -1.50715 -8.47328e-18)
(3.92851 -1.80042 4.26923e-18)
(3.5734 -1.99995 0)
(3.23365 -2.12786 0)
(2.93737 -2.21665 6.40145e-18)
(2.68875 -2.28466 1.12076e-17)
(2.48457 -2.3428 -4.97574e-18)
(2.31894 -2.39668 -4.36481e-18)
(2.18573 -2.44869 -4.06907e-18)
(2.07912 -2.50028 0)
(4.54849 -0.833609 5.55604e-20)
(4.70519 -1.08312 4.17085e-18)
(4.37565 -1.30908 9.9984e-18)
(4.00599 -1.54119 0)
(3.61505 -1.7239 7.87914e-18)
(3.24322 -1.86704 0)
(2.91425 -1.97953 2.47796e-19)
(2.63506 -2.07096 -5.65454e-18)
(2.40383 -2.14793 5.73335e-18)
(2.21635 -2.21572 0)
(2.06729 -2.27669 0)
(1.95029 -2.33344 -9.3027e-18)
(4.58436 -1.07951 -6.3103e-18)
(4.64375 -0.939401 3.10617e-18)
(4.23048 -1.00378 4.93394e-19)
(3.81302 -1.19322 -8.68573e-18)
(3.43903 -1.38177 -3.45999e-18)
(3.08678 -1.54973 -3.46588e-18)
(2.77138 -1.69451 -6.45661e-18)
(2.49933 -1.81775 -1.78417e-17)
(2.26947 -1.92222 -5.21351e-18)
(2.08058 -2.01239 -1.08285e-17)
(1.92989 -2.08975 1.04637e-17)
(1.81193 -2.15806 9.68815e-18)
(3.97329 -0.313403 2.98419e-18)
(3.84257 -0.434266 -1.38402e-18)
(3.48561 -0.568037 2.63649e-19)
(3.16445 -0.771881 6.58581e-18)
(2.90744 -0.988744 0)
(2.65747 -1.18989 -5.79693e-18)
(2.42382 -1.36955 5.26025e-18)
(2.21233 -1.52737 4.77546e-18)
(2.02686 -1.6643 -1.50116e-17)
(1.87003 -1.78368 9.47489e-18)
(1.74326 -1.88439 -9.31529e-18)
(1.64305 -1.97126 0)
(3.09181 -4.52671 -1.20061e-18)
(2.96248 -4.73955 3.02166e-18)
(2.76907 -4.85749 -1.44607e-18)
(2.55495 -4.91679 -1.20986e-18)
(2.30229 -4.89586 8.47034e-19)
(2.0484 -4.80138 -7.19869e-20)
(1.78315 -4.61222 -6.85545e-20)
(1.53413 -4.33875 -1.124e-19)
(1.29474 -3.96508 -7.77707e-19)
(1.03584 -3.45121 0)
(0.668321 -2.91228 0)
(-0.0511564 -2.68472 -1.67654e-20)
(3.43497 -3.72078 1.75691e-20)
(3.33816 -3.85729 1.40839e-18)
(3.19844 -3.98563 -8.99723e-19)
(3.02005 -4.10199 0)
(2.82513 -4.17547 1.1209e-18)
(2.62414 -4.19916 0)
(2.43014 -4.16215 9.64933e-19)
(2.25809 -4.06608 1.89396e-18)
(2.12303 -3.90708 -1.64223e-18)
(2.00813 -3.56502 0)
(1.90362 -3.2467 0)
(1.58042 -3.29306 4.93716e-21)
(2.94415 -3.70749 6.24015e-19)
(2.85133 -3.79923 -5.97976e-19)
(2.74701 -3.8797 7.1909e-19)
(2.63623 -3.93949 0)
(2.52442 -3.96934 -8.57041e-19)
(2.42189 -3.96534 2.32255e-18)
(2.33744 -3.92332 -3.36227e-18)
(2.28276 -3.84424 -4.16652e-18)
(2.27014 -3.73182 2.70749e-18)
(2.293 -3.53923 0)
(2.31671 -3.25796 4.7714e-19)
(2.26381 -3.41738 1.2855e-19)
(2.79742 -3.45798 8.52479e-19)
(2.71892 -3.52901 -1.96698e-18)
(2.63516 -3.59329 2.01982e-18)
(2.55074 -3.64423 -2.03987e-18)
(2.47232 -3.67689 0)
(2.40719 -3.68851 1.26745e-18)
(2.36322 -3.67685 1.00111e-18)
(2.34947 -3.64316 6.34369e-19)
(2.37664 -3.59461 -1.58524e-18)
(2.46301 -3.5034 0)
(2.59358 -3.29113 -2.78764e-19)
(2.78189 -3.58541 4.41132e-19)
(2.60972 -3.26587 2.33247e-18)
(2.53732 -3.32677 -1.24234e-18)
(2.46751 -3.38305 0)
(2.4036 -3.43119 0)
(2.35018 -3.46908 1.211e-18)
(2.31465 -3.49537 -9.81453e-19)
(2.30216 -3.50927 -1.93604e-19)
(2.31932 -3.51389 0)
(2.38203 -3.5097 -7.55132e-19)
(2.50584 -3.4951 8.53107e-19)
(2.69803 -3.34511 -9.39174e-19)
(3.00948 -3.76639 -1.91894e-19)
(2.44378 -3.07586 -5.25804e-18)
(2.37714 -3.13153 2.54148e-18)
(2.31766 -3.18547 5.1501e-18)
(2.26756 -3.23614 -5.81654e-21)
(2.23019 -3.28286 -6.29394e-18)
(2.21045 -3.32638 -2.71096e-18)
(2.21348 -3.36829 -1.91713e-19)
(2.24604 -3.40999 0)
(2.3202 -3.45443 0)
(2.45676 -3.50811 -8.57229e-19)
(2.70603 -3.44897 -6.23382e-19)
(3.12652 -3.93259 1.70655e-19)
(2.28543 -2.89407 2.97214e-18)
(2.22118 -2.94796 -5.89657e-18)
(2.16732 -3.00239 -2.62743e-18)
(2.12488 -3.05743 -1.56732e-19)
(2.09593 -3.11411 2.57903e-18)
(2.08399 -3.17441 2.59226e-18)
(2.09335 -3.24107 1.49387e-18)
(2.12968 -3.31704 1.47647e-18)
(2.2031 -3.4058 -1.66534e-18)
(2.33277 -3.51655 0)
(2.56855 -3.54565 1.00829e-18)
(3.07316 -4.07252 -2.82688e-19)
(2.13546 -2.71981 0)
(2.07091 -2.77299 3.08507e-18)
(2.01909 -2.82828 0)
(1.97965 -2.88708 -1.56924e-19)
(1.95328 -2.95193 2.84284e-21)
(1.94213 -3.02604 6.34019e-18)
(1.94957 -3.11365 -6.24386e-18)
(1.98021 -3.21986 0)
(2.04245 -3.34994 -1.84926e-18)
(2.15492 -3.51729 1.04648e-18)
(2.37348 -3.63737 -1.92938e-18)
(2.9129 -4.17446 9.47058e-19)
(1.99439 -2.55194 3.82376e-18)
(1.92708 -2.60461 -3.69167e-18)
(1.8744 -2.66 -3.7218e-18)
(1.83444 -2.72062 3.65796e-18)
(1.80621 -2.79021 3.49584e-18)
(1.79034 -2.873 -1.03985e-17)
(1.7889 -2.97481 3.32008e-18)
(1.80502 -3.10268 0)
(1.84432 -3.26486 1.75544e-18)
(1.92285 -3.48009 0)
(2.09869 -3.69145 2.43615e-18)
(2.59849 -4.21871 -1.75471e-18)
(1.85973 -2.38697 0)
(1.78916 -2.43963 -8.62974e-18)
(1.73446 -2.49432 -4.47287e-18)
(1.69215 -2.5545 -7.88508e-18)
(1.65956 -2.62474 3.95468e-18)
(1.6357 -2.70982 3.77391e-18)
(1.62063 -2.81666 0)
(1.61584 -2.95404 0)
(1.62266 -3.1339 0)
(1.65296 -3.38519 0)
(1.75187 -3.6672 -7.49195e-19)
(2.13987 -4.19023 -9.44528e-20)
(1.72227 -2.21793 4.88019e-18)
(1.6525 -2.27317 4.47709e-18)
(1.59799 -2.32791 1.85112e-17)
(1.55433 -2.38625 4.77922e-18)
(1.51753 -2.45319 1.81864e-17)
(1.48516 -2.53358 -4.40751e-18)
(1.4549 -2.6344 -4.49526e-18)
(1.42603 -2.76468 0)
(1.3931 -2.94143 -4.46901e-18)
(1.36161 -3.20303 -2.42355e-18)
(1.32913 -3.53003 -1.80552e-18)
(1.35774 -4.035 -9.47281e-26)
(1.5686 -2.04287 0)
(1.50926 -2.10432 0)
(1.46154 -2.16071 -1.84449e-17)
(1.42095 -2.21628 -1.35844e-17)
(1.38304 -2.27586 -4.37771e-18)
(1.3447 -2.34371 0)
(1.30223 -2.42621 4.49871e-18)
(1.2524 -2.52946 0)
(1.18134 -2.67464 -1.98521e-19)
(1.08205 -2.8898 2.3473e-18)
(0.882144 -3.2308 6.43076e-19)
(0.154264 -3.58294 3.87554e-18)
(-0.0516079 -2.20544 8.10485e-20)
(-0.133666 -1.91484 2.38901e-19)
(-0.223117 -1.72262 -2.56514e-19)
(-0.353526 -1.60135 1.63557e-19)
(-0.452018 -1.67784 0)
(-0.894554 -1.87542 1.11319e-19)
(-2.07514 -1.65527 0)
(-3.00919 -2.27319 3.78139e-19)
(-3.21545 -2.73289 1.46584e-18)
(-3.60672 -3.02604 -4.48705e-19)
(-3.94041 -3.13573 -1.43547e-18)
(-4.27659 -3.17318 1.36782e-18)
(0.498067 -2.77929 3.61852e-19)
(0.260147 -2.34127 -3.21841e-19)
(-0.0900056 -2.43935 3.54582e-19)
(-0.746185 -2.52009 -1.17623e-19)
(-1.70123 -2.71432 -4.39934e-19)
(-2.6073 -3.14779 -1.09588e-19)
(-3.06686 -3.22476 -7.62206e-19)
(-3.22218 -3.32854 -2.08579e-18)
(-3.23635 -3.40829 3.03208e-18)
(-3.36271 -3.45631 -6.19954e-19)
(-3.45991 -3.50237 7.85834e-19)
(-3.59073 -3.49116 5.77685e-19)
(0.41979 -3.08934 -2.81704e-19)
(-0.13076 -2.78547 0)
(-0.897217 -2.94788 0)
(-1.79152 -3.1609 -8.33255e-19)
(-2.54954 -3.30378 0)
(-3.01164 -3.36199 -1.01656e-18)
(-3.23988 -3.27247 7.96761e-19)
(-3.33887 -3.2199 1.91836e-18)
(-3.38969 -3.17678 -1.14129e-18)
(-3.46926 -3.13484 -1.72954e-18)
(-3.53372 -3.08453 -2.76232e-18)
(-3.61736 -3.02313 2.52325e-18)
(0.183607 -3.3565 -1.76145e-18)
(-0.485129 -3.24068 -1.30187e-18)
(-1.31652 -3.39411 1.58396e-18)
(-2.13942 -3.4702 6.1265e-19)
(-2.70883 -3.43607 0)
(-3.00178 -3.34543 -3.49148e-18)
(-3.16407 -3.23363 2.82663e-18)
(-3.22323 -3.14192 0)
(-3.24868 -3.06644 2.34039e-18)
(-3.28349 -2.99604 -3.61576e-18)
(-3.3287 -2.93373 2.34167e-18)
(-3.38934 -2.86929 3.03573e-19)
(-0.0940947 -3.51736 2.7291e-18)
(-0.772713 -3.5191 2.35703e-18)
(-1.5477 -3.59809 5.39939e-19)
(-2.26021 -3.55197 0)
(-2.69043 -3.42752 -2.07938e-18)
(-2.92172 -3.29003 3.58433e-18)
(-3.00439 -3.14401 0)
(-3.04029 -3.02439 -2.07279e-18)
(-3.06743 -2.92457 -1.83104e-18)
(-3.10501 -2.83654 2.83404e-18)
(-3.15098 -2.75765 0)
(-3.20595 -2.68331 -2.17159e-18)
(-0.324749 -3.65184 1.35446e-18)
(-0.965652 -3.72211 4.8784e-19)
(-1.65201 -3.72472 -1.58186e-18)
(-2.24151 -3.59866 -7.4465e-18)
(-2.60503 -3.41036 -1.68634e-19)
(-2.75543 -3.22465 5.75381e-18)
(-2.82219 -3.05327 0)
(-2.8589 -2.90922 6.28583e-18)
(-2.8898 -2.78897 -3.59214e-18)
(-2.92718 -2.68606 3.18467e-18)
(-2.97115 -2.59644 2.09521e-19)
(-3.02153 -2.51671 -7.65054e-21)
(-0.492551 -3.8038 -1.50931e-18)
(-1.07589 -3.92357 -1.18124e-18)
(-1.66528 -3.85328 0)
(-2.15821 -3.65844 6.76501e-18)
(-2.43834 -3.4197 -1.07551e-17)
(-2.56482 -3.18598 -1.91503e-19)
(-2.62943 -2.98219 -1.08932e-17)
(-2.67109 -2.81055 3.5577e-19)
(-2.70785 -2.6677 -3.97925e-18)
(-2.74808 -2.54781 -3.82005e-18)
(-2.79274 -2.44637 3.73027e-18)
(-2.84181 -2.35987 -3.11512e-18)
(-0.627099 -4.00934 -1.28832e-19)
(-1.12895 -4.16577 -1.58063e-18)
(-1.61049 -4.03092 0)
(-2.00224 -3.77971 5.09618e-18)
(-2.23637 -3.47732 3.52778e-18)
(-2.35729 -3.19059 2.98928e-18)
(-2.42886 -2.94329 -3.90828e-19)
(-2.48037 -2.73616 -3.48644e-20)
(-2.52571 -2.56534 -4.71724e-18)
(-2.57122 -2.42466 -4.08613e-19)
(-2.61855 -2.30885 1.9812e-19)
(-2.6681 -2.21355 0)
(-0.724687 -4.1978 2.25137e-18)
(-1.15669 -4.44021 0)
(-1.50789 -4.23061 0)
(-1.80098 -3.92725 -4.26569e-18)
(-2.00024 -3.57214 3.70362e-18)
(-2.12796 -3.23245 -7.23938e-18)
(-2.21663 -2.93625 0)
(-2.28455 -2.68772 5.48572e-18)
(-2.34262 -2.4836 -2.26412e-19)
(-2.39642 -2.31803 4.35929e-18)
(-2.44836 -2.18489 -4.39486e-18)
(-2.49987 -2.07837 8.29144e-18)
(-0.833808 -4.54809 4.42593e-18)
(-1.08357 -4.70469 -1.41979e-18)
(-1.30959 -4.37483 -5.30392e-18)
(-1.54162 -4.00491 -8.94657e-18)
(-1.72413 -3.61385 0)
(-1.86712 -3.24201 6.56847e-18)
(-1.97949 -2.91308 -1.2847e-17)
(-2.07081 -2.63393 5.66087e-18)
(-2.14768 -2.40274 5.72662e-18)
(-2.21539 -2.21532 0)
(-2.27627 -2.06632 -5.19126e-18)
(-2.33293 -1.9494 -8.72426e-18)
(-1.07949 -4.58429 -6.30563e-18)
(-0.939601 -4.64336 1.40672e-18)
(-1.00405 -4.2299 4.40974e-18)
(-1.19348 -3.8122 3.76824e-18)
(-1.38195 -3.43808 -2.2692e-20)
(-1.54981 -3.08576 -1.05433e-17)
(-1.6945 -2.77036 1.24367e-17)
(-1.81763 -2.49831 2.35216e-17)
(-1.922 -2.26846 -1.63378e-17)
(-2.01207 -2.07959 -1.08183e-17)
(-2.08934 -1.92893 9.94996e-18)
(-2.15756 -1.81102 0)
(-0.313243 -3.97329 4.62908e-18)
(-0.434279 -3.84258 1.76674e-18)
(-0.568227 -3.48546 1.79648e-18)
(-0.772162 -3.16418 6.95894e-18)
(-0.989003 -2.90703 0)
(-1.1901 -2.65695 5.58218e-18)
(-1.36967 -2.42322 -1.08737e-17)
(-1.5274 -2.21167 -4.93717e-18)
(-1.66423 -2.02616 -4.97347e-18)
(-1.78351 -1.8693 9.46725e-18)
(-1.88412 -1.7425 4.90921e-18)
(-1.97089 -1.6423 1.42794e-17)
(-4.52838 -3.09372 4.00256e-19)
(-4.74136 -2.96438 3.3005e-19)
(-4.85911 -2.77062 9.11645e-19)
(-4.91851 -2.55637 -2.46481e-18)
(-4.89738 -2.30344 9.46833e-19)
(-4.80287 -2.04941 0)
(-4.61347 -1.78398 -2.99422e-19)
(-4.33987 -1.53485 2.06917e-19)
(-3.96587 -1.29535 0)
(-3.45177 -1.03632 8.03642e-20)
(-2.9124 -0.668154 0)
(-2.68527 0.0490164 -2.82064e-19)
(-3.72174 -3.43636 -2.79008e-18)
(-3.85838 -3.33947 2.30502e-18)
(-3.98678 -3.19963 1.5107e-18)
(-4.10313 -3.0212 -5.90046e-19)
(-4.17657 -2.82621 0)
(-4.20021 -2.62516 0)
(-4.16311 -2.4311 1.18965e-18)
(-4.06695 -2.25899 -1.31144e-18)
(-3.90784 -2.12387 0)
(-3.56565 -2.00894 5.16599e-19)
(-3.24722 -1.90442 -8.03167e-20)
(-3.29313 -1.58092 -9.28352e-19)
(-3.7082 -2.9453 1.04906e-18)
(-3.80002 -2.85247 -1.73187e-18)
(-3.88051 -2.74812 0)
(-3.94029 -2.63731 -1.86328e-18)
(-3.97013 -2.52549 -2.03758e-18)
(-3.96609 -2.42293 4.52273e-18)
(-3.92401 -2.33845 -4.12006e-18)
(-3.84484 -2.28375 0)
(-3.73233 -2.27112 0)
(-3.53962 -2.29399 0)
(-3.25825 -2.31774 -4.59984e-19)
(-3.41738 -2.26498 1.19452e-19)
(-3.4585 -2.79824 -8.50842e-19)
(-3.52957 -2.71977 -3.04772e-19)
(-3.59388 -2.63605 0)
(-3.6448 -2.55166 -2.81699e-19)
(-3.67744 -2.47328 0)
(-3.68902 -2.40818 0)
(-3.6773 -2.36425 1.12544e-18)
(-3.64354 -2.35053 -1.43377e-18)
(-3.5949 -2.37774 1.72e-18)
(-3.50361 -2.46412 0)
(-3.29131 -2.59472 -4.16303e-19)
(-3.58541 -2.78323 -4.60065e-19)
(-3.26619 -2.61022 4.87135e-18)
(-3.32711 -2.5379 -1.24042e-18)
(-3.38338 -2.46817 2.22117e-18)
(-3.43151 -2.40434 1.00564e-18)
(-3.46937 -2.35101 -3.43359e-18)
(-3.49562 -2.31557 0)
(-3.50948 -2.30314 -1.25787e-18)
(-3.51405 -2.32038 0)
(-3.50981 -2.38314 0)
(-3.49518 -2.50699 8.52273e-19)
(-3.34514 -2.69919 5.03651e-20)
(-3.7663 -3.01085 5.40489e-19)
(-3.07597 -2.44397 -2.41699e-18)
(-3.13163 -2.37743 -1.77036e-19)
(-3.18555 -2.31806 0)
(-3.23619 -2.26808 0)
(-3.28287 -2.23083 -3.98052e-18)
(-3.32637 -2.21122 2.53789e-18)
(-3.36825 -2.21437 2.62521e-18)
(-3.40992 -2.24704 1.39063e-18)
(-3.45434 -2.32128 -3.36893e-18)
(-3.508 -2.45791 -8.5645e-19)
(-3.4489 -2.70726 0)
(-3.93244 -3.12786 6.2242e-19)
(-2.89397 -2.2853 -6.10019e-18)
(-2.94782 -2.22118 2.53051e-18)
(-3.00222 -2.16745 2.79408e-18)
(-3.05721 -2.12517 1.49972e-19)
(-3.11386 -2.09637 -3.25906e-19)
(-3.17414 -2.0846 -2.93962e-18)
(-3.24079 -2.09411 -4.34003e-18)
(-3.31676 -2.13058 -1.58697e-18)
(-3.40552 -2.20411 1.5295e-18)
(-3.5163 -2.33385 0)
(-3.54548 -2.56966 1.71092e-18)
(-4.07233 -3.07431 -4.06565e-19)
(-2.71951 -2.13506 6.56084e-18)
(-2.77263 -2.07064 -3.55329e-18)
(-2.82787 -2.01897 -3.3005e-18)
(-2.88663 -1.9797 -6.06006e-18)
(-2.95145 -1.95352 6.01914e-18)
(-3.02554 -1.94256 -1.62301e-19)
(-3.11316 -1.95019 9.36326e-18)
(-3.21938 -1.98099 1.5153e-18)
(-3.34952 -2.04337 1.84738e-18)
(-3.51692 -2.15592 0)
(-3.6371 -2.3745 -1.19496e-18)
(-4.17427 -2.91391 -5.48175e-19)
(-2.55146 -1.99375 0)
(-2.60407 -1.92658 3.53107e-18)
(-2.6594 -1.87406 3.43586e-18)
(-2.71997 -1.83428 -3.52372e-18)
(-2.78954 -1.80626 -1.34442e-19)
(-2.87232 -1.7906 -3.60566e-18)
(-2.97414 -1.78936 -3.31582e-18)
(-3.10206 -1.80567 0)
(-3.26428 -1.84512 -1.75371e-18)
(-3.47961 -1.92374 -1.10396e-18)
(-3.69111 -2.09958 3.97423e-18)
(-4.21849 -2.59931 -8.35481e-19)
(-2.38638 -1.85894 0)
(-2.43897 -1.78849 0)
(-2.4936 -1.73395 0)
(-2.55373 -1.69183 -1.2265e-17)
(-2.62395 -1.65945 7.87458e-18)
(-2.70902 -1.63581 7.67317e-18)
(-2.81588 -1.62095 0)
(-2.9533 -1.61636 -4.04618e-18)
(-3.13324 -1.62335 0)
(-3.38463 -1.65376 -2.37999e-18)
(-3.66679 -1.75263 -7.48805e-19)
(-4.19001 -2.14046 -1.08565e-18)
(-2.21734 -1.72144 0)
(-2.2725 -1.65178 0)
(-2.32717 -1.59741 9.49439e-18)
(-2.38546 -1.55392 1.33752e-17)
(-2.45235 -1.51732 3.7577e-19)
(-2.53274 -1.48516 4.53015e-18)
(-2.63357 -1.45511 -2.20608e-18)
(-2.7639 -1.42644 6.34771e-18)
(-2.94073 -1.39369 4.46491e-18)
(-3.20244 -1.3623 2.25438e-18)
(-3.52963 -1.32978 -1.80481e-18)
(-4.03478 -1.35809 -1.68748e-18)
(-2.0424 -1.56788 0)
(-2.10376 -1.50861 0)
(-2.16007 -1.46099 -8.99722e-18)
(-2.21555 -1.42054 4.79175e-18)
(-2.27508 -1.3828 -4.37322e-18)
(-2.34291 -1.34465 -4.47894e-18)
(-2.42542 -1.30238 4.70352e-18)
(-2.5287 -1.25274 0)
(-2.67396 -1.18183 -4.58175e-18)
(-2.88924 -1.08264 -2.4375e-18)
(-3.23042 -0.882654 2.28518e-18)
(-3.58269 -0.154416 -3.88209e-18)
(-2.20541 0.0521092 8.1255e-20)
(-1.91445 0.134179 0)
(-1.72268 0.223806 0)
(-1.60106 0.353864 1.20421e-18)
(-1.67661 0.452412 -9.53927e-19)
(-1.87527 0.891637 0)
(-1.65434 2.06967 0)
(-2.26873 3.00768 3.78818e-19)
(-2.73064 3.21465 6.09771e-19)
(-3.02331 3.60539 1.58945e-20)
(-3.13376 3.93946 -1.86422e-18)
(-3.17111 4.27547 9.83137e-19)
(-2.77913 -0.498199 -4.89836e-19)
(-2.34085 -0.26045 0)
(-2.43791 0.0887369 0)
(-2.51924 0.742001 -7.00552e-19)
(-2.71109 1.69672 9.05249e-19)
(-3.14537 2.60506 -1.21148e-18)
(-3.22311 3.06625 7.72186e-19)
(-3.32699 3.22244 8.54078e-19)
(-3.40707 3.23655 -3.3526e-19)
(-3.45497 3.36256 7.0184e-19)
(-3.50141 3.45972 0)
(-3.49024 3.59034 -8.29439e-19)
(-3.08926 -0.420846 2.81539e-19)
(-2.78481 0.128613 0)
(-2.94636 0.894452 0)
(-3.1591 1.78894 -5.35916e-19)
(-3.3024 2.54831 3.71594e-19)
(-3.36134 3.0114 -1.32919e-18)
(-3.27181 3.24002 0)
(-3.21911 3.33925 -2.71434e-18)
(-3.17594 3.3899 3.1775e-18)
(-3.13394 3.46941 -9.3358e-19)
(-3.08369 3.53382 -1.92458e-18)
(-3.02228 3.61731 2.52909e-18)
(-3.35665 -0.184961 -8.79114e-19)
(-3.24019 0.482684 1.30245e-18)
(-3.39346 1.31399 0)
(-3.47004 2.13773 6.12106e-19)
(-3.43602 2.70851 -6.34469e-19)
(-3.34523 3.00182 1.09206e-18)
(-3.2334 3.16446 0)
(-3.14157 3.22378 -1.71251e-18)
(-3.06607 3.24913 -3.90795e-18)
(-2.99562 3.28381 2.53705e-18)
(-2.93324 3.32881 2.34663e-18)
(-2.86878 3.38933 -4.61195e-18)
(-3.51787 0.0921365 1.35962e-18)
(-3.51884 0.770266 -9.75509e-19)
(-3.5979 1.54569 1.791e-18)
(-3.55197 2.25945 0)
(-3.42784 2.69027 -4.35287e-18)
(-3.29025 2.92215 4.10731e-18)
(-3.14415 3.00499 2.45986e-18)
(-3.02439 3.0408 1.64426e-18)
(-2.92448 3.0678 0)
(-2.83639 3.10525 0)
(-2.75743 3.15112 0)
(-2.68305 3.206 -4.96442e-19)
(-3.65253 0.323045 3.30832e-18)
(-3.72234 0.963696 0)
(-3.72523 1.65054 -1.58365e-18)
(-3.59912 2.24134 3.82788e-18)
(-3.41088 2.60518 2.37044e-18)
(-3.22514 2.75588 -5.4785e-18)
(-3.05362 2.82265 2.54703e-18)
(-2.90945 2.85931 -8.57074e-18)
(-2.78911 2.89013 -5.31902e-20)
(-2.68614 2.92741 -2.61077e-19)
(-2.59646 2.97133 2.099e-19)
(-2.51667 3.02166 8.24115e-18)
(-3.8046 0.490875 -5.34685e-18)
(-3.92408 1.0743 3.16422e-18)
(-3.85413 1.6642 -4.76538e-18)
(-3.65936 2.15781 -3.17855e-18)
(-3.4204 2.43862 -6.76921e-18)
(-3.1866 2.56521 -3.71985e-18)
(-2.98268 2.6298 -5.35762e-18)
(-2.81093 2.67143 8.74075e-18)
(-2.66801 2.70813 0)
(-2.54806 2.74832 7.19786e-18)
(-2.44657 2.79295 -9.95937e-18)
(-2.36002 2.84202 3.31995e-18)
(-4.01005 0.626003 -2.99227e-18)
(-4.16646 1.12782 -4.74885e-18)
(-4.03192 1.60976 7.39959e-18)
(-3.78078 2.00201 0)
(-3.4782 2.23654 -4.28758e-18)
(-3.1913 2.35756 6.33144e-18)
(-2.94387 2.42914 -2.91271e-19)
(-2.73665 2.48062 3.49711e-20)
(-2.56576 2.52596 -4.48613e-18)
(-2.42504 2.57146 -8.12768e-18)
(-2.30919 2.61879 3.57406e-18)
(-2.21383 2.66836 -3.53992e-18)
(-4.19839 0.724061 2.25275e-18)
(-4.441 1.15603 0)
(-4.23165 1.50742 0)
(-3.92837 1.80078 0)
(-3.5731 2.00029 3.70814e-18)
(-3.23324 2.12813 0)
(-2.93689 2.21684 -3.19066e-19)
(-2.68826 2.28477 1.09788e-17)
(-2.4841 2.34284 1.86265e-19)
(-2.31849 2.39667 4.36527e-18)
(-2.18532 2.44863 -4.24322e-18)
(-2.07875 2.50018 1.23197e-17)
(-4.5487 0.833691 5.55396e-20)
(-4.70531 1.08321 7.57674e-18)
(-4.37565 1.30923 -2.44025e-18)
(-4.00583 1.54138 0)
(-3.61472 1.72408 0)
(-3.24276 1.86719 0)
(-2.91372 1.97961 0)
(-2.63449 2.07098 5.83633e-18)
(-2.40326 2.14789 -2.186e-17)
(-2.2158 2.21563 -1.0425e-17)
(-2.06677 2.27655 9.80234e-18)
(-1.94981 2.33325 5.08424e-18)
(-4.5844 1.0797 -6.30582e-18)
(-4.64367 0.939403 -4.32298e-18)
(-4.2303 1.00378 -2.60973e-18)
(-3.81271 1.19323 0)
(-3.43862 1.3818 0)
(-3.08627 1.54975 7.10534e-18)
(-2.77081 1.69451 -1.27409e-17)
(-2.49873 1.81771 2.37316e-17)
(-2.26887 1.92214 1.65318e-17)
(-2.07999 2.01225 1.03136e-17)
(-1.92932 2.08956 -9.95791e-18)
(-1.81139 2.15783 5.03847e-19)
(-3.97311 0.313362 -1.56234e-18)
(-3.84226 0.434118 0)
(-3.48525 0.567951 3.45587e-18)
(-3.16409 0.771852 -1.03687e-17)
(-2.90703 0.988744 9.3383e-18)
(-2.65701 1.1899 2.10962e-19)
(-2.42332 1.36955 5.25809e-18)
(-2.21181 1.52735 -4.93895e-18)
(-2.02633 1.66424 -2.47129e-17)
(-1.8695 1.78357 0)
(-1.74274 1.88424 0)
(-1.64255 1.97106 3.80931e-19)
(-3.0921 4.5275 -3.43132e-19)
(-2.96278 4.7404 5.63995e-20)
(-2.76932 4.85832 9.25339e-19)
(-2.55522 4.91764 -2.18433e-18)
(-2.30253 4.89668 7.57555e-19)
(-2.04865 4.80219 -7.23565e-20)
(-1.78337 4.61298 -2.99146e-19)
(-1.53438 4.33945 9.94428e-19)
(-1.29508 3.96565 -5.3647e-19)
(-1.03644 3.45158 -8.03352e-20)
(-0.67007 2.91268 0)
(0.0525822 2.68422 0)
(-3.43562 3.7213 2.15762e-18)
(-3.33881 3.85785 -1.46512e-18)
(-3.19905 3.98621 -8.9986e-19)
(-3.02061 4.1026 0)
(-2.82564 4.17607 -1.0139e-18)
(-2.6246 4.19975 0)
(-2.43056 4.16268 -5.44935e-19)
(-2.25847 4.06653 1.31132e-18)
(-2.12338 3.90743 0)
(-2.00849 3.56523 1.28701e-18)
(-1.90394 3.24678 -1.73968e-18)
(-1.58087 3.29335 1.94178e-19)
(-2.94446 3.70806 9.59351e-19)
(-2.85165 3.7998 -2.66691e-18)
(-2.74732 3.88025 7.19251e-19)
(-2.63654 3.94 0)
(-2.52474 3.9698 8.57356e-19)
(-2.42223 3.96574 2.32379e-18)
(-2.33781 3.92364 -3.20476e-18)
(-2.28317 3.84449 1.6496e-18)
(-2.2706 3.73202 -7.93498e-19)
(-2.29353 3.53937 0)
(-2.31729 3.258 0)
(-2.26439 3.41753 -1.28474e-19)
(-2.79771 3.45839 -2.07963e-18)
(-2.71923 3.5294 1.70216e-18)
(-2.6355 3.59366 2.0207e-18)
(-2.55109 3.64456 -1.12368e-18)
(-2.47269 3.67719 -2.13515e-18)
(-2.40758 3.68877 0)
(-2.36364 3.67706 1.25964e-19)
(-2.34992 3.64333 2.89846e-18)
(-2.37714 3.59474 -2.50823e-18)
(-2.46356 3.5035 6.88042e-19)
(-2.59415 3.29115 -6.45989e-20)
(-2.78249 3.58554 -4.40895e-19)
(-2.60991 3.2662 2.33326e-18)
(-2.53754 3.32707 -1.24287e-18)
(-2.46776 3.38333 2.22563e-18)
(-2.40389 3.43144 -1.22078e-18)
(-2.35051 3.4693 0)
(-2.31502 3.49555 0)
(-2.30256 3.50941 -1.06645e-18)
(-2.31978 3.514 -2.87955e-18)
(-2.38254 3.50977 1.66309e-18)
(-2.5064 3.49516 8.5327e-19)
(-2.69861 3.34506 -9.39069e-19)
(-3.01012 3.76652 0)
(-2.44386 3.07608 -1.84215e-19)
(-2.37726 3.13172 -5.2624e-18)
(-2.31783 3.18564 0)
(-2.26779 3.23628 2.46865e-18)
(-2.23047 3.28297 -2.49064e-18)
(-2.21078 3.32647 0)
(-2.21387 3.36835 -1.05724e-19)
(-2.24649 3.41002 -1.1685e-19)
(-2.3207 3.45443 0)
(-2.45733 3.50812 -1.87255e-18)
(-2.70664 3.44891 8.57595e-19)
(-3.12718 3.93268 -4.64699e-19)
(-2.28539 2.89418 -3.16098e-18)
(-2.22119 2.94804 8.59008e-18)
(-2.16739 3.00244 0)
(-2.12502 3.05745 -2.76316e-18)
(-2.09613 3.1141 2.76518e-18)
(-2.08427 3.17438 2.77458e-18)
(-2.09369 3.24103 -3.12684e-18)
(-2.13009 3.31698 -1.5003e-18)
(-2.20358 3.40573 0)
(-2.3333 3.51649 -1.27751e-18)
(-2.56911 3.54555 1.21716e-18)
(-3.07378 4.07256 0)
(-2.13528 2.71979 6.74609e-18)
(-2.07079 2.77294 -6.33868e-18)
(-2.01905 2.82819 6.47111e-18)
(-1.97969 2.88697 -6.23233e-18)
(-1.9534 2.95179 2.83697e-21)
(-1.94233 3.02588 3.09865e-18)
(-1.94985 3.11349 2.95748e-18)
(-1.98058 3.21971 0)
(-2.04289 3.3498 -1.85059e-18)
(-2.15543 3.51718 4.2106e-18)
(-2.374 3.63725 -1.19555e-18)
(-2.91345 4.17447 0)
(-1.99408 2.55181 3.82463e-18)
(-1.92684 2.60444 1.30521e-19)
(-1.87424 2.65979 -3.44235e-18)
(-1.83437 2.72038 0)
(-1.80623 2.78995 0)
(-1.79045 2.87273 0)
(-1.78909 2.97454 0)
(-1.8053 3.10243 -3.69829e-18)
(-1.8447 3.26463 1.75677e-18)
(-1.92329 3.47992 2.765e-19)
(-2.09915 3.69131 0)
(-2.59899 4.21866 0)
(-1.85931 2.38674 -4.33922e-18)
(-1.78882 2.43935 -1.2679e-17)
(-1.7342 2.49401 0)
(-1.69198 2.55416 4.25348e-18)
(-1.65949 2.62437 8.04291e-18)
(-1.63573 2.70944 0)
(-1.62074 2.81629 0)
(-1.61604 2.95369 1.67052e-18)
(-1.62295 3.1336 -6.16482e-18)
(-1.65333 3.38496 2.29599e-19)
(-1.75225 3.66704 0)
(-2.14023 4.19015 0)
(-1.72179 2.21765 -5.11488e-18)
(-1.6521 2.27284 -5.2585e-18)
(-1.59767 2.32754 9.51107e-18)
(-1.5541 2.38584 -1.33996e-17)
(-1.51739 2.45275 4.83396e-18)
(-1.48512 2.53313 8.9491e-18)
(-1.45493 2.63396 -2.28781e-18)
(-1.42615 2.76426 2.04594e-18)
(-1.3933 2.94106 4.19593e-18)
(-1.36189 3.20275 -4.68311e-18)
(-1.32945 3.52985 -1.80633e-18)
(-1.35801 4.03486 0)
(-1.56814 2.04261 -4.08201e-19)
(-1.50886 2.10401 9.05693e-18)
(-1.46121 2.16035 -9.00538e-18)
(-1.4207 2.21586 0)
(-1.38287 2.2754 -8.9685e-18)
(-1.34462 2.34323 -1.38776e-17)
(-1.30222 2.42574 -2.09036e-19)
(-1.25247 2.529 0)
(-1.18146 2.67421 0)
(-1.08223 2.88943 1.17112e-18)
(-0.882374 3.23056 1.71229e-20)
(-0.154364 3.58274 1.96043e-18)
(-0.0541285 2.26696 5.16511e-19)
(0.0418322 2.30633 2.06864e-18)
(0.245259 2.28746 5.47108e-20)
(0.459812 2.23526 0)
(0.677904 2.15382 4.7905e-18)
(0.88452 2.04549 -4.58666e-18)
(1.07662 1.92409 -1.34659e-17)
(1.25329 1.80207 -8.88675e-18)
(1.41278 1.68758 -2.27574e-20)
(1.55757 1.58754 -4.34536e-18)
(1.68095 1.50659 8.8106e-18)
(1.78888 1.44218 -8.61344e-18)
(-0.0490892 1.77644 0)
(0.0770128 1.72228 0)
(0.211906 1.68831 -1.98592e-18)
(0.360055 1.64638 3.90546e-18)
(0.525815 1.59737 -9.66043e-18)
(0.699651 1.53827 -5.7224e-18)
(0.876146 1.47334 7.61772e-18)
(1.05193 1.40897 1.90243e-17)
(1.22035 1.3493 -3.8438e-18)
(1.38162 1.30053 0)
(1.52163 1.2661 1.58289e-19)
(1.64843 1.24191 0)
(-0.112196 1.44784 -4.09163e-19)
(-0.00508621 1.39426 4.14679e-19)
(0.124808 1.35123 3.27521e-18)
(0.267463 1.30684 -3.55747e-20)
(0.424221 1.26398 3.3108e-18)
(0.591274 1.21968 8.66136e-20)
(0.765714 1.1761 0)
(0.944918 1.13729 -3.38182e-18)
(1.12263 1.1073 -3.44839e-18)
(1.29811 1.09089 1.072e-17)
(1.44839 1.08879 -1.09881e-17)
(1.58649 1.09589 7.76484e-18)
(-0.162616 1.18205 -7.36259e-19)
(-0.0577753 1.15792 1.46518e-18)
(0.0673364 1.13964 -1.49427e-20)
(0.207119 1.12163 -2.94998e-18)
(0.363796 1.10364 -5.86878e-18)
(0.53692 1.08511 4.55022e-20)
(0.725255 1.06715 -5.89904e-18)
(0.926185 1.05182 2.99935e-18)
(1.13199 1.04036 -3.05552e-18)
(1.33445 1.0364 -6.39921e-18)
(1.50045 1.03147 0)
(1.64195 1.0293 7.13151e-18)
(1.87404 1.39836 8.66661e-18)
(1.94234 1.35988 9.04647e-18)
(1.999 1.32622 0)
(2.04777 1.29373 0)
(2.09315 1.25892 4.44328e-18)
(2.13821 1.21874 -4.40169e-18)
(2.1896 1.17024 2.08774e-18)
(2.248 1.10882 6.49836e-18)
(2.33626 1.01828 0)
(2.43862 0.873628 0)
(2.64129 0.595935 5.81447e-19)
(2.46639 -0.061627 -1.43008e-18)
(1.74215 1.23508 -8.48817e-18)
(1.80999 1.22033 3.01001e-19)
(1.85663 1.20117 0)
(1.88624 1.17712 -4.25749e-18)
(1.90361 1.1471 -1.04664e-20)
(1.91166 1.10798 4.1724e-18)
(1.91875 1.05891 0)
(1.92421 0.994271 -4.10439e-18)
(1.95818 0.903648 0)
(1.98996 0.757274 -3.99389e-18)
(2.09882 0.544293 -1.93571e-18)
(1.98777 0.120308 -1.39361e-26)
(1.66805 1.11557 -2.75279e-19)
(1.70891 1.11474 -8.09209e-18)
(1.71581 1.09839 0)
(1.70351 1.07641 6.92516e-18)
(1.67531 1.04763 3.60497e-18)
(1.633 1.01161 -1.29497e-21)
(1.58746 0.966279 -9.19807e-18)
(1.5462 0.904142 1.09395e-17)
(1.54348 0.818258 -1.80496e-18)
(1.54765 0.677313 8.01896e-18)
(1.61411 0.512528 2.5145e-18)
(1.56873 0.22482 -4.15696e-19)
(1.65213 1.0229 2.43044e-17)
(1.62164 0.997148 0)
(1.55893 0.969452 0)
(1.46983 0.936937 -6.94846e-18)
(1.3625 0.90711 -7.35745e-18)
(1.25962 0.881162 7.13021e-18)
(1.17776 0.854733 1.36453e-17)
(1.12612 0.810989 -6.58698e-18)
(1.12638 0.743755 3.23364e-18)
(1.14838 0.621953 -3.17979e-18)
(1.21375 0.479373 -1.53267e-18)
(1.22939 0.273725 -3.68061e-19)
(2.26628 0.0541952 -1.03335e-18)
(2.30604 -0.0417349 0)
(2.28754 -0.245012 5.49433e-20)
(2.2358 -0.459379 0)
(2.15476 -0.677529 0)
(2.04663 -0.884265 4.58847e-18)
(1.92538 -1.0766 0)
(1.80337 -1.25352 8.71896e-18)
(1.68884 -1.41324 8.60157e-18)
(1.58872 -1.55826 8.7538e-18)
(1.50768 -1.68185 -4.36632e-18)
(1.44315 -1.78997 -4.52288e-18)
(1.77618 0.0489389 -4.91618e-19)
(1.72222 -0.0771335 -4.87343e-19)
(1.68838 -0.211768 -9.95445e-19)
(1.64664 -0.359741 0)
(1.59781 -0.525482 -1.92705e-18)
(1.53885 -0.699351 9.58839e-18)
(1.47401 -0.875964 0)
(1.40969 -1.05195 3.81007e-18)
(1.35006 -1.2206 -3.84599e-18)
(1.3013 -1.38211 -7.73567e-18)
(1.26687 -1.52234 -8.04215e-18)
(1.24264 -1.64936 8.04898e-18)
(1.44798 0.111986 -8.20374e-19)
(1.39451 0.00486536 1.23517e-18)
(1.35143 -0.124744 -2.46689e-18)
(1.30708 -0.267189 1.65723e-18)
(1.26424 -0.423871 0)
(1.21999 -0.590935 -1.31962e-17)
(1.17641 -0.765467 0)
(1.13763 -0.944847 6.70682e-18)
(1.10766 -1.12277 -3.41386e-18)
(1.09129 -1.29849 7.17833e-18)
(1.08923 -1.44899 3.66204e-18)
(1.09637 -1.5873 -7.76971e-18)
(1.18252 0.162356 1.10594e-18)
(1.15833 0.0575474 1.46601e-18)
(1.13991 -0.0672512 0)
(1.12187 -0.206815 0)
(1.10387 -0.363394 0)
(1.08536 -0.536524 1.17895e-17)
(1.06742 -0.724964 5.90174e-18)
(1.05212 -0.926097 -9.00192e-18)
(1.04069 -1.13216 9.25429e-18)
(1.03676 -1.33489 -6.40186e-18)
(1.03185 -1.50113 0)
(1.02969 -1.64284 6.93466e-18)
(1.39918 -1.87529 -9.00317e-18)
(1.36053 -1.94372 -9.05476e-18)
(1.32669 -2.0005 8.70997e-18)
(1.29402 -2.04936 -9.06484e-18)
(1.25901 -2.09479 0)
(1.21863 -2.13985 -8.98658e-18)
(1.16996 -2.19117 1.11102e-17)
(1.10838 -2.24947 -2.18314e-18)
(1.01775 -2.33755 4.33578e-18)
(0.873103 -2.43975 -1.12588e-18)
(0.595573 -2.6421 1.09604e-18)
(-0.0614722 -2.46724 -7.49829e-19)
(1.23573 -1.74327 8.2168e-18)
(1.2209 -1.81128 8.31116e-18)
(1.2016 -1.85806 0)
(1.1774 -1.88778 4.08892e-18)
(1.1472 -1.90519 8.45708e-18)
(1.10792 -1.91323 4.04061e-18)
(1.0587 -1.92024 -1.63958e-17)
(0.993946 -1.92562 -4.10478e-18)
(0.903249 -1.95942 -4.04529e-18)
(0.756894 -1.99107 -1.00376e-18)
(0.544017 -2.09973 9.64124e-19)
(0.120365 -1.98864 4.75577e-19)
(1.11601 -1.66908 0)
(1.11519 -1.71011 -1.25502e-17)
(1.0987 -1.71713 4.21435e-18)
(1.0766 -1.70489 3.53126e-18)
(1.04769 -1.67671 7.21415e-18)
(1.01155 -1.6344 -3.57544e-18)
(0.966112 -1.58881 9.0303e-18)
(0.903859 -1.5475 9.11704e-18)
(0.817925 -1.54468 1.79802e-18)
(0.677032 -1.54877 -1.77371e-18)
(0.512324 -1.61512 -4.2018e-19)
(0.22484 -1.56966 -6.08968e-21)
(1.02323 -1.65317 0)
(0.997446 -1.62275 -1.6498e-19)
(0.969679 -1.5601 0)
(0.937071 -1.47104 -1.40757e-17)
(0.907122 -1.3637 3.64416e-18)
(0.881074 -1.26084 -1.06783e-17)
(0.854548 -1.17901 0)
(0.810736 -1.12739 -6.58497e-18)
(0.743429 -1.12761 3.21744e-18)
(0.621668 -1.14954 -3.16254e-18)
(0.479176 -1.21479 -1.13542e-18)
(0.273712 -1.2303 -3.74854e-19)
(0.0542503 -2.26726 -1.03298e-18)
(-0.0418591 -2.30702 6.72727e-20)
(-0.245285 -2.28834 0)
(-0.459746 -2.2364 -2.39134e-18)
(-0.677901 -2.15515 4.79228e-18)
(-0.884633 -2.04688 -7.01433e-18)
(-1.0769 -1.92544 -1.08487e-19)
(-1.25375 -1.80331 8.82371e-18)
(-1.4134 -1.68867 -4.36782e-18)
(-1.55832 -1.58846 0)
(-1.68181 -1.50731 -1.73836e-17)
(-1.78982 -1.44271 2.82729e-19)
(0.0489981 -1.77722 9.86585e-19)
(-0.0771737 -1.72329 -5.14411e-19)
(-0.211935 -1.68941 3.94761e-18)
(-0.360031 -1.6476 -7.82946e-18)
(-0.525832 -1.59868 3.85838e-18)
(-0.69977 -1.5396 2.61675e-20)
(-0.876425 -1.47465 0)
(-1.05237 -1.41023 1.14233e-17)
(-1.22097 -1.35046 -3.84375e-18)
(-1.38239 -1.30155 0)
(-1.52254 -1.26697 7.87882e-18)
(-1.64944 -1.2426 -8.04347e-18)
(0.112023 -1.44898 -4.1245e-19)
(0.00479557 -1.39555 -5.11423e-21)
(-0.124932 -1.35247 -3.30085e-18)
(-0.2675 -1.30811 3.30333e-18)
(-0.42427 -1.26527 -3.31079e-18)
(-0.591397 -1.22096 9.89934e-18)
(-0.765983 -1.17737 9.93437e-18)
(-0.945357 -1.13851 -3.38187e-18)
(-1.12325 -1.10844 3.43112e-18)
(-1.29888 -1.09192 0)
(-1.4493 -1.08969 -7.44056e-18)
(-1.58747 -1.09662 0)
(0.162367 -1.18345 -1.47235e-18)
(0.0574687 -1.1593 -2.93374e-18)
(-0.0674534 -1.1409 2.92162e-18)
(-0.20714 -1.12287 -1.45312e-18)
(-0.36382 -1.10487 2.93166e-18)
(-0.537019 -1.08633 -1.03076e-17)
(-0.725493 -1.06835 -5.92934e-18)
(-0.926591 -1.05298 5.98698e-18)
(-1.13256 -1.04144 -9.21523e-18)
(-1.33514 -1.03738 0)
(-1.50125 -1.03231 6.72685e-18)
(-1.64277 -1.02999 -1.40626e-17)
(-1.87503 -1.39871 1.34254e-17)
(-1.94336 -1.36006 -4.43116e-18)
(-2.00003 -1.32629 0)
(-2.04878 -1.29371 -8.69214e-18)
(-2.09414 -1.25881 0)
(-2.13915 -1.21859 0)
(-2.19047 -1.17008 -4.29263e-18)
(-2.24879 -1.10866 0)
(-2.33694 -1.01817 0)
(-2.43923 -0.873608 -3.69425e-20)
(-2.64174 -0.595997 2.21991e-18)
(-2.46686 0.0613458 1.4997e-18)
(-1.74323 -1.23558 -8.21094e-18)
(-1.81112 -1.22068 0)
(-1.85778 -1.20139 0)
(-1.88737 -1.17723 -4.25747e-18)
(-1.9047 -1.14711 4.2204e-18)
(-1.91269 -1.10794 0)
(-1.91968 -1.05884 -6.24615e-18)
(-1.92505 -0.994207 -2.02294e-18)
(-1.9589 -0.903617 0)
(-1.99062 -0.757332 -1.0067e-18)
(-2.09937 -0.544413 -2.42164e-18)
(-1.98829 -0.120584 -4.76869e-19)
(-1.66913 -1.11612 8.07965e-18)
(-1.71004 -1.11513 -4.1342e-18)
(-1.71696 -1.09866 -8.63511e-18)
(-1.70466 -1.07659 3.39338e-18)
(-1.67641 -1.04772 -7.33941e-18)
(-1.63403 -1.01165 0)
(-1.58839 -0.966288 1.45806e-17)
(-1.54704 -0.904135 0)
(-1.54422 -0.818282 1.82201e-18)
(-1.54833 -0.677424 8.98434e-19)
(-1.61474 -0.512685 1.25834e-18)
(-1.56931 -0.225087 -4.01166e-21)
(-1.65307 -1.02338 -7.98118e-18)
(-1.62265 -0.997525 0)
(-1.55997 -0.969719 6.84363e-18)
(-1.47089 -0.937114 -1.0663e-17)
(-1.36351 -0.907212 1.81961e-17)
(-1.26057 -0.881221 -7.12867e-18)
(-1.17864 -0.854769 -1.36421e-17)
(-1.12694 -0.811028 0)
(-1.12711 -0.743796 0)
(-1.14905 -0.622053 0)
(-1.21438 -0.479534 -1.51481e-18)
(-1.22996 -0.273968 -1.12487e-18)
(-2.26673 -0.0543803 -5.07122e-20)
(-2.3064 0.0416651 5.35738e-19)
(-2.28775 0.245015 0)
(-2.2359 0.459451 4.89321e-18)
(-2.15474 0.677621 -2.34385e-18)
(-2.04656 0.884392 -6.92429e-18)
(-1.92519 1.07671 -4.4854e-18)
(-1.80314 1.25361 4.43277e-18)
(-1.68857 1.41331 8.59814e-18)
(-1.58842 1.55828 8.75072e-18)
(-1.50734 1.68182 -8.81427e-18)
(-1.44279 1.78988 -8.61794e-18)
(-1.77674 -0.0491348 -1.52486e-26)
(-1.72275 0.0769969 1.97598e-18)
(-1.68884 0.211708 3.94758e-18)
(-1.64704 0.359783 0)
(-1.59816 0.525586 3.85852e-18)
(-1.53912 0.699545 0)
(-1.47422 0.876228 3.80191e-18)
(-1.40986 1.05221 -2.04161e-20)
(-1.35016 1.22084 -1.1529e-17)
(-1.30132 1.3823 -7.73294e-18)
(-1.26682 1.52247 7.88106e-18)
(-1.24251 1.64942 8.26291e-18)
(-1.44858 -0.112202 4.10804e-19)
(-1.39509 -0.00499417 -4.10709e-18)
(-1.35199 0.124712 -5.74872e-18)
(-1.30763 0.26727 -1.63708e-18)
(-1.26479 0.424053 -9.83045e-18)
(-1.22049 0.591207 4.92299e-18)
(-1.17692 0.765822 2.16279e-20)
(-1.13809 0.945226 3.38242e-18)
(-1.10807 1.12313 1.74687e-20)
(-1.09161 1.29879 0)
(-1.08944 1.44922 0)
(-1.09644 1.58744 1.9672e-19)
(-1.18312 -0.162564 3.67196e-19)
(-1.15895 -0.0576687 1.46875e-18)
(-1.14054 0.0672378 2.93666e-18)
(-1.12251 0.206927 -2.93107e-18)
(-1.10451 0.363628 1.17833e-17)
(-1.08598 0.536867 -5.91557e-18)
(-1.06802 0.725385 0)
(-1.05267 0.926529 5.98386e-18)
(-1.04116 1.13253 6.16032e-18)
(-1.03712 1.33513 0)
(-1.03209 1.50126 0)
(-1.02981 1.64286 -2.09986e-17)
(-1.39883 1.87513 8.67189e-18)
(-1.36021 1.9435 -9.05268e-18)
(-1.32642 2.0002 -1.35284e-17)
(-1.29381 2.04899 -1.42413e-20)
(-1.25885 2.09437 9.0187e-18)
(-1.21854 2.13938 2.20399e-17)
(-1.16992 2.1907 4.29622e-18)
(-1.10841 2.24898 -4.45835e-18)
(-1.01783 2.33706 0)
(-0.873214 2.43922 -3.70091e-20)
(-0.595709 2.64165 0)
(0.0614689 2.46685 -7.49972e-19)
(-1.23557 1.74325 0)
(-1.22071 1.81117 -3.01201e-19)
(-1.20143 1.85786 8.3548e-18)
(-1.17725 1.88748 -1.29177e-17)
(-1.14709 1.90482 -1.26706e-17)
(-1.10785 1.9128 -8.21501e-18)
(-1.05867 1.91976 1.03765e-17)
(-0.993956 1.92504 6.09552e-18)
(-0.903307 1.95879 -4.04648e-18)
(-0.756974 1.99035 1.98259e-18)
(-0.544119 2.09898 0)
(-0.120245 1.98805 0)
(-1.11603 1.66913 -8.0823e-18)
(-1.11509 1.71004 3.97864e-18)
(-1.09865 1.71695 -4.40828e-18)
(-1.07656 1.70464 3.28306e-18)
(-1.04765 1.67637 1.07045e-17)
(-1.01152 1.63393 0)
(-0.966095 1.58819 1.7493e-19)
(-0.903878 1.54669 -3.60566e-18)
(-0.817986 1.54374 -2.39907e-20)
(-0.677094 1.5477 -3.555e-18)
(-0.512376 1.61402 4.20367e-19)
(-0.224724 1.56872 -4.19611e-19)
(-1.02326 1.65312 -8.34255e-18)
(-0.99742 1.62264 0)
(-0.969606 1.55988 6.84545e-18)
(-0.936976 1.47069 -1.0666e-17)
(-0.907035 1.36317 3.66025e-18)
(-0.881008 1.26007 0)
(-0.854519 1.17798 1.2432e-19)
(-0.810757 1.12612 6.66715e-18)
(-0.743504 1.12619 3.21822e-18)
(-0.621756 1.14805 1.54305e-20)
(-0.479206 1.21338 0)
(-0.273614 1.22904 7.46544e-19)
(-0.158289 0.994032 1.05867e-18)
(-0.0483678 1.01514 1.27511e-20)
(0.0882048 1.04009 -4.35881e-18)
(0.246361 1.06687 0)
(0.428338 1.09386 6.81839e-18)
(0.63258 1.11761 1.62123e-17)
(0.855405 1.13631 2.33617e-17)
(1.0874 1.14782 0)
(1.31109 1.14922 0)
(1.49946 1.13468 -4.44017e-18)
(1.60139 1.10009 3.84098e-18)
(1.61688 1.06266 -1.72577e-17)
(-0.147382 0.897873 -5.27653e-19)
(-0.0299493 0.949228 1.63621e-18)
(0.114245 1.004 -5.57058e-18)
(0.285068 1.06058 0)
(0.483945 1.11546 9.49688e-18)
(0.708205 1.1635 -9.67538e-18)
(0.949846 1.19895 -4.94066e-18)
(1.19082 1.21479 7.79062e-21)
(1.40213 1.20192 -4.42075e-18)
(1.53093 1.156 0)
(1.56632 1.09153 0)
(1.48939 1.02225 1.9915e-17)
(-0.113713 0.850024 0)
(0.0128942 0.917965 -2.16767e-18)
(0.166927 0.988263 4.46573e-18)
(0.349643 1.05861 2.31463e-18)
(0.560208 1.12391 -1.44584e-17)
(0.792412 1.17715 7.53159e-18)
(1.03208 1.21053 -1.52884e-17)
(1.2529 1.21299 4.73866e-18)
(1.41377 1.17752 2.24347e-20)
(1.48045 1.11829 4.8626e-20)
(1.43625 1.03174 -2.63542e-17)
(1.27812 0.964662 -2.35659e-17)
(-0.0732453 0.823416 0)
(0.0613642 0.897876 4.38158e-18)
(0.223187 0.972586 0)
(0.413273 1.04436 9.47612e-18)
(0.627703 1.10673 0)
(0.855955 1.15206 5.18643e-18)
(1.07811 1.17194 2.03865e-17)
(1.26106 1.15543 -4.61828e-18)
(1.35975 1.10328 0)
(1.35764 1.01331 0)
(1.21785 0.899284 -6.71824e-18)
(1.01672 0.844647 7.33785e-18)
(1.45374 0.996051 -2.07654e-17)
(1.29271 0.890074 -5.52237e-18)
(1.138 0.83994 2.8528e-17)
(0.991198 0.800715 -1.68828e-17)
(0.872449 0.781809 2.17189e-17)
(0.79211 0.770332 -2.08406e-17)
(0.758272 0.756118 -2.48714e-17)
(0.770636 0.719311 0)
(0.825319 0.650186 -4.55633e-18)
(0.895026 0.534337 0)
(0.968231 0.401582 0)
(0.997737 0.249606 -1.05784e-18)
(1.19258 0.933819 0)
(0.997247 0.772708 0)
(0.839461 0.714647 -2.17499e-17)
(0.702253 0.678148 5.29149e-18)
(0.608654 0.668529 5.0036e-18)
(0.561032 0.668801 1.21552e-20)
(0.558866 0.665373 1.15663e-17)
(0.59903 0.640209 6.70763e-18)
(0.670035 0.583905 0)
(0.749585 0.487976 0)
(0.82236 0.374117 -5.23337e-19)
(0.867013 0.24597 2.62936e-18)
(0.886211 0.908816 0)
(0.716827 0.696518 -5.57334e-18)
(0.597684 0.642639 -1.5784e-17)
(0.497006 0.615616 2.00729e-17)
(0.439958 0.611182 1.82148e-17)
(0.42462 0.612833 4.38162e-18)
(0.447409 0.607674 -6.64576e-18)
(0.504463 0.58097 -6.46227e-18)
(0.58327 0.525623 8.48294e-18)
(0.666047 0.437984 0)
(0.740454 0.334147 5.20132e-19)
(0.797532 0.218582 1.57893e-18)
(0.55535 0.873793 -3.54364e-17)
(0.472154 0.617181 -2.37865e-17)
(0.410394 0.575298 2.10206e-17)
(0.355317 0.564965 -2.34608e-17)
(0.333928 0.566107 4.48467e-18)
(0.342542 0.56783 0)
(0.383293 0.559921 -2.18083e-18)
(0.450394 0.530751 9.3085e-21)
(0.53286 0.475647 -6.28677e-18)
(0.616837 0.393284 0)
(0.693482 0.295183 -3.66063e-18)
(0.759228 0.184731 -4.74137e-18)
(0.994633 0.157996 -2.12396e-18)
(1.01557 0.0482943 -2.14364e-18)
(1.04039 -0.0880109 0)
(1.06719 -0.246033 0)
(1.09424 -0.42802 6.91199e-18)
(1.11807 -0.632369 -6.88591e-18)
(1.13685 -0.855406 9.85262e-20)
(1.1484 -1.08768 1.41543e-17)
(1.14981 -1.31164 -4.59886e-18)
(1.13525 -1.50023 4.44079e-18)
(1.10059 -1.60227 -1.94007e-17)
(1.0631 -1.61782 0)
(0.898559 0.147168 1.58709e-18)
(0.949777 0.0299217 1.62825e-18)
(1.00446 -0.114088 -4.45925e-18)
(1.06111 -0.284835 -2.27338e-18)
(1.11608 -0.483758 -6.99797e-18)
(1.16423 -0.708165 0)
(1.19977 -0.950056 -1.49914e-17)
(1.21565 -1.1913 -5.05826e-18)
(1.20273 -1.40281 -8.80682e-18)
(1.15669 -1.53175 0)
(1.09207 -1.56717 1.88696e-17)
(1.02269 -1.49028 0)
(0.85082 0.113563 1.06739e-18)
(0.918677 -0.0128812 -4.3531e-18)
(0.988906 -0.166811 4.46931e-18)
(1.05933 -0.349512 2.31636e-18)
(1.12473 -0.560163 -4.84371e-18)
(1.17807 -0.792549 2.52593e-18)
(1.21152 -1.03246 0)
(1.21396 -1.25347 4.65925e-18)
(1.1784 -1.41447 4.14525e-18)
(1.11902 -1.48123 4.87818e-18)
(1.03232 -1.43705 -2.63351e-17)
(0.965095 -1.27894 0)
(0.824285 0.0731651 -2.13629e-18)
(0.898716 -0.0613226 6.56489e-18)
(0.973365 -0.223109 0)
(1.04523 -0.413229 -9.48135e-18)
(1.10767 -0.627771 0)
(1.15309 -0.856214 -5.18903e-18)
(1.17299 -1.07857 -5.12656e-18)
(1.15643 -1.26164 2.30958e-17)
(1.10417 -1.36041 7.71003e-21)
(1.01403 -1.35832 -5.74428e-18)
(0.899831 -1.21856 2.69157e-17)
(0.845044 -1.01748 -2.90843e-17)
(0.996374 -1.45472 0)
(0.890312 -1.29374 -1.09485e-17)
(0.840096 -1.13911 0)
(0.800788 -0.992355 5.57165e-18)
(0.781789 -0.873649 5.45016e-18)
(0.770212 -0.793335 2.5975e-17)
(0.755909 -0.759456 7.4361e-18)
(0.719045 -0.771761 -2.38956e-18)
(0.64993 -0.826354 4.57668e-18)
(0.534168 -0.895905 -1.35646e-20)
(0.401551 -0.968985 2.12992e-18)
(0.249696 -0.998453 0)
(0.934129 -1.19348 5.52555e-18)
(0.77291 -0.998233 -1.08896e-17)
(0.714779 -0.840514 5.38553e-18)
(0.678201 -0.703331 0)
(0.668495 -0.609731 9.9863e-18)
(0.668669 -0.562052 -9.57214e-18)
(0.665156 -0.559813 -1.84909e-17)
(0.639936 -0.599866 0)
(0.583632 -0.670742 -4.3244e-18)
(0.487775 -0.750156 -2.02495e-20)
(0.374038 -0.822838 -5.2248e-19)
(0.246006 -0.867489 5.27531e-19)
(0.909095 -0.887053 0)
(0.696653 -0.717746 -3.68691e-20)
(0.642708 -0.598629 -2.09801e-17)
(0.615608 -0.497923 2.00405e-17)
(0.611088 -0.440808 -9.09415e-18)
(0.612659 -0.425386 -4.35852e-18)
(0.607428 -0.448064 1.10742e-17)
(0.58069 -0.504988 8.63879e-18)
(0.525357 -0.583663 2.12024e-18)
(0.437794 -0.666318 4.17506e-18)
(0.33407 -0.740659 0)
(0.218602 -0.797749 1.05183e-18)
(0.874057 -0.556113 -3.541e-17)
(0.617246 -0.47295 1.76435e-17)
(0.575301 -0.411179 4.72543e-17)
(0.564897 -0.356037 -2.34352e-17)
(0.56597 -0.334544 -1.34088e-17)
(0.567624 -0.343054 -1.34197e-17)
(0.559662 -0.383682 -4.3452e-18)
(0.530471 -0.450651 -8.49285e-18)
(0.475389 -0.532988 0)
(0.393099 -0.616864 1.0382e-18)
(0.295101 -0.693452 -1.04586e-18)
(0.184744 -0.759201 -2.10372e-18)
(0.15804 -0.995405 2.11623e-18)
(0.0482348 -1.01638 2.14054e-18)
(-0.0881754 -1.04122 -4.35752e-18)
(-0.246293 -1.068 0)
(-0.428328 -1.095 2.25991e-18)
(-0.632677 -1.11876 6.97331e-18)
(-0.855647 -1.13744 0)
(-1.08778 -1.14887 9.50041e-18)
(-1.31156 -1.15015 0)
(-1.49998 -1.13546 2.2034e-17)
(-1.60196 -1.1007 -7.78542e-18)
(-1.6175 -1.06315 2.15062e-17)
(0.147198 -0.899094 -5.27448e-19)
(0.029891 -0.950342 2.71369e-18)
(-0.114194 -1.00502 -4.45404e-18)
(-0.284995 -1.06162 -6.91342e-18)
(-0.483922 -1.11651 -2.56494e-20)
(-0.708264 -1.16455 -1.21267e-17)
(-0.950007 -1.19996 -1.51325e-17)
(-1.19106 -1.21571 -1.49642e-17)
(-1.40238 -1.20269 -1.78274e-17)
(-1.53125 -1.15662 -1.79238e-17)
(-1.56667 -1.09198 0)
(-1.4898 -1.02257 0)
(0.113603 -0.851078 2.13195e-18)
(-0.0128674 -0.918953 -3.24892e-18)
(-0.166833 -0.989169 5.59195e-18)
(-0.349548 -1.05954 -8.9315e-20)
(-0.560152 -1.12484 9.72427e-18)
(-0.792413 -1.17807 5.09515e-18)
(-1.03214 -1.2114 1.51618e-17)
(-1.25298 -1.21375 3.31448e-17)
(-1.41389 -1.17819 1.23743e-17)
(-1.48063 -1.1188 -1.94103e-17)
(-1.43643 -1.03209 0)
(-1.27845 -0.964845 0)
(0.0732188 -0.824286 -4.26764e-18)
(-0.061262 -0.898721 1.08749e-18)
(-0.223047 -0.973344 -1.1363e-18)
(-0.413137 -1.04514 1.17471e-17)
(-0.627587 -1.10749 -1.2284e-17)
(-0.855868 -1.1528 -5.00885e-18)
(-1.07805 -1.17262 2.5787e-20)
(-1.26101 -1.15605 4.75869e-18)
(-1.35973 -1.1038 -2.13792e-17)
(-1.35765 -1.01372 2.30008e-17)
(-1.21799 -0.899576 -2.68817e-17)
(-1.01706 -0.844736 0)
(-1.45454 -0.99637 -2.07654e-17)
(-1.29366 -0.89034 -5.51929e-18)
(-1.139 -0.840139 5.69714e-18)
(-0.992174 -0.800857 -5.66664e-18)
(-0.873357 -0.7819 -5.3655e-18)
(-0.792924 -0.770385 -5.81691e-20)
(-0.758981 -0.756155 1.2374e-17)
(-0.771262 -0.719355 -2.39122e-18)
(-0.825879 -0.650267 0)
(-0.895526 -0.534489 0)
(-0.968713 -0.401808 2.13137e-18)
(-0.998241 -0.249877 2.11751e-18)
(-1.19329 -0.933998 4.40227e-17)
(-0.998091 -0.772881 0)
(-0.840322 -0.714792 0)
(-0.70306 -0.678253 1.0538e-17)
(-0.609368 -0.668594 -5.00219e-18)
(-0.561628 -0.668831 4.78908e-18)
(-0.559371 -0.665385 0)
(-0.599457 -0.640224 -6.71552e-18)
(-0.670409 -0.583947 -2.17711e-18)
(-0.749928 -0.488077 4.25964e-18)
(-0.822714 -0.374285 -2.62527e-18)
(-0.867423 -0.246179 -5.21696e-19)
(-0.886878 -0.90882 -2.50303e-17)
(-0.717562 -0.696563 1.66584e-17)
(-0.598387 -0.642701 5.22204e-18)
(-0.497621 -0.615665 5.0132e-18)
(-0.440455 -0.611208 4.55378e-18)
(-0.425018 -0.612835 0)
(-0.447718 -0.607661 2.21121e-18)
(-0.504707 -0.580961 4.30613e-18)
(-0.583477 -0.52564 2.12249e-18)
(-0.666245 -0.438054 -4.17903e-18)
(-0.740681 -0.334276 2.08255e-18)
(-0.797827 -0.218744 -1.05267e-18)
(-0.555974 -0.873673 3.54206e-17)
(-0.472766 -0.617111 -2.3576e-17)
(-0.410935 -0.575285 -5.25866e-18)
(-0.355751 -0.564962 -4.35215e-21)
(-0.334245 -0.566101 -1.34233e-17)
(-0.342765 -0.567809 -4.46728e-18)
(-0.38344 -0.559888 1.30451e-17)
(-0.45049 -0.530719 0)
(-0.53293 -0.475637 8.40469e-18)
(-0.616911 -0.393319 0)
(-0.693593 -0.295269 -4.17859e-18)
(-0.759405 -0.184849 2.1055e-18)
(-0.995198 -0.158193 1.06742e-18)
(-1.01617 -0.0483923 0)
(-1.04101 0.088025 4.39001e-18)
(-1.06781 0.246167 4.46646e-18)
(-1.09484 0.428255 -9.08189e-18)
(-1.11862 0.63267 4.70346e-18)
(-1.13732 0.855705 9.41592e-18)
(-1.14877 1.08789 3.75379e-20)
(-1.15005 1.3117 4.77347e-18)
(-1.13536 1.50013 -1.31595e-17)
(-1.10061 1.60209 -3.84051e-18)
(-1.06305 1.61759 1.72582e-17)
(-0.89904 -0.147333 -1.58826e-18)
(-0.9503 -0.0300076 -5.44165e-19)
(-1.005 0.1141 -4.41255e-18)
(-1.06164 0.284946 0)
(-1.11657 0.48394 -1.18499e-17)
(-1.16464 0.708363 -7.22632e-18)
(-1.20006 0.950184 1.57669e-19)
(-1.21581 1.19129 5.00932e-18)
(-1.20276 1.40261 -1.32261e-17)
(-1.15664 1.53142 1.7934e-17)
(-1.09192 1.56679 0)
(-1.02248 1.48979 1.99131e-17)
(-0.851187 -0.113696 -2.66315e-18)
(-0.919089 0.0128078 5.46793e-19)
(-0.989337 0.166815 0)
(-1.05975 0.349585 -9.34953e-18)
(-1.12509 0.560266 1.20324e-17)
(-1.17833 0.792608 1.25945e-17)
(-1.21165 1.0324 -1.51669e-17)
(-1.21395 1.25325 -1.90107e-17)
(-1.17833 1.41409 -1.66674e-17)
(-1.11884 1.48077 2.4304e-17)
(-1.03205 1.43644 -5.24024e-18)
(-0.964754 1.27827 -4.6959e-17)
(-0.824528 -0.0732696 3.73941e-18)
(-0.899002 0.061258 5.48941e-19)
(-0.973669 0.223097 0)
(-1.04551 0.413252 1.17546e-17)
(-1.10789 0.627778 -2.06992e-20)
(-1.1532 0.856129 -2.47502e-18)
(-1.17297 1.07833 0)
(-1.15633 1.26126 4.4683e-18)
(-1.10397 1.35989 1.59621e-17)
(-1.01374 1.35764 1.27683e-20)
(-0.899489 1.21781 2.68868e-17)
(-0.844646 1.01668 5.86634e-17)
(-0.996246 1.45442 2.07639e-17)
(-0.890132 1.2933 5.52207e-18)
(-0.839874 1.13843 -5.70046e-18)
(-0.800557 0.991428 1.12112e-17)
(-0.781581 0.872454 0)
(-0.770056 0.791902 1.56302e-17)
(-0.755822 0.757877 -2.23783e-17)
(-0.719014 0.770102 -1.18687e-17)
(-0.649916 0.824696 0)
(-0.534113 0.894359 4.41484e-18)
(-0.401392 0.967635 0)
(-0.249605 0.997104 -1.05973e-18)
(-0.933858 1.19294 0)
(-0.772642 0.997498 0)
(-0.714477 0.83953 0)
(-0.677912 0.702121 -5.25325e-18)
(-0.668249 0.608317 9.30466e-21)
(-0.66849 0.560492 -4.78984e-18)
(-0.66505 0.558177 9.25031e-18)
(-0.639887 0.598221 -8.93982e-18)
(-0.583591 0.66916 0)
(-0.487692 0.748697 3.20012e-18)
(-0.373867 0.821549 1.57612e-18)
(-0.245904 0.86617 -5.27859e-19)
(-0.908719 0.88635 0)
(-0.696387 0.716838 1.66694e-17)
(-0.642441 0.597519 -3.00662e-20)
(-0.615381 0.496662 -5.85693e-21)
(-0.610921 0.439424 4.55017e-18)
(-0.612554 0.423929 4.38233e-18)
(-0.607377 0.446573 6.6485e-18)
(-0.580662 0.503515 4.30385e-18)
(-0.525303 0.582259 2.12139e-18)
(-0.43767 0.66501 -4.17737e-18)
(-0.333861 0.739477 -2.08847e-18)
(-0.218484 0.7965 0)
(-0.873607 0.555308 8.73786e-18)
(-0.617024 0.472019 -5.7131e-18)
(-0.575118 0.410103 0)
(-0.564771 0.354882 0)
(-0.565907 0.333325 -4.46846e-18)
(-0.567619 0.341797 7.30183e-22)
(-0.559687 0.382414 -1.30362e-17)
(-0.530489 0.449408 0)
(-0.475351 0.531801 -8.39783e-18)
(-0.39297 0.615739 0)
(-0.29488 0.692416 -2.09331e-18)
(-0.184595 0.758062 0)
(-0.0318579 0.801412 -1.0731e-18)
(0.108155 0.874274 -4.37212e-18)
(0.273971 0.944094 0)
(0.465316 1.00708 -9.49917e-18)
(0.674701 1.05587 -2.48488e-18)
(0.887838 1.08361 -1.29181e-17)
(1.0798 1.08224 5.11421e-18)
(1.20315 1.04347 0)
(1.23325 0.963002 0)
(1.12645 0.849785 7.189e-18)
(0.824476 0.664872 3.00467e-17)
(0.414627 0.493442 0)
(0.00653493 0.774718 1.07357e-18)
(0.148498 0.83931 0)
(0.313674 0.896527 -9.14169e-18)
(0.499647 0.942197 2.38356e-18)
(0.695242 0.968844 -2.51372e-18)
(0.88288 0.971016 1.57742e-17)
(1.02795 0.940791 1.08432e-17)
(1.08903 0.880088 -6.28746e-18)
(1.03015 0.784119 0)
(0.799787 0.66466 0)
(0.295433 0.462833 0)
(-0.234254 0.442258 0)
(0.03902 0.739115 -1.08271e-18)
(0.179036 0.79036 -5.49253e-18)
(0.338619 0.829199 1.02248e-17)
(0.512832 0.851351 0)
(0.687057 0.850359 0)
(0.840667 0.822225 -4.67552e-17)
(0.933263 0.766554 2.86877e-17)
(0.931867 0.686464 0)
(0.787517 0.590354 -7.73954e-18)
(0.465768 0.4965 2.12937e-17)
(-0.0158444 0.37941 -1.96086e-17)
(-0.340408 0.411812 0)
(0.0637684 0.693905 1.08941e-18)
(0.197951 0.728431 4.39445e-18)
(0.347264 0.745369 -9.08028e-18)
(0.504297 0.740615 7.10034e-18)
(0.651746 0.710009 -7.33463e-18)
(0.766028 0.652287 -5.25038e-18)
(0.810862 0.572153 -4.08584e-17)
(0.749893 0.483998 -6.77079e-18)
(0.547821 0.402639 8.43217e-18)
(0.20654 0.36092 4.56628e-17)
(-0.158843 0.373585 0)
(-0.389921 0.443175 0)
(0.08 0.640561 0)
(0.204858 0.656759 0)
(0.339998 0.650552 9.04221e-18)
(0.476056 0.618373 -9.32661e-18)
(0.594224 0.55906 -1.20012e-17)
(0.670189 0.474666 4.88493e-17)
(0.670825 0.376768 1.14187e-17)
(0.566793 0.287947 3.31577e-17)
(0.339387 0.23156 0)
(0.0291821 0.2431 -4.20494e-17)
(-0.25055 0.332335 -6.91211e-17)
(-0.44674 0.421887 0)
(0.0877834 0.581694 0)
(0.200465 0.579541 1.12548e-18)
(0.318595 0.550957 -1.14293e-18)
(0.431575 0.493124 2.31641e-18)
(0.520202 0.408095 3.55489e-17)
(0.561001 0.301599 -2.51749e-17)
(0.526403 0.191421 5.58829e-18)
(0.395978 0.10722 -2.5528e-17)
(0.167694 0.0780866 -7.70323e-18)
(-0.100854 0.133316 9.84655e-18)
(-0.327271 0.265809 6.18443e-17)
(-0.46961 0.392511 0)
(0.0878331 0.520184 0)
(0.186231 0.500962 1.16766e-18)
(0.285601 0.452188 -1.17189e-18)
(0.374812 0.371846 0)
(0.435278 0.264984 -2.14369e-17)
(0.445759 0.14101 -2.4517e-18)
(0.385376 0.0224152 -1.09213e-17)
(0.242622 -0.0560384 -3.11213e-17)
(0.026616 -0.0632895 2.98655e-17)
(-0.201976 0.0218271 0)
(-0.385487 0.182117 1.19932e-16)
(-0.470658 0.335057 0)
(0.0812477 0.458635 0)
(0.163947 0.424571 1.2509e-18)
(0.243693 0.358684 8.66243e-18)
(0.309434 0.259665 2.46111e-18)
(0.344069 0.134997 1.7333e-17)
(0.329406 -0.00272093 -5.11185e-18)
(0.251398 -0.127995 2.78119e-17)
(0.106124 -0.202968 5.01835e-17)
(-0.0920042 -0.196985 3.02715e-17)
(-0.282901 -0.0949358 9.98785e-18)
(-0.423625 0.0856558 -1.53069e-17)
(-0.447231 0.268246 0)
(0.0692773 0.398893 0)
(0.135393 0.352869 0)
(0.195195 0.273431 -1.10999e-17)
(0.238264 0.159733 0)
(0.249609 0.0210163 3.52931e-20)
(0.214385 -0.127919 -5.57999e-18)
(0.124905 -0.259939 6.06508e-18)
(-0.016828 -0.335679 -2.70144e-17)
(-0.194996 -0.325424 -8.07316e-18)
(-0.34877 -0.217404 9.87054e-17)
(-0.4431 -0.0212626 -1.38985e-16)
(-0.404442 0.1861 1.87157e-16)
(0.053504 0.341445 0)
(0.10269 0.286694 7.30955e-18)
(0.142709 0.197341 -1.41028e-17)
(0.164063 0.0727293 3.43197e-18)
(0.154284 -0.0768864 -3.39846e-17)
(0.101783 -0.235736 2.45196e-17)
(0.00473934 -0.375686 -2.95587e-17)
(-0.130388 -0.457145 8.19501e-18)
(-0.287913 -0.450574 -7.61367e-17)
(-0.403405 -0.344504 -8.88155e-17)
(-0.446596 -0.135229 -2.12352e-17)
(-0.343226 0.0950307 -2.32602e-16)
(0.0371489 0.283017 0)
(0.0705047 0.222451 -3.75932e-17)
(0.0926877 0.126204 2.39319e-17)
(0.0941859 -0.00636294 0)
(0.0646047 -0.164658 -5.66771e-18)
(-0.00434859 -0.333238 -2.83091e-17)
(-0.108051 -0.481965 -4.47975e-17)
(-0.239237 -0.573528 -2.27462e-17)
(-0.37425 -0.57642 1.29005e-16)
(-0.447391 -0.473016 1.15878e-16)
(-0.429013 -0.263514 0)
(-0.265925 -0.0149315 0)
(0.023142 0.203492 -1.86816e-17)
(0.0413338 0.139576 -5.8275e-20)
(0.0477446 0.0399179 0)
(0.0324354 -0.0955678 1.80253e-17)
(-0.0134344 -0.25807 -1.45688e-17)
(-0.0947572 -0.437199 -1.21911e-16)
(-0.199123 -0.591709 3.67057e-16)
(-0.319873 -0.712888 0)
(-0.429191 -0.69542 -2.38828e-16)
(-0.429878 -0.575545 -1.94571e-16)
(-0.375699 -0.387582 -2.47255e-16)
(-0.218281 -0.104517 7.07502e-16)
(0.182442 0.540113 7.95125e-17)
(0.280965 0.482575 2.73841e-17)
(0.270514 0.496321 -2.13839e-17)
(0.258171 0.513036 0)
(0.262679 0.523404 -2.30804e-17)
(0.290913 0.526594 -1.336e-17)
(0.344393 0.516534 1.08422e-17)
(0.41784 0.485562 6.39903e-18)
(0.501979 0.430804 0)
(0.58605 0.352062 1.04534e-18)
(0.663724 0.257352 3.13994e-18)
(0.733499 0.148744 2.11247e-18)
(0.194957 0.17949 1.55972e-16)
(0.187484 0.348394 -8.01421e-18)
(0.180905 0.418548 2.79152e-17)
(0.191195 0.460043 0)
(0.213885 0.480646 0)
(0.256174 0.486339 2.25197e-17)
(0.31855 0.475262 1.3202e-17)
(0.395988 0.443342 -1.08007e-17)
(0.480517 0.389217 2.14108e-18)
(0.563534 0.313241 9.55455e-18)
(0.640185 0.220927 -1.06286e-18)
(0.709478 0.113403 1.06623e-18)
(0.213354 0.0255439 -1.82533e-16)
(0.134607 0.234133 0)
(0.125156 0.347309 0)
(0.144523 0.407288 0)
(0.178466 0.437292 0)
(0.230358 0.445905 2.31622e-17)
(0.298787 0.434848 -4.29184e-17)
(0.378511 0.402904 1.10878e-17)
(0.462361 0.349944 0)
(0.543101 0.276633 -8.64442e-18)
(0.616552 0.186795 -3.76984e-18)
(0.681494 0.0810454 -1.61367e-18)
(0.221298 -0.0664447 1.86042e-16)
(0.102411 0.148356 4.65846e-17)
(0.0880202 0.283133 -3.09093e-17)
(0.109534 0.355218 2.13634e-17)
(0.150293 0.39303 0)
(0.208555 0.404721 4.83724e-18)
(0.280977 0.394589 1.6423e-17)
(0.361725 0.363578 -1.37711e-17)
(0.444011 0.312548 2.25842e-18)
(0.521333 0.242385 -1.10793e-18)
(0.589691 0.155821 5.4922e-18)
(0.647343 0.0533275 0)
(0.220839 -0.126294 -3.59646e-19)
(0.078402 0.0817602 -4.00098e-17)
(0.0593391 0.224187 3.29016e-17)
(0.0801189 0.303568 -5.10492e-17)
(0.125109 0.347555 2.12806e-17)
(0.187634 0.36245 1.18189e-20)
(0.262667 0.35408 -2.47265e-18)
(0.343573 0.324987 2.41021e-17)
(0.423633 0.276814 -2.35753e-18)
(0.496677 0.210662 0)
(0.558583 0.128596 5.64883e-19)
(0.607034 0.03118 -2.7958e-18)
(0.211493 -0.164944 -1.6407e-16)
(0.0551008 0.0267345 0)
(0.0325999 0.168224 0)
(0.0520332 0.251535 3.06908e-17)
(0.0999953 0.300444 -5.17864e-17)
(0.16561 0.318801 -2.75554e-17)
(0.242447 0.31304 2.66754e-18)
(0.323004 0.286882 -2.05569e-17)
(0.400454 0.242604 2.4999e-18)
(0.468723 0.181541 -1.21109e-18)
(0.523442 0.105371 1.77652e-18)
(0.561813 0.0148893 -5.83223e-19)
(0.192199 -0.189034 -3.33935e-16)
(0.027941 -0.021273 -1.09164e-16)
(0.00372974 0.113227 1.57707e-17)
(0.0223959 0.198122 2.0425e-17)
(0.0729846 0.251156 5.10651e-17)
(0.141244 0.273441 6.09022e-18)
(0.219551 0.2712 -5.85245e-18)
(0.299561 0.24904 0)
(0.374283 0.209739 0)
(0.437681 0.154932 9.15089e-18)
(0.485111 0.086078 1.26589e-18)
(0.513439 0.00422821 2.44815e-18)
(0.159233 -0.199535 3.52621e-16)
(-0.00443789 -0.0649231 -2.08342e-20)
(-0.0298136 0.0577193 -7.22299e-17)
(-0.010674 0.142311 -9.38769e-17)
(0.0427611 0.199022 -2.93962e-17)
(0.113772 0.22592 6.99085e-18)
(0.193573 0.228217 -1.00092e-17)
(0.273077 0.211166 3.18799e-18)
(0.345166 0.177945 2.43423e-17)
(0.403944 0.130562 -2.47472e-17)
(0.444527 0.0703513 2.09384e-18)
(0.463633 -0.00141585 -3.35124e-18)
(0.112843 -0.198445 -3.47997e-16)
(-0.0424796 -0.103756 1.20529e-16)
(-0.0695318 0.000950044 8.72156e-17)
(-0.0484534 0.0832056 1.22443e-20)
(0.00828609 0.143203 0)
(0.082595 0.175557 3.42122e-17)
(0.164195 0.183539 4.04699e-18)
(0.24338 0.172844 -1.17913e-20)
(0.313033 0.146792 -6.1821e-17)
(0.367686 0.107955 1.37884e-17)
(0.402304 0.0575864 0)
(0.413617 -0.00288397 3.10711e-18)
(0.0548648 -0.190529 9.91914e-16)
(-0.0849876 -0.137685 0)
(-0.116019 -0.0565156 1.4684e-17)
(-0.092576 0.0205063 1.97562e-16)
(-0.0324143 0.0830527 1.12922e-16)
(0.046277 0.121831 -4.79244e-20)
(0.130339 0.136835 -1.67543e-17)
(0.209557 0.133823 4.72037e-17)
(0.276952 0.115918 3.93552e-17)
(0.328144 0.0865438 1.61492e-17)
(0.358036 0.0469395 2.16739e-18)
(0.36353 -0.00133995 0)
(-0.0181488 -0.156577 -5.51677e-16)
(-0.134017 -0.159863 0)
(-0.168981 -0.112581 0)
(-0.146738 -0.0460634 -1.88674e-16)
(-0.0852778 0.0172043 -1.80026e-16)
(-0.00024299 0.0642934 -8.47928e-17)
(0.0875091 0.0888895 -8.17422e-17)
(0.167572 0.0948156 -1.42679e-16)
(0.232645 0.085393 -8.8364e-18)
(0.280989 0.0657565 -3.62095e-17)
(0.307785 0.0371602 3.72087e-18)
(0.310152 0.00110174 0)
(-0.0461708 -0.130731 -7.03566e-16)
(-0.15905 -0.178558 0)
(-0.221252 -0.164944 0)
(-0.207633 -0.117902 5.03474e-17)
(-0.155127 -0.0551561 -5.72633e-17)
(-0.0631493 0.00735331 6.8843e-17)
(0.0206723 0.0384803 -7.05587e-17)
(0.102468 0.053151 2.34423e-16)
(0.16215 0.0515509 0)
(0.204994 0.0418374 -9.13717e-17)
(0.229199 0.0257314 -7.4067e-17)
(0.23366 0.00140357 1.99548e-17)
(0.802292 0.0318485 -4.1162e-21)
(0.875168 -0.108089 -4.37429e-18)
(0.94492 -0.273918 0)
(1.00798 -0.465328 7.1272e-18)
(1.05684 -0.674842 1.25224e-17)
(1.08464 -0.888152 5.17364e-18)
(1.08327 -1.08026 5.11524e-18)
(1.04442 -1.20369 -2.25729e-17)
(0.963823 -1.23379 0)
(0.850408 -1.12698 -2.13526e-17)
(0.665282 -0.824971 2.98362e-17)
(0.49379 -0.415069 6.1294e-17)
(0.77552 -0.00647216 2.15194e-18)
(0.840166 -0.148405 0)
(0.897312 -0.313628 9.14342e-18)
(0.943046 -0.499687 0)
(0.969723 -0.695409 5.58579e-20)
(0.971922 -0.883186 2.09953e-17)
(0.941668 -1.02832 5.39902e-18)
(0.88088 -1.08943 -3.13204e-17)
(0.784778 -1.03048 0)
(0.665114 -0.800048 2.68259e-17)
(0.463015 -0.295555 -4.31069e-17)
(0.44243 0.234357 0)
(0.73977 -0.0388859 -1.08011e-18)
(0.7911 -0.178913 4.39878e-18)
(0.829861 -0.338559 -9.08387e-18)
(0.85206 -0.512867 1.19249e-17)
(0.85107 -0.687203 -4.9332e-18)
(0.822932 -0.840907 -1.29825e-17)
(0.767224 -0.93352 -3.43976e-17)
(0.687062 -0.932079 3.24068e-17)
(0.590828 -0.787614 0)
(0.496804 -0.465762 -3.1748e-17)
(0.379505 0.015901 -1.96066e-17)
(0.411878 0.340481 0)
(0.694348 -0.0635721 -5.44065e-19)
(0.728993 -0.197798 -4.94007e-18)
(0.745859 -0.347182 1.13688e-18)
(0.741142 -0.504304 2.79438e-20)
(0.710513 -0.651839 -9.76757e-18)
(0.652772 -0.766174 0)
(0.572599 -0.810984 2.9186e-17)
(0.484396 -0.749931 -6.85833e-18)
(0.402959 -0.54773 0)
(0.361145 -0.206401 9.14731e-17)
(0.373704 0.158935 0)
(0.443247 0.390006 0)
(0.640763 -0.0797481 -2.21787e-18)
(0.657107 -0.204679 0)
(0.650837 -0.339883 6.80572e-18)
(0.618689 -0.476022 -9.30826e-18)
(0.55935 -0.594252 2.40315e-20)
(0.474935 -0.670238 2.31702e-17)
(0.37701 -0.670824 -5.65916e-18)
(0.288176 -0.566694 -1.98034e-17)
(0.231771 -0.339186 8.12417e-18)
(0.243284 -0.0290041 -4.20448e-17)
(0.332452 0.250648 -3.4584e-17)
(0.421949 0.446803 1.95076e-17)
(0.581638 -0.0874908 2.27511e-18)
(0.579663 -0.200272 0)
(0.551033 -0.318452 -9.10742e-18)
(0.493236 -0.431499 2.3161e-18)
(0.408185 -0.520166 -2.38171e-18)
(0.301676 -0.560964 -2.51742e-17)
(0.191492 -0.526305 2.22615e-17)
(0.107316 -0.395789 3.19563e-17)
(0.0782156 -0.167442 0)
(0.133464 0.101045 9.85645e-18)
(0.265914 0.327384 -1.54165e-17)
(0.392568 0.46968 0)
(0.519886 -0.0875099 5.95051e-19)
(0.50087 -0.186032 -5.27337e-18)
(0.452067 -0.285432 0)
(0.371765 -0.374698 0)
(0.264896 -0.435186 0)
(0.140922 -0.445653 -4.97631e-18)
(0.022345 -0.38521 -1.63372e-17)
(-0.0560505 -0.242381 -2.48536e-17)
(-0.0632328 -0.0263435 7.45257e-18)
(0.0219302 0.202174 1.93795e-20)
(0.182201 0.385609 -1.3484e-16)
(0.335104 0.470718 -1.53559e-16)
(0.458123 -0.0809161 2.5848e-18)
(0.42429 -0.163764 6.26495e-18)
(0.358392 -0.243517 -1.24042e-18)
(0.259419 -0.309294 2.46064e-18)
(0.134756 -0.343934 1.48709e-17)
(-0.00294597 -0.32925 1.81052e-17)
(-0.128182 -0.251191 -2.21312e-17)
(-0.203074 -0.105858 5.64988e-17)
(-0.197 0.0922807 0)
(-0.0948847 0.283099 0)
(0.0857129 0.42375 1.09958e-16)
(0.268281 0.447284 1.98305e-17)
(0.398215 -0.0689601 -2.96481e-18)
(0.352443 -0.135231 -1.42016e-18)
(0.273007 -0.195021 1.39204e-18)
(0.159355 -0.238106 0)
(0.0206531 -0.249447 -4.3659e-17)
(-0.128256 -0.214197 -2.80668e-17)
(-0.260223 -0.124674 2.41432e-17)
(-0.335868 0.0171002 -2.69221e-17)
(-0.325508 0.195267 8.25571e-18)
(-0.217405 0.34896 1.09987e-17)
(-0.0212333 0.443221 -1.73285e-17)
(0.186123 0.404479 1.86478e-16)
(0.340667 -0.0532315 -3.84491e-18)
(0.286183 -0.102557 0)
(0.196827 -0.142558 -1.41002e-17)
(0.0722597 -0.163902 3.43125e-18)
(-0.0773391 -0.154111 2.03847e-17)
(-0.236157 -0.101582 -3.40177e-18)
(-0.376047 -0.00450218 -1.48633e-17)
(-0.457409 0.130653 5.69273e-17)
(-0.450721 0.28817 -6.67951e-17)
(-0.344555 0.403578 4.82566e-20)
(-0.135226 0.446706 -2.12332e-17)
(0.0950381 0.343246 0)
(0.282188 -0.0369185 4.97229e-18)
(0.221927 -0.0704118 -2.03796e-17)
(0.125645 -0.0925702 4.49114e-17)
(-0.00688283 -0.0940369 0)
(-0.165164 -0.0644323 -5.66657e-18)
(-0.333718 0.00455245 5.70554e-18)
(-0.482382 0.108283 3.32392e-17)
(-0.573858 0.239495 -1.70226e-16)
(-0.576619 0.374484 1.02899e-16)
(-0.473109 0.447536 0)
(-0.263541 0.429099 0)
(-0.0149213 0.26594 0)
(0.202747 -0.0229688 3.74143e-17)
(0.139123 -0.0412774 7.56925e-17)
(0.0393619 -0.0476688 -1.61557e-16)
(-0.0960794 -0.032308 1.80098e-17)
(-0.258586 0.0135921 -2.89621e-17)
(-0.437713 0.0949494 -6.11417e-17)
(-0.59215 0.199325 -4.31889e-17)
(-0.713292 0.320111 2.02861e-17)
(-0.695617 0.429351 -2.09223e-16)
(-0.575669 0.429983 -2.43727e-17)
(-0.387615 0.375768 0)
(-0.104513 0.21827 -7.07691e-16)
(0.540251 -0.18311 7.94488e-17)
(0.482554 -0.281614 2.75716e-17)
(0.496261 -0.271123 -2.13021e-17)
(0.512923 -0.258689 -2.40555e-17)
(0.523237 -0.263095 2.30408e-17)
(0.526376 -0.291216 2.22001e-17)
(0.516279 -0.34457 -2.17564e-18)
(0.485293 -0.417887 -4.25569e-18)
(0.430561 -0.501908 2.10923e-18)
(0.351885 -0.585883 0)
(0.25727 -0.663506 0)
(0.148757 -0.733273 -2.91735e-21)
(0.179344 -0.195606 0)
(0.348274 -0.188008 6.99863e-20)
(0.418434 -0.181357 0)
(0.459894 -0.191549 1.96883e-17)
(0.480465 -0.214139 -4.655e-18)
(0.486124 -0.256315 8.99196e-18)
(0.475023 -0.318568 -2.41571e-17)
(0.443096 -0.395884 2.16152e-18)
(0.388994 -0.480302 0)
(0.313078 -0.563234 -8.48322e-18)
(0.220852 -0.639827 0)
(0.113421 -0.7091 2.12754e-18)
(0.0252103 -0.213985 0)
(0.233925 -0.135026 -4.35257e-17)
(0.347152 -0.125481 5.8684e-18)
(0.40712 -0.14475 0)
(0.43711 -0.178598 1.91616e-17)
(0.445706 -0.230379 4.61635e-18)
(0.434635 -0.298691 1.57593e-17)
(0.402688 -0.378302 -1.32721e-17)
(0.349749 -0.462052 2.18476e-18)
(0.276491 -0.542707 1.72756e-17)
(0.18673 -0.616104 4.30101e-18)
(0.0810759 -0.681016 -1.07337e-18)
(-0.0668755 -0.221879 -1.8552e-16)
(0.148089 -0.102737 0)
(0.282942 -0.0882416 0)
(0.355039 -0.109662 2.66504e-17)
(0.392852 -0.150329 -2.49986e-17)
(0.404542 -0.208488 4.81295e-18)
(0.394406 -0.280801 -4.69213e-18)
(0.363395 -0.361447 9.16104e-18)
(0.312383 -0.44364 9.00451e-18)
(0.242265 -0.520888 1.09475e-20)
(0.155775 -0.58919 -4.38599e-18)
(0.0533717 -0.646808 1.09182e-18)
(-0.126776 -0.221366 1.69724e-16)
(0.0814555 -0.0786475 0)
(0.22397 -0.0594747 6.56812e-18)
(0.303377 -0.0801641 -5.09509e-17)
(0.347383 -0.125068 0)
(0.362292 -0.187499 -2.55034e-17)
(0.35393 -0.262431 2.7187e-17)
(0.324838 -0.343247 -2.16528e-17)
(0.276681 -0.423228 -7.04763e-18)
(0.210566 -0.496202 -2.07213e-17)
(0.128566 -0.558061 0)
(0.0312409 -0.606479 -2.23247e-18)
(-0.165441 -0.211958 4.08058e-17)
(0.0264037 -0.0552771 -5.42791e-17)
(0.167984 -0.0326589 0)
(0.251331 -0.0520026 -5.61773e-21)
(0.300273 -0.0998836 0)
(0.318659 -0.165413 5.48499e-18)
(0.312916 -0.242162 -2.65185e-17)
(0.286762 -0.322643 1.79624e-17)
(0.242498 -0.400026 1.24633e-17)
(0.181466 -0.46824 9.69266e-18)
(0.105361 -0.522918 -4.73167e-18)
(0.0149622 -0.561262 1.15628e-18)
(-0.189534 -0.192602 0)
(-0.0216207 -0.0280596 1.45379e-16)
(0.112968 -0.00371508 7.08582e-17)
(0.1979 -0.0222887 2.03812e-17)
(0.250976 -0.0728003 0)
(0.273306 -0.140985 3.04028e-17)
(0.271094 -0.219217 -2.92714e-18)
(0.248942 -0.299167 -9.03108e-21)
(0.209654 -0.373839 -1.35151e-17)
(0.154875 -0.437192 0)
(0.0860783 -0.484596 -4.21533e-21)
(0.00431173 -0.512908 3.63959e-26)
(-0.199972 -0.159513 -3.51814e-16)
(-0.0652708 0.00435088 -2.38519e-16)
(0.0574526 0.0299043 -6.30992e-17)
(0.142065 0.0108663 -6.24617e-17)
(0.19882 -0.0424938 0)
(0.225777 -0.113442 6.97507e-18)
(0.228116 -0.193184 -9.98763e-18)
(0.21108 -0.272647 1.00057e-20)
(0.177872 -0.344701 3.04303e-18)
(0.130513 -0.403449 0)
(0.0703638 -0.444021 5.57338e-18)
(-0.00133103 -0.463122 2.67865e-18)
(-0.198918 -0.113141 -8.79846e-20)
(-0.104048 0.0424399 1.3744e-16)
(0.000721254 0.0697425 0)
(0.0829407 0.0487537 9.53601e-18)
(0.142964 -0.00791795 -6.80205e-21)
(0.175391 -0.0821777 -3.41506e-17)
(0.183427 -0.163739 2.829e-17)
(0.172758 -0.242903 -3.44853e-17)
(0.146718 -0.31254 0)
(0.107909 -0.367176 -1.37764e-17)
(0.0575965 -0.4018 0)
(-0.00279788 -0.413122 -6.21367e-18)
(-0.190468 -0.0548601 4.93561e-16)
(-0.13766 0.0851663 -2.25784e-17)
(-0.0567526 0.116285 1.46756e-16)
(0.0202177 0.092982 9.20301e-17)
(0.082758 0.0329067 -8.76443e-17)
(0.121622 -0.0457465 4.73744e-17)
(0.13669 -0.129797 -1.11834e-17)
(0.133725 -0.209021 3.66717e-17)
(0.115832 -0.276421 4.92023e-18)
(0.086491 -0.327606 3.45682e-17)
(0.046944 -0.357523 -6.48408e-18)
(-0.00126681 -0.363035 4.06475e-18)
(-0.15719 0.0185571 0)
(-0.159395 0.134576 0)
(-0.113167 0.169103 -2.05344e-16)
(-0.0463829 0.147141 0)
(0.0168451 0.0859108 2.02096e-16)
(0.0640185 0.000923584 -2.11395e-16)
(0.088697 -0.0868478 -5.10406e-17)
(0.0946948 -0.166958 6.64373e-17)
(0.0852901 -0.232065 0)
(0.0656876 -0.280408 -6.25414e-21)
(0.0371496 -0.307246 4.45759e-17)
(0.00114176 -0.309639 0)
(-0.12492 0.0537892 -6.54604e-16)
(-0.178719 0.158487 -5.048e-16)
(-0.169964 0.216515 6.19421e-17)
(-0.118837 0.207579 0)
(-0.0557076 0.155922 -5.68698e-17)
(0.00698173 0.0640058 6.88133e-16)
(0.0382278 -0.0198444 -7.05851e-17)
(0.053014 -0.101756 -2.63935e-16)
(0.0514411 -0.161531 2.36421e-17)
(0.0417618 -0.204381 -8.12714e-17)
(0.0256954 -0.228635 -1.69237e-16)
(0.00141699 -0.233114 1.9981e-17)
(0.0319213 -0.802069 1.06461e-18)
(-0.10798 -0.874938 -1.09143e-18)
(-0.273776 -0.944661 1.14236e-18)
(-0.465119 -1.00765 9.56167e-18)
(-0.674505 -1.05642 1.0009e-17)
(-0.887643 -1.08413 -1.03477e-17)
(-1.0796 -1.08271 -5.07974e-18)
(-1.20296 -1.04389 -1.68986e-17)
(-1.23308 -0.963371 4.84526e-17)
(-1.1264 -0.85011 0)
(-0.824588 -0.665139 3.99669e-17)
(-0.414853 -0.493719 0)
(-0.00637751 -0.775135 1.07329e-18)
(-0.148254 -0.839762 0)
(-0.313413 -0.89687 0)
(-0.499379 -0.942541 5.18162e-20)
(-0.694955 -0.969154 -9.98217e-18)
(-0.88257 -0.971299 -2.62001e-17)
(-1.02763 -0.941047 -1.62615e-17)
(-1.08873 -0.880319 0)
(-1.02989 -0.784331 -2.76704e-17)
(-0.799668 -0.664856 8.9579e-18)
(-0.295451 -0.46299 2.84712e-17)
(0.234356 -0.442404 1.6563e-16)
(-0.0387692 -0.739269 -1.08241e-18)
(-0.178725 -0.790575 1.09413e-18)
(-0.33829 -0.829305 7.97408e-18)
(-0.512491 -0.851459 -1.6679e-17)
(-0.68668 -0.850434 -1.49237e-17)
(-0.840262 -0.822287 -2.62016e-18)
(-0.932845 -0.766607 3.4362e-17)
(-0.931465 -0.686521 1.93379e-17)
(-0.787187 -0.590419 -3.09589e-17)
(-0.465599 -0.496579 0)
(0.0158901 -0.379495 -7.89206e-17)
(0.340532 -0.411887 -1.74998e-19)
(-0.0634357 -0.693788 2.18073e-18)
(-0.197582 -0.728408 0)
(-0.346874 -0.745245 -9.05021e-18)
(-0.503892 -0.740506 2.32163e-18)
(-0.651296 -0.70988 9.74006e-18)
(-0.765554 -0.652166 4.4617e-17)
(-0.810374 -0.572049 -2.9235e-17)
(-0.749447 -0.48392 -3.4019e-17)
(-0.54747 -0.402599 7.55159e-17)
(-0.206365 -0.360915 -4.56481e-17)
(0.158936 -0.373606 0)
(0.390068 -0.443231 -8.53556e-17)
(-0.0795969 -0.640179 -2.21466e-18)
(-0.204447 -0.656507 0)
(-0.339562 -0.650222 0)
(-0.475606 -0.618081 6.99924e-18)
(-0.593726 -0.558771 2.39894e-17)
(-0.669678 -0.474413 -2.31522e-17)
(-0.670308 -0.37656 2.2813e-17)
(-0.566349 -0.287785 -2.64677e-17)
(-0.339053 -0.231462 -6.51055e-17)
(-0.0290118 -0.243039 7.94504e-20)
(0.250667 -0.332311 6.90731e-17)
(0.446871 -0.421917 0)
(-0.0873274 -0.581066 1.13706e-18)
(-0.200034 -0.579084 -4.51654e-18)
(-0.318131 -0.550452 0)
(-0.431106 -0.492685 0)
(-0.519682 -0.40769 -2.13048e-17)
(-0.56049 -0.301259 -1.76282e-17)
(-0.525889 -0.191155 0)
(-0.395569 -0.107013 2.55159e-17)
(-0.16739 -0.0779581 2.31721e-17)
(0.101014 -0.133214 4.91606e-17)
(0.327389 -0.26576 -1.2365e-16)
(0.469725 -0.392507 1.52422e-16)
(-0.087345 -0.519336 -3.56236e-26)
(-0.185804 -0.500327 5.84625e-18)
(-0.285133 -0.45154 -1.17151e-18)
(-0.374346 -0.371296 -2.34878e-18)
(-0.434763 -0.264497 4.76335e-18)
(-0.445271 -0.140617 1.75362e-17)
(-0.384894 -0.0221207 0)
(-0.242261 0.0562676 0)
(-0.0263497 0.0634331 2.98513e-17)
(0.20212 -0.0216967 0)
(0.38559 -0.182054 4.4765e-17)
(0.470751 -0.335031 -1.34063e-16)
(-0.0807506 -0.457603 2.58399e-18)
(-0.163549 -0.423791 5.01943e-18)
(-0.243242 -0.357925 9.90023e-18)
(-0.308994 -0.259032 0)
(-0.343576 -0.134456 2.45893e-18)
(-0.328967 0.00314811 -7.70391e-18)
(-0.250954 0.128297 1.11042e-17)
(-0.105824 0.203213 -3.76494e-17)
(0.0922362 0.197128 -2.25842e-17)
(0.283021 0.095085 0)
(0.42371 -0.0855859 1.26086e-16)
(0.447302 -0.268194 1.64194e-16)
(-0.0688091 -0.397714 -5.9312e-18)
(-0.135033 -0.351979 -5.69249e-18)
(-0.194792 -0.272586 -1.10975e-17)
(-0.23785 -0.159046 2.73315e-18)
(-0.249178 -0.0204297 -3.25333e-20)
(-0.213979 0.12836 -2.8315e-18)
(-0.124538 0.260251 0)
(0.0170969 0.335924 -4.49372e-20)
(0.195172 0.325567 -8.20876e-18)
(0.348883 0.217556 9.86581e-17)
(0.443159 0.0213342 -1.38905e-16)
(0.404495 -0.186036 -1.86491e-16)
(-0.0531093 -0.340173 3.83992e-18)
(-0.102382 -0.285733 -7.30835e-18)
(-0.14238 -0.196435 1.41001e-17)
(-0.16368 -0.0720057 0)
(-0.153943 0.0775064 0)
(-0.101405 0.23618 -2.10083e-17)
(-0.00447184 0.376011 2.22078e-17)
(0.130638 0.457372 9.75876e-17)
(0.288031 0.450723 7.63032e-17)
(0.403513 0.344636 1.29819e-17)
(0.446642 0.135307 -2.12239e-17)
(0.343271 -0.0949713 0)
(-0.0368397 -0.281678 0)
(-0.0702853 -0.22147 1.25154e-17)
(-0.0924358 -0.12526 -2.39294e-17)
(-0.0938661 0.00710587 5.78715e-18)
(-0.0643295 0.16529 -5.73268e-18)
(0.00466218 0.33369 4.52488e-17)
(0.108254 0.482278 -4.42288e-17)
(0.239441 0.57375 -9.06627e-17)
(0.374336 0.57655 -1.02891e-16)
(0.447484 0.47313 -1.32135e-16)
(0.429068 0.263581 2.36579e-16)
(0.265985 0.0149724 -3.75869e-17)
(-0.0229407 -0.202222 3.74395e-17)
(-0.0412005 -0.138657 -7.58049e-17)
(-0.0475816 -0.0389777 0)
(-0.0321769 0.0962652 -1.44698e-16)
(0.0136332 0.258683 -1.1597e-16)
(0.0950099 0.437635 0)
(0.199251 0.59198 2.14193e-17)
(0.320029 0.713084 -4.10364e-17)
(0.429258 0.695518 2.18931e-19)
(0.429956 0.575631 2.43684e-17)
(0.375763 0.387653 -4.94182e-16)
(0.21834 0.104552 0)
(-0.183142 -0.539969 -7.94782e-17)
(-0.281456 -0.482418 -3.44569e-17)
(-0.270905 -0.496242 2.67203e-17)
(-0.258442 -0.512991 0)
(-0.262849 -0.523373 1.8455e-17)
(-0.290999 -0.526556 4.44316e-18)
(-0.344415 -0.516485 -1.30149e-17)
(-0.41782 -0.485511 -6.40438e-18)
(-0.501942 -0.430769 -1.0533e-17)
(-0.586022 -0.352064 0)
(-0.663731 -0.257399 4.19091e-18)
(-0.733563 -0.148823 -1.05591e-18)
(-0.195587 -0.17917 0)
(-0.187856 -0.348158 4.00699e-17)
(-0.181162 -0.418415 -2.78949e-17)
(-0.191336 -0.459959 0)
(-0.213936 -0.480592 1.40065e-17)
(-0.256151 -0.486289 4.50754e-18)
(-0.318475 -0.475203 -1.75981e-17)
(-0.39588 -0.443276 -1.02844e-20)
(-0.480395 -0.38916 0)
(-0.563419 -0.313214 0)
(-0.640098 -0.220941 0)
(-0.709437 -0.113451 -1.06604e-18)
(-0.213935 -0.025086 0)
(-0.134882 -0.233821 2.61494e-17)
(-0.125306 -0.347127 2.93269e-17)
(-0.144562 -0.407172 0)
(-0.178424 -0.437221 -1.43833e-17)
(-0.23025 -0.445846 9.2679e-18)
(-0.298636 -0.434781 2.4828e-17)
(-0.378332 -0.402827 -4.43838e-18)
(-0.46217 -0.349871 -6.55083e-18)
(-0.542913 -0.276583 0)
(-0.616383 -0.186782 -4.30534e-18)
(-0.681356 -0.0810701 1.07429e-18)
(-0.221801 0.0669652 0)
(-0.102593 -0.147994 -3.72937e-17)
(-0.0880801 -0.282908 -4.9402e-17)
(-0.109488 -0.355074 0)
(-0.150173 -0.392942 -5.00457e-18)
(-0.208379 -0.404652 -1.44697e-17)
(-0.280764 -0.394514 1.87868e-17)
(-0.361489 -0.363493 9.17639e-18)
(-0.443761 -0.312461 -9.39917e-21)
(-0.52108 -0.242318 1.10767e-18)
(-0.589446 -0.155789 3.83694e-18)
(-0.647115 -0.0533362 -5.47293e-19)
(-0.221267 0.126836 4.22836e-17)
(-0.078496 -0.0813662 -2.00036e-17)
(-0.059317 -0.22392 2.6316e-17)
(-0.0799983 -0.303393 5.67083e-18)
(-0.124922 -0.347448 2.65796e-17)
(-0.187398 -0.362371 -5.11336e-18)
(-0.2624 -0.353999 -3.71329e-17)
(-0.343286 -0.324895 -8.1694e-21)
(-0.423329 -0.276719 9.39614e-18)
(-0.496364 -0.210583 -1.15325e-17)
(-0.558268 -0.128551 0)
(-0.606724 -0.0311788 2.23597e-18)
(-0.211836 0.165472 0)
(-0.0551083 -0.0263172 -1.08606e-17)
(-0.0324968 -0.167913 7.12231e-18)
(-0.0518409 -0.251324 0)
(-0.0997449 -0.300314 -1.72507e-17)
(-0.165318 -0.318708 -2.20566e-17)
(-0.242129 -0.31295 1.59288e-17)
(-0.322667 -0.286783 -2.56607e-18)
(-0.400098 -0.242502 2.49933e-18)
(-0.468352 -0.181454 9.70395e-18)
(-0.523061 -0.105319 0)
(-0.561427 -0.0148828 -2.31427e-18)
(-0.192454 0.189531 3.33278e-16)
(-0.0278605 0.0217104 8.48882e-17)
(-0.00354128 -0.112871 2.91927e-21)
(-0.0221309 -0.197867 6.80622e-18)
(-0.0726712 -0.250994 2.55211e-17)
(-0.140896 -0.273329 3.04585e-17)
(-0.21918 -0.271098 -5.85034e-18)
(-0.299172 -0.248933 0)
(-0.373872 -0.209631 0)
(-0.437252 -0.154839 0)
(-0.484665 -0.0860211 4.42443e-18)
(-0.512983 -0.00421934 6.13776e-19)
(-0.159394 0.199992 -3.08034e-16)
(0.00459923 0.0653839 -1.26433e-16)
(0.0300954 -0.0573211 0)
(0.0110158 -0.142004 0)
(-0.0423818 -0.198818 -5.1421e-17)
(-0.113364 -0.225783 2.79692e-17)
(-0.193146 -0.228098 -3.00228e-17)
(-0.272632 -0.21105 -3.18259e-17)
(-0.344697 -0.17783 3.04717e-18)
(-0.403453 -0.130464 -1.45289e-18)
(-0.444016 -0.0702909 -4.18006e-18)
(-0.463109 0.0014261 -2.6803e-18)
(-0.112893 0.198766 0)
(0.042735 0.104215 -1.7206e-17)
(0.0699465 -0.000552258 1.09057e-17)
(0.0488831 -0.0828516 9.53762e-18)
(-0.00783375 -0.142952 3.60216e-17)
(-0.0821207 -0.175388 -3.4219e-17)
(-0.163702 -0.183399 2.42998e-17)
(-0.242872 -0.172714 6.13965e-17)
(-0.312499 -0.146668 0)
(-0.367129 -0.107852 1.7204e-18)
(-0.401727 -0.0575231 -1.63834e-18)
(-0.413026 0.00289541 3.10733e-18)
(-0.055042 0.190973 0)
(0.085437 0.138146 -2.26435e-17)
(0.11649 0.0569512 1.53678e-20)
(0.0930773 -0.0201216 1.18487e-16)
(0.0329516 -0.0827505 -1.1287e-16)
(-0.0457256 -0.121622 7.1176e-17)
(-0.129772 -0.136664 -5.60089e-18)
(-0.208978 -0.133676 -5.24488e-17)
(-0.276348 -0.115781 4.92598e-18)
(-0.327515 -0.0864353 1.84495e-17)
(-0.357388 -0.0468723 0)
(-0.36287 0.00135369 4.06929e-18)
(0.0184672 0.157254 0)
(0.134954 0.159712 0)
(0.169254 0.113274 0)
(0.14718 0.046432 -1.88711e-16)
(0.0859088 -0.0168458 3.8227e-16)
(0.000892148 -0.0640264 -1.05965e-16)
(-0.0868468 -0.0886732 1.02059e-17)
(-0.166909 -0.0946429 -9.52099e-18)
(-0.231965 -0.0852409 0)
(-0.280281 -0.0656384 -6.84135e-17)
(-0.307061 -0.0370877 3.53091e-17)
(-0.309417 -0.00108432 -8.70451e-18)
(0.052399 0.127357 7.36084e-16)
(0.157216 0.178907 0)
(0.216469 0.169714 -6.21944e-17)
(0.207511 0.118691 4.53977e-16)
(0.155882 0.0556933 -3.98787e-16)
(0.0639057 -0.00700269 -1.37769e-16)
(-0.0198732 -0.0382079 3.88404e-16)
(-0.101698 -0.0529625 -5.87008e-17)
(-0.161404 -0.0513983 2.36608e-17)
(-0.20422 -0.0417246 1.62635e-16)
(-0.228414 -0.0256624 -8.47325e-17)
(-0.232858 -0.00138937 -3.99429e-17)
(-0.802412 -0.031929 -1.06546e-18)
(-0.875325 0.108029 -1.09225e-18)
(-0.945092 0.273884 1.14318e-18)
(-1.00812 0.465293 0)
(-1.05692 0.674748 -1.25016e-17)
(-1.08462 0.887929 -7.74202e-18)
(-1.08313 1.07988 2.55109e-17)
(-1.04421 1.20315 1.69017e-17)
(-0.963551 1.2331 0)
(-0.850097 1.12621 -9.39138e-20)
(-0.665024 0.824277 -3.99728e-17)
(-0.49353 0.414457 -6.1332e-17)
(-0.775523 0.00640973 -2.15186e-18)
(-0.840198 0.148345 -1.09408e-18)
(-0.897353 0.313568 -8.00082e-18)
(-0.943061 0.499591 2.38444e-18)
(-0.969683 0.695218 7.47417e-18)
(-0.971803 0.882842 -2.62096e-17)
(-0.94148 1.02782 -1.62046e-17)
(-0.880617 1.08882 0)
(-0.784502 1.02975 0)
(-0.664851 0.799355 -2.68313e-17)
(-0.462905 0.295181 -1.42345e-17)
(-0.442283 -0.234379 -1.32465e-16)
(-0.739663 0.0388354 5.40874e-19)
(-0.791012 0.178848 4.95068e-18)
(-0.829778 0.338471 9.08668e-18)
(-0.851956 0.512715 0)
(-0.850931 0.686932 -7.48684e-18)
(-0.822749 0.840478 3.38151e-17)
(-0.767003 0.932967 -1.7168e-17)
(-0.686818 0.931421 0)
(-0.590593 0.786934 0)
(-0.496621 0.465264 0)
(-0.379442 -0.0160596 0)
(-0.411761 -0.340433 1.03724e-16)
(-0.694139 0.063528 0)
(-0.728795 0.197724 -3.29854e-18)
(-0.745663 0.347067 -1.13729e-18)
(-0.740936 0.504106 2.35108e-18)
(-0.710298 0.651514 4.87956e-18)
(-0.652552 0.765701 -2.36012e-17)
(-0.572387 0.810403 5.89739e-18)
(-0.484193 0.7493 0)
(-0.402792 0.547156 -3.34995e-17)
(-0.361023 0.20607 3.4209e-17)
(-0.373594 -0.159029 -6.14347e-17)
(-0.443098 -0.389925 -8.52711e-17)
(-0.640462 0.0797059 1.66563e-18)
(-0.656811 0.204596 5.55863e-19)
(-0.650543 0.339745 0)
(-0.6184 0.475791 -2.32503e-18)
(-0.559078 0.593895 -1.44122e-17)
(-0.474697 0.669748 -2.58799e-18)
(-0.376821 0.670257 2.01331e-20)
(-0.288031 0.566123 -2.64846e-17)
(-0.231675 0.338728 2.44859e-17)
(-0.243208 0.0287764 -3.15364e-17)
(-0.332333 -0.2507 6.92456e-17)
(-0.421795 -0.446678 1.54112e-21)
(-0.581254 0.0874479 -2.84352e-18)
(-0.579282 0.20018 1.69167e-18)
(-0.550657 0.318299 -1.14321e-18)
(-0.492879 0.43125 2.31683e-18)
(-0.40787 0.519799 1.89351e-17)
(-0.30143 0.560484 2.46709e-18)
(-0.19133 0.525777 1.66034e-17)
(-0.107227 0.395293 4.46957e-17)
(-0.0781784 0.167084 7.76214e-18)
(-0.133425 -0.101199 0)
(-0.265812 -0.327385 0)
(-0.392415 -0.469513 7.61295e-17)
(-0.519427 0.087465 -1.78221e-26)
(-0.500414 0.185933 -3.52001e-18)
(-0.451623 0.285269 -1.05286e-17)
(-0.371353 0.374444 0)
(-0.264547 0.434825 0)
(-0.140672 0.445202 -4.97794e-18)
(-0.0222074 0.384737 5.50513e-18)
(0.0560939 0.241965 -4.97262e-17)
(0.0632233 0.0260719 -3.73274e-17)
(-0.0219264 -0.202264 1.9319e-17)
(-0.182129 -0.38556 1.05055e-16)
(-0.33497 -0.470536 1.53616e-16)
(-0.457595 0.0808697 1.94084e-18)
(-0.423769 0.163661 6.89559e-18)
(-0.357889 0.243351 1.85565e-17)
(-0.258962 0.309043 -1.98038e-17)
(-0.13438 0.343595 -1.73657e-17)
(0.00320131 0.328842 -7.70804e-18)
(0.128303 0.250783 5.60087e-18)
(0.203082 0.10552 2.5088e-17)
(0.19695 -0.0924749 9.06663e-17)
(0.0948497 -0.283132 7.97345e-17)
(-0.0856772 -0.423659 3.80754e-19)
(-0.26817 -0.447095 5.63241e-19)
(-0.397621 0.0689133 -2.96534e-18)
(-0.351863 0.135127 -5.70196e-18)
(-0.272453 0.194857 -1.11019e-17)
(-0.158855 0.237869 4.12451e-17)
(-0.0202504 0.249138 2.18529e-17)
(0.128521 0.213843 2.83297e-18)
(0.260336 0.124336 -2.40926e-17)
(0.335852 -0.0173582 0)
(0.325424 -0.19539 1.38567e-19)
(0.217329 -0.348939 -1.75345e-16)
(0.0212268 -0.443099 -1.56543e-16)
(-0.186043 -0.4043 2.39151e-17)
(-0.340009 0.0531865 0)
(-0.285545 0.102456 9.1195e-18)
(-0.196222 0.142401 -1.58701e-17)
(-0.0717177 0.163685 -2.75708e-17)
(0.077772 0.153838 -2.38935e-17)
(0.236441 0.101286 -1.04193e-17)
(0.376161 0.00423643 3.26504e-20)
(0.457377 -0.130831 -5.69503e-17)
(0.450604 -0.288222 -1.62043e-16)
(0.344433 -0.403507 1.14351e-16)
(0.135173 -0.446563 0)
(-0.0949917 -0.343088 -4.661e-16)
(-0.28146 0.0368787 0)
(-0.22123 0.0703176 -2.19532e-17)
(-0.124988 0.0924262 2.09322e-17)
(0.00746922 0.0938362 -5.78865e-18)
(0.165632 0.0641931 9.70437e-17)
(0.334024 -0.00479393 4.54482e-17)
(0.4825 -0.108476 4.42383e-17)
(0.573814 -0.239598 9.06928e-17)
(0.576468 -0.374467 1.02945e-16)
(0.472942 -0.447415 0)
(0.26344 -0.428943 0)
(0.0149178 -0.265821 3.02134e-16)
(-0.201957 0.0229268 -1.87279e-17)
(-0.138372 0.0411874 1.61081e-16)
(-0.0386602 0.0475406 7.0788e-17)
(0.096697 0.0321215 1.44632e-16)
(0.259084 -0.0137981 -1.15722e-16)
(0.438043 -0.0951362 -2.39946e-17)
(0.592265 -0.199443 2.17767e-17)
(0.713233 -0.320142 -2.0371e-17)
(0.695407 -0.429251 3.00791e-17)
(0.57547 -0.429841 0)
(0.387457 -0.375626 0)
(0.104485 -0.218158 7.08518e-16)
(-0.539972 0.182429 0)
(-0.482453 0.280768 -3.42558e-17)
(-0.496188 0.270182 5.35005e-18)
(-0.512913 0.257715 0)
(-0.52329 0.26209 0)
(-0.526475 0.290194 4.44042e-18)
(-0.51639 0.34355 6.48626e-18)
(-0.485373 0.416895 -2.13304e-18)
(-0.430562 0.500958 8.41228e-18)
(-0.351777 0.584967 0)
(-0.257059 0.662653 4.18729e-18)
(-0.148573 0.732284 1.05809e-18)
(-0.179423 0.194852 0)
(-0.348329 0.187265 0)
(-0.418486 0.180587 -2.23453e-17)
(-0.460002 0.190779 0)
(-0.48063 0.213359 -4.6598e-18)
(-0.486326 0.255535 8.99941e-18)
(-0.475223 0.317804 -2.19788e-17)
(-0.443246 0.395151 -2.15403e-18)
(-0.389049 0.479604 2.13767e-18)
(-0.313009 0.562551 8.48387e-18)
(-0.220664 0.639198 0)
(-0.113201 0.708315 -1.06257e-18)
(-0.0255327 0.213231 0)
(-0.234132 0.134404 -8.70016e-18)
(-0.347319 0.124888 3.51743e-17)
(-0.407335 0.144182 -5.10716e-18)
(-0.437378 0.178038 0)
(-0.446005 0.229839 -1.38905e-17)
(-0.434922 0.298183 3.15676e-17)
(-0.402912 0.377834 0)
(-0.349866 0.46162 0)
(-0.276472 0.54228 -7.55495e-18)
(-0.186572 0.615727 3.22372e-18)
(-0.0808196 0.680473 1.07585e-18)
(0.0664036 0.221177 0)
(-0.148411 0.102239 0)
(-0.283205 0.0878135 -2.47125e-17)
(-0.355344 0.109284 5.33415e-18)
(-0.393212 0.149983 -5.00868e-18)
(-0.404927 0.208182 4.34026e-17)
(-0.394774 0.280547 -4.68081e-18)
(-0.363694 0.361248 1.1461e-17)
(-0.312567 0.443484 -1.12612e-17)
(-0.242302 0.520736 8.87777e-18)
(-0.155651 0.58909 -4.38585e-18)
(-0.0530822 0.646537 -1.08991e-18)
(0.126218 0.220729 0)
(-0.0818548 0.078266 3.9969e-17)
(-0.224305 0.0591948 2.6314e-17)
(-0.303757 0.0799651 0)
(-0.347818 0.124925 -1.59513e-17)
(-0.362752 0.18742 -3.06295e-17)
(-0.354369 0.262427 -3.21439e-17)
(-0.325204 0.343319 7.2244e-18)
(-0.276931 0.423354 9.39405e-18)
(-0.21066 0.496335 -9.20321e-18)
(-0.128479 0.558247 0)
(-0.0309217 0.606489 0)
(0.164854 0.211415 0)
(-0.0268561 0.0549945 -4.34805e-17)
(-0.168366 0.0325099 7.11918e-18)
(-0.251764 0.0519695 -6.13834e-18)
(-0.300767 0.0999343 2.29937e-17)
(-0.319179 0.165554 5.50156e-18)
(-0.313415 0.242403 1.59141e-17)
(-0.287188 0.322981 -4.36473e-17)
(-0.242809 0.400435 2.49652e-18)
(-0.181615 0.468662 -1.20965e-18)
(-0.105313 0.523394 1.18502e-18)
(-0.0146234 0.561552 0)
(0.188932 0.192155 0)
(0.0211376 0.0278523 -9.70209e-17)
(-0.113375 0.00368021 0)
(-0.198364 0.0224096 -2.72253e-17)
(-0.251512 0.0730351 1.91444e-17)
(-0.273871 0.141337 3.65471e-17)
(-0.271639 0.219694 -2.93027e-18)
(-0.249417 0.299766 1.96346e-17)
(-0.21002 0.374525 0)
(-0.155077 0.437899 -1.30242e-18)
(-0.0860756 0.485352 1.26489e-18)
(-0.00396543 0.513461 0)
(0.199467 0.159277 0)
(0.0647831 -0.00452304 -1.40629e-17)
(-0.0578533 -0.0298372 9.02832e-18)
(-0.142536 -0.0105991 -3.12858e-17)
(-0.199379 0.0429036 -5.87674e-17)
(-0.226371 0.113993 -2.0984e-17)
(-0.228694 0.193886 -6.67204e-18)
(-0.21159 0.273494 -2.86158e-17)
(-0.178282 0.345654 3.04468e-18)
(-0.130764 0.404433 -1.30916e-17)
(-0.0704144 0.445047 1.39691e-18)
(0.00166732 0.463918 0)
(0.198303 0.112947 -3.97831e-16)
(0.103613 -0.0425256 1.37817e-16)
(-0.00105375 -0.0695301 -7.63397e-17)
(-0.083391 -0.0483354 -9.5343e-18)
(-0.143529 0.00849644 3.60362e-17)
(-0.175999 0.0829136 8.54143e-18)
(-0.18402 0.164649 -8.10817e-18)
(-0.173291 0.24398 3.24528e-21)
(-0.14716 0.313741 0)
(-0.108207 0.368423 1.37801e-17)
(-0.057711 0.403084 0)
(0.00311044 0.414137 0)
(0.189788 0.0547113 4.94693e-16)
(0.137607 -0.0848794 -2.09817e-16)
(0.0564498 -0.116008 1.32353e-16)
(-0.0206488 -0.0924449 1.05403e-16)
(-0.0833189 -0.0321719 1.25428e-17)
(-0.122234 0.0466524 4.74311e-17)
(-0.137282 0.130898 -5.02306e-17)
(-0.134266 0.210302 3.14651e-17)
(-0.116289 0.277844 4.92458e-18)
(-0.0868283 0.329101 1.8447e-17)
(-0.0471255 0.359055 -8.65489e-18)
(0.00152922 0.364273 0)
(0.164275 -0.00802511 0)
(0.160592 -0.133079 3.00078e-16)
(0.112523 -0.169031 -2.32644e-16)
(0.0459338 -0.146646 4.71796e-17)
(-0.0174045 -0.0850687 -4.49787e-17)
(-0.0646218 0.000134013 -8.47392e-17)
(-0.0892795 0.0881184 1.12462e-16)
(-0.0952199 0.168411 -9.52115e-18)
(-0.08574 0.233669 0)
(-0.0660457 0.282128 -3.21747e-17)
(-0.0373773 0.309033 4.45648e-17)
(-0.000950229 0.311153 0)
(0.125497 -0.0434592 -8.96409e-16)
(0.177241 -0.164574 5.55714e-16)
(0.164382 -0.222079 5.15707e-16)
(0.11764 -0.207806 0)
(0.0550044 -0.155063 -4.58069e-16)
(-0.007598 -0.0628418 -4.8228e-16)
(-0.0387772 0.0212586 2.11615e-16)
(-0.0534647 0.10334 -2.91857e-17)
(-0.0518151 0.163215 2.35916e-17)
(-0.0420744 0.206217 0)
(-0.0259596 0.230664 2.51545e-21)
(-0.00123088 0.234999 1.98427e-17)
)
;

boundaryField
{
    rotor
    {
        type            fixedValue;
        value           nonuniform List<vector> 
192
(
(0.0684902 2.09216 -0)
(0.205177 2.0832 -0)
(0.340986 2.06532 -0)
(0.475334 2.0386 -0)
(0.607647 2.00314 -0)
(0.737357 1.95911 -0)
(0.863911 1.90669 -0)
(0.986765 1.84611 -0)
(1.10539 1.77762 -0)
(1.21929 1.70151 -0)
(1.32796 1.61813 -0)
(1.43095 1.52781 -0)
(1.52781 1.43095 -0)
(1.61813 1.32796 -0)
(1.70151 1.21929 -0)
(1.77762 1.10539 -0)
(1.84611 0.986765 -0)
(1.90669 0.863911 -0)
(1.95911 0.737358 -0)
(2.00314 0.607647 -0)
(2.0386 0.475334 -0)
(2.06532 0.340986 -0)
(2.0832 0.205177 -0)
(2.09216 0.0684902 -0)
(2.09216 -0.0684902 0)
(2.0832 -0.205177 0)
(2.06532 -0.340986 0)
(2.0386 -0.475334 0)
(2.00314 -0.607647 0)
(1.95911 -0.737357 0)
(1.90669 -0.863911 0)
(1.84611 -0.986765 0)
(1.77762 -1.10539 0)
(1.70151 -1.21929 0)
(1.61813 -1.32796 0)
(1.52781 -1.43095 0)
(1.43095 -1.52781 0)
(1.32796 -1.61813 0)
(1.21929 -1.70151 0)
(1.10539 -1.77762 0)
(0.986765 -1.84611 0)
(0.863911 -1.90669 0)
(0.737357 -1.95911 0)
(0.607647 -2.00314 0)
(0.475334 -2.0386 0)
(0.340986 -2.06532 0)
(0.205177 -2.0832 0)
(0.0684901 -2.09216 0)
(-0.0684902 -2.09216 0)
(-0.205177 -2.0832 0)
(-0.340986 -2.06532 0)
(-0.475334 -2.0386 0)
(-0.607647 -2.00314 0)
(-0.737358 -1.95911 0)
(-0.863911 -1.90669 0)
(-0.986765 -1.84611 0)
(-1.10539 -1.77762 0)
(-1.21929 -1.70151 0)
(-1.32796 -1.61813 0)
(-1.43095 -1.52781 0)
(-1.52781 -1.43095 0)
(-1.61813 -1.32796 0)
(-1.70151 -1.21929 0)
(-1.77762 -1.10539 0)
(-1.84611 -0.986765 0)
(-1.90669 -0.863911 0)
(-1.95911 -0.737357 0)
(-2.00314 -0.607647 0)
(-2.0386 -0.475334 0)
(-2.06532 -0.340986 0)
(-2.0832 -0.205177 0)
(-2.09216 -0.0684902 0)
(-2.09216 0.0684902 0)
(-2.0832 0.205177 0)
(-2.06532 0.340986 0)
(-2.0386 0.475334 0)
(-2.00314 0.607647 0)
(-1.95911 0.737358 0)
(-1.90669 0.863911 0)
(-1.84611 0.986765 0)
(-1.77762 1.10539 0)
(-1.70151 1.21929 0)
(-1.61813 1.32796 0)
(-1.52781 1.43095 0)
(-1.43095 1.52781 0)
(-1.32796 1.61813 0)
(-1.21929 1.70151 0)
(-1.10539 1.77762 0)
(-0.986765 1.84611 0)
(-0.863911 1.90669 0)
(-0.737357 1.95911 0)
(-0.607647 2.00314 0)
(-0.475334 2.0386 0)
(-0.340986 2.06532 0)
(-0.205177 2.0832 0)
(-0.0684902 2.09216 0)
(0 2.2253 0)
(0 2.4871 0)
(0 2.7489 0)
(0 3.0107 0)
(0 3.2725 0)
(0 3.5343 0)
(0 3.7961 0)
(0 4.0579 0)
(0 4.3197 0)
(0 4.5815 0)
(0 4.8433 0)
(0 5.1051 0)
(0 2.2253 0)
(0 2.4871 0)
(0 2.7489 0)
(0 3.0107 0)
(0 3.2725 0)
(0 3.5343 0)
(0 3.7961 0)
(0 4.0579 0)
(0 4.3197 0)
(0 4.5815 0)
(0 4.8433 0)
(0 5.1051 0)
(2.2253 3.99418e-09 -0)
(2.4871 4.46409e-09 -0)
(2.7489 4.93399e-09 -0)
(3.0107 5.4039e-09 -0)
(3.2725 5.8738e-09 -0)
(3.5343 6.3437e-09 -0)
(3.7961 6.81361e-09 -0)
(4.0579 7.28351e-09 -0)
(4.3197 7.75342e-09 -0)
(4.5815 8.22332e-09 -0)
(4.8433 8.69322e-09 -0)
(5.1051 9.16313e-09 -0)
(2.2253 3.99418e-09 -0)
(2.4871 4.46409e-09 -0)
(2.7489 4.93399e-09 -0)
(3.0107 5.4039e-09 -0)
(3.2725 5.8738e-09 -0)
(3.5343 6.3437e-09 -0)
(3.7961 6.81361e-09 -0)
(4.0579 7.28351e-09 -0)
(4.3197 7.75342e-09 -0)
(4.5815 8.22332e-09 -0)
(4.8433 8.69322e-09 -0)
(5.1051 9.16313e-09 -0)
(-7.98837e-09 -2.2253 0)
(-8.92818e-09 -2.4871 0)
(-9.86798e-09 -2.7489 0)
(-1.08078e-08 -3.0107 0)
(-1.17476e-08 -3.2725 0)
(-1.26874e-08 -3.5343 0)
(-1.36272e-08 -3.7961 0)
(-1.4567e-08 -4.0579 0)
(-1.55068e-08 -4.3197 0)
(-1.64466e-08 -4.5815 0)
(-1.73864e-08 -4.8433 0)
(-1.83263e-08 -5.1051 0)
(-7.98837e-09 -2.2253 0)
(-8.92818e-09 -2.4871 0)
(-9.86798e-09 -2.7489 0)
(-1.08078e-08 -3.0107 0)
(-1.17476e-08 -3.2725 0)
(-1.26874e-08 -3.5343 0)
(-1.36272e-08 -3.7961 0)
(-1.4567e-08 -4.0579 0)
(-1.55068e-08 -4.3197 0)
(-1.64466e-08 -4.5815 0)
(-1.73864e-08 -4.8433 0)
(-1.83263e-08 -5.1051 0)
(-2.2253 3.99418e-09 0)
(-2.4871 4.46409e-09 0)
(-2.7489 4.93399e-09 0)
(-3.0107 5.4039e-09 0)
(-3.2725 5.8738e-09 0)
(-3.5343 6.3437e-09 0)
(-3.7961 6.81361e-09 0)
(-4.0579 7.28351e-09 0)
(-4.3197 7.75342e-09 0)
(-4.5815 8.22332e-09 0)
(-4.8433 8.69322e-09 0)
(-5.1051 9.16313e-09 0)
(-2.2253 3.99418e-09 0)
(-2.4871 4.46409e-09 0)
(-2.7489 4.93399e-09 0)
(-3.0107 5.4039e-09 0)
(-3.2725 5.8738e-09 0)
(-3.5343 6.3437e-09 0)
(-3.7961 6.81361e-09 0)
(-4.0579 7.28351e-09 0)
(-4.3197 7.75342e-09 0)
(-4.5815 8.22332e-09 0)
(-4.8433 8.69322e-09 0)
(-5.1051 9.16313e-09 0)
)
;
    }
    stator
    {
        type            noSlip;
    }
    front
    {
        type            empty;
    }
    back
    {
        type            empty;
    }
}


// ************************************************************************* //
