/*--------------------------------*- C++ -*----------------------------------*\
  =========                 |
  \\      /  F ield         | OpenFOAM: The Open Source CFD Toolbox
   \\    /   O peration     | Website:  https://openfoam.org
    \\  /    A nd           | Version:  6
     \\/     M anipulation  |
\*---------------------------------------------------------------------------*/
FoamFile
{
    version     2.0;
    format      ascii;
    class       volScalarField;
    location    "250";
    object      epsilon;
}
// * * * * * * * * * * * * * * * * * * * * * * * * * * * * * * * * * * * * * //

dimensions      [0 2 -3 0 0 0 0];

internalField   nonuniform List<scalar> 
3072
(
2.4122
4.91556
5.28791
4.89659
4.38422
5.67972
21.9977
58.7848
79.8744
90.7699
99.0244
102.939
12.1494
10.6012
10.121
13.0185
27.269
38.0412
43.94
56.8269
61.7562
63.4264
64.3425
64.3564
20.6486
19.9425
28.1982
29.4986
31.5664
37.9487
43.9093
49.2833
51.2734
52.7169
53.4929
53.6703
27.1922
24.0433
28.0025
28.9931
32.1617
37.7156
42.3565
45.0207
46.8431
48.24
48.9578
49.1874
30.2062
25.5895
28.0093
29.1582
32.4921
37.082
40.4852
42.867
44.6027
45.9994
46.8248
47.1681
29.2645
24.6642
27.0377
28.83
32.1839
35.9852
39.1065
41.3558
43.0737
44.4697
45.4815
46.0699
26.1389
21.8856
24.6754
27.732
31.6608
35.4461
38.4643
40.7122
42.4601
43.8854
44.9914
45.7568
23.193
18.8218
22.7042
27.6681
32.2981
36.2526
39.2886
41.5385
43.2677
44.6567
45.7516
46.5558
21.5568
17.5756
23.7576
30.4731
36.4163
40.758
43.715
45.7195
47.1202
48.1456
48.9
49.4181
21.9594
20.0602
32.4367
43.1422
50.4505
54.4967
56.3661
57.0363
57.0319
56.6911
56.1938
55.5995
25.6505
36.7405
62.4619
77.9492
83.6955
84.0722
81.7839
78.3954
74.7737
71.2864
68.1023
65.2264
116.292
116.197
129.707
133.159
129.622
120.954
111.782
102.982
94.9651
87.7437
81.3589
75.7342
104.635
103.476
101.505
98.063
92.553
85.3127
76.3056
65.4215
52.7321
39.0428
26.175
34.9298
63.7355
62.2068
60.5515
58.9884
57.8592
57.6907
59.4711
63.7399
69.6319
75.7091
82.287
104.139
53.1423
52.0072
50.6154
49.3901
48.9236
49.2685
51.6374
56.5832
65.2975
79.6
103.274
155.095
48.9454
48.2728
47.3596
46.4972
46.1395
46.5499
48.7563
53.7167
63.1435
80.3583
114.055
193.67
47.1389
46.7117
46.0244
45.3364
45.0279
45.4458
47.4661
52.1434
61.392
79.5115
119.36
220.804
46.2693
46.1083
45.6735
45.185
44.956
45.405
47.3128
51.8024
60.8775
79.2388
122.752
246.018
46.1776
46.2665
46.0996
45.843
45.7695
46.268
48.027
52.213
60.9615
78.9637
123.95
267.15
47.0776
47.337
47.3532
47.2616
47.3187
47.8183
49.3886
53.2207
61.5716
79.2015
124.782
293.832
49.7297
49.8119
49.6972
49.5065
49.487
49.8811
51.1704
54.5382
62.326
79.4908
125.732
322.721
54.9341
54.2047
53.4392
52.718
52.2233
52.2975
53.1731
55.9288
62.8882
79.4974
126.304
352.389
62.6485
60.3587
58.3392
56.6206
55.277
54.6185
55.0146
56.9272
62.8762
78.6594
126.636
387.959
70.8212
66.6183
63.0537
60.093
57.7381
56.1201
55.9161
57.1149
61.6397
75.6512
123.464
446.046
2.44852
4.99037
5.3471
4.95191
4.41735
5.68982
21.8359
58.5642
79.6713
90.5526
98.8087
102.725
12.1557
10.6161
10.1685
13.0438
27.2265
37.9665
43.7934
56.6857
61.6399
63.3096
64.2245
64.225
20.6907
19.9388
28.166
29.4659
31.5013
37.8697
43.8021
49.1854
51.1715
52.6143
53.3907
53.5688
27.1841
24.0183
27.9651
28.9472
32.0946
37.6467
42.2787
44.9355
46.752
48.1481
48.867
49.0981
30.1645
25.5519
27.9674
29.1093
32.43
37.011
40.4116
42.7887
44.5194
45.9143
46.74
47.0845
29.2163
24.624
26.9931
28.7799
32.124
35.9191
39.037
41.2816
42.996
44.3896
45.401
45.9905
26.0943
21.8442
24.6285
27.6803
31.603
35.3845
38.3991
40.6438
42.3884
43.8118
44.9172
45.6833
23.1546
18.786
22.66
27.6176
32.2429
36.1946
39.2283
41.4759
43.2029
44.5906
45.6853
46.4905
21.5276
17.5461
23.7172
30.4279
36.3694
40.7108
43.6675
45.6711
47.0707
48.095
48.8492
49.3677
21.9314
20.0335
32.4037
43.1107
50.4222
54.4714
56.3429
57.0132
57.0074
56.665
56.1659
55.5707
25.6239
36.7147
62.4435
77.9406
83.6958
84.0772
81.7893
78.3999
74.7758
71.2856
68.0985
65.2202
116.299
116.193
129.703
133.166
129.635
120.972
111.802
103.001
94.9828
87.7591
81.3718
75.7444
104.429
103.275
101.319
97.8896
92.398
85.1752
76.1884
65.3253
52.6582
38.99
26.1396
34.881
63.6248
62.0982
60.4536
58.8962
57.7745
57.6086
59.3925
63.6589
69.5459
75.6177
82.1852
104.006
53.0494
51.9197
50.5348
49.3148
48.8516
49.1999
51.5693
56.5125
65.2199
79.5091
103.156
154.913
48.8608
48.1928
47.2847
46.4267
46.072
46.4854
48.6924
53.6502
63.0699
80.2692
113.932
193.445
47.0585
46.6352
45.952
45.2682
44.9627
45.3834
47.4044
52.0798
61.3219
79.4265
119.238
220.556
46.1922
46.0345
45.6034
45.119
44.8929
45.3444
47.2529
51.7406
60.8102
79.1564
122.63
245.752
46.1059
46.1976
46.0341
45.7811
45.7108
46.2113
47.9709
52.1549
60.8971
78.8853
123.833
266.872
47.0143
47.2766
47.2957
47.2076
47.2671
47.7682
49.3388
53.1684
61.512
79.1276
124.669
293.543
49.6811
49.765
49.6524
49.464
49.4463
49.8411
51.1298
54.4948
62.2763
79.4241
125.626
322.42
54.9048
54.1756
53.4108
52.6905
52.1962
52.2698
53.1441
55.8958
62.8473
79.4412
126.207
352.088
62.6402
60.349
58.3285
56.6091
55.2644
54.6038
54.9984
56.9071
62.848
78.6154
126.55
387.661
70.829
66.6238
63.057
60.0943
57.7372
56.1168
55.9081
57.1041
61.6227
75.6206
123.396
445.733
2.44935
4.99016
5.34118
4.94142
4.41364
5.71315
22.1098
58.8711
79.9215
90.8229
99.0743
102.99
12.169
10.6324
10.167
13.0897
27.3474
38.0383
43.983
56.8627
61.7778
63.4496
64.3658
64.3794
20.755
20.0188
28.2486
29.5003
31.5689
37.9517
43.9363
49.2986
51.2956
52.7394
53.5149
53.6912
27.2695
24.0899
28.0235
29.0004
32.1817
37.7519
42.3742
45.0393
46.8644
48.2612
48.9784
49.2074
30.2759
25.6179
28.0227
29.1683
32.5083
37.1015
40.5017
42.8828
44.6194
46.0166
46.842
47.1854
29.3089
24.6847
27.0467
28.8385
32.1958
35.9956
39.1164
41.3657
43.0846
44.4817
45.4946
46.0838
26.1645
21.8955
24.6776
27.7355
31.6632
35.4478
38.4665
40.7159
42.4658
43.8931
45.001
45.7679
23.2117
18.8273
22.7032
27.6643
32.2957
36.2503
39.2879
41.54
43.2719
44.6634
45.7603
46.5663
21.5625
17.5758
23.7527
30.4638
36.4062
40.7503
43.7114
45.7232
47.1274
48.1539
48.9101
49.4297
21.9571
20.0538
32.4188
43.1191
50.4285
54.4816
56.3603
57.0661
57.0656
56.7058
56.2068
55.6131
25.6411
36.7172
62.4194
77.9011
83.6539
84.0426
81.7674
78.3941
74.7808
71.2953
68.1131
65.2389
116.282
116.155
129.651
133.095
129.563
120.907
111.749
102.963
94.9558
87.7415
81.3618
75.7407
104.682
103.518
101.54
98.0908
92.5718
85.3241
76.3107
65.4206
52.7272
39.0355
26.1659
34.9163
63.7547
62.2226
60.5631
58.9963
57.8631
57.6918
59.4669
63.7316
69.6213
75.6955
82.2664
104.109
53.1606
52.0232
50.629
49.4012
48.9327
49.2742
51.6398
56.5824
65.293
79.5914
103.258
155.066
48.964
48.29
47.3752
46.5109
46.1515
46.5593
48.763
53.7203
63.1432
80.3529
114.044
193.644
47.1559
46.7281
46.0399
45.3508
45.041
45.457
47.4752
52.1502
61.3959
79.5115
119.353
220.783
46.2837
46.123
45.688
45.199
44.9692
45.4169
47.3231
51.8109
60.8841
79.242
122.748
246.003
46.1899
46.2797
46.1131
45.8563
45.7824
46.2801
48.0381
52.223
60.97
78.9702
123.951
267.141
47.0893
47.3496
47.3663
47.2748
47.3315
47.8306
49.4003
53.2317
61.5816
79.2098
124.787
293.83
49.7421
49.825
49.7108
49.52
49.5
49.8937
51.1825
54.5499
62.3373
79.501
125.74
322.729
54.9483
54.2191
53.4535
52.7319
52.2365
52.3101
53.1854
55.9409
62.9003
79.5091
126.315
352.408
62.6619
60.3724
58.3528
56.6339
55.2898
54.6306
55.0266
56.9394
62.8888
78.6721
126.648
387.991
70.8301
66.6286
63.0646
60.1041
57.7493
56.1314
55.9277
57.1269
61.6526
75.6648
123.478
446.108
2.44928
4.99261
5.34976
4.95502
4.42006
5.69044
21.8313
58.5603
79.6648
90.5404
98.7949
102.71
12.159
10.6194
10.1733
13.0485
27.2389
37.9737
43.7909
56.6819
61.6346
63.3031
64.2181
64.2197
20.6906
19.9394
28.1752
29.4824
31.5125
37.8925
43.7949
49.1792
51.1639
52.6061
53.3827
53.5615
27.1826
24.0238
27.9725
28.9539
32.0918
37.6302
42.2712
44.9278
46.7427
48.1385
48.8576
49.0891
30.1584
25.5584
27.9732
29.1098
32.4224
37.0011
40.4037
42.7803
44.5101
45.9045
46.7302
47.0748
29.2117
24.6298
26.9989
28.7796
32.1171
35.9099
39.0293
41.2734
42.9869
44.38
45.3912
45.9808
26.0901
21.8486
24.6337
27.6797
31.5981
35.3777
38.3919
40.6356
42.3794
43.8022
44.9073
45.6734
23.1474
18.7876
22.662
27.6167
32.2386
36.1883
39.2208
41.4673
43.1935
44.5806
45.6751
46.4803
21.5216
17.5456
23.7179
30.4266
36.3656
40.7045
43.6593
45.6616
47.0603
48.0843
48.8383
49.357
21.9271
20.0335
32.4052
43.1111
50.4201
54.466
56.3346
57.0033
56.9966
56.6538
56.1547
55.5596
25.6228
36.7186
62.4498
77.9452
83.6967
84.0739
81.7823
78.3906
74.7651
71.2743
68.087
65.2087
116.323
116.202
129.706
133.164
129.631
120.965
111.793
102.991
94.9709
87.7465
81.3591
75.7317
104.416
103.265
101.313
97.8874
92.3992
85.1794
76.195
65.3338
52.6678
38.9993
26.1496
34.8959
63.6222
62.0976
60.4551
58.8992
57.779
57.6144
59.4011
63.6702
69.559
75.633
82.2081
104.04
53.0435
51.9146
50.5306
49.3116
48.8493
49.199
51.57
56.5151
65.2254
79.5191
103.174
154.947
48.8527
48.1854
47.2779
46.4205
46.0664
46.4809
48.6889
53.6484
63.0712
80.2762
113.947
193.481
47.0494
46.6266
45.9439
45.2606
44.9557
45.3773
47.3994
52.0763
61.3212
79.43
119.251
220.591
46.1826
46.0255
45.5948
45.111
44.8855
45.3379
47.2474
51.7368
60.809
79.1594
122.642
245.788
46.0963
46.1883
46.0254
45.7731
45.7035
46.2049
47.9656
52.1513
60.8958
78.8878
123.844
266.911
47.0044
47.2671
47.2868
47.1995
47.2598
47.7617
49.3335
53.1648
61.5108
79.1302
124.68
293.586
49.6707
49.7551
49.6432
49.4555
49.4387
49.8342
51.1241
54.4906
62.2745
79.4264
125.637
322.464
54.894
54.1652
53.4009
52.6812
52.1878
52.2623
53.1375
55.8908
62.8447
79.4427
126.218
352.134
62.6289
60.3379
58.3178
56.5989
55.255
54.5956
54.9912
56.9014
62.8444
78.6158
126.56
387.709
70.8166
66.6117
63.0455
60.0836
57.7275
56.1084
55.9014
57.0984
61.6187
75.6201
123.406
445.789
170.604
164.599
157.42
148.744
140.244
131.065
121.811
112.808
104.217
95.9501
88.2832
81.2831
103.077
106.087
108.171
108.963
108.585
106.926
104.213
100.567
95.7037
89.6966
83.6091
77.6206
70.3927
72.7391
74.7558
76.2894
77.4724
77.9321
77.5454
76.4562
74.6829
72.405
69.5686
66.1572
53.4272
54.5996
55.4588
55.9774
56.3274
56.479
56.3222
55.9286
55.2753
54.3397
53.1039
51.6477
75.0069
69.6205
65.0344
61.2771
58.3285
56.2464
55.3887
55.9692
58.7126
67.568
92.7534
185.478
71.8687
66.7997
62.4402
58.8776
56.0797
54.1125
53.0211
53.1818
54.6369
58.9836
70.3161
97.6016
62.2361
58.755
55.6949
53.1536
51.1047
49.612
48.6783
48.5431
49.4486
51.3505
56.6876
66.7738
50.1407
48.5272
46.8319
45.2201
43.7935
42.6667
41.9935
41.9457
42.864
44.1096
47.0675
51.4489
170.655
164.624
157.432
148.748
140.246
131.07
121.819
112.819
104.23
95.9638
88.297
81.2962
103.09
106.096
108.173
108.957
108.575
106.916
104.203
100.56
95.7016
89.6973
83.6116
77.6247
70.3923
72.7389
74.7544
76.2843
77.4636
77.9198
77.5319
76.4427
74.6699
72.3926
69.5577
66.1493
53.4191
54.594
55.4531
55.971
56.3189
56.4675
56.3092
55.9145
55.2607
54.3252
53.0905
51.6355
75.0189
69.6312
65.0433
61.2839
58.3329
56.2484
55.3868
55.9654
58.7046
67.5519
92.7186
185.386
71.8735
66.8052
62.4456
58.8822
56.0831
54.1148
53.0214
53.1813
54.6349
58.978
70.3039
97.573
62.23
58.7513
55.6927
53.1523
51.1041
49.6121
48.6796
48.5454
49.452
51.3544
56.6899
66.7732
50.1305
48.5192
46.8263
45.217
43.7933
42.6697
42.0009
41.9552
42.8765
44.1236
47.0829
51.4635
170.574
164.566
157.379
148.695
140.192
131.019
121.772
112.779
104.197
95.9374
88.2769
81.2817
103.06
106.073
108.158
108.944
108.562
106.901
104.189
100.545
95.6846
89.6828
83.6002
77.6161
70.3896
72.7386
74.7573
76.2904
77.4722
77.9286
77.5406
76.4507
74.6772
72.4001
69.5651
66.1558
53.4333
54.6086
55.4694
55.9886
56.3388
56.488
56.33
55.9352
55.2812
54.3454
53.1102
51.6549
75.0094
69.626
65.0419
61.2859
58.3384
56.2569
55.4004
55.9815
58.7262
67.5834
92.7704
185.506
71.8681
66.8028
62.4461
58.8856
56.0895
54.1236
53.034
53.1957
54.6525
59.0017
70.3374
97.6282
62.2377
58.7602
55.7026
53.1634
51.1164
49.6254
48.6941
48.5609
49.4689
51.3733
56.7141
66.8038
50.1493
48.5373
46.8437
45.2337
43.8094
42.6851
42.0156
41.9698
42.8906
44.1385
47.0989
51.4822
170.669
164.627
157.431
148.745
140.243
131.066
121.813
112.811
104.22
95.9521
88.2847
81.2839
103.116
106.121
108.195
108.977
108.593
106.93
104.214
100.566
95.7008
89.694
83.6068
77.6187
70.4234
72.7702
74.7855
76.3143
77.4925
77.9447
77.554
76.4614
74.6847
72.4054
69.5675
66.1546
53.4527
54.6273
55.4858
56.0025
56.3495
56.4952
56.3349
55.9379
55.2817
54.3439
53.1069
51.6504
75.007
69.6199
65.0328
61.2745
58.3248
56.2416
55.3822
55.9618
58.7023
67.5518
92.7252
185.416
71.8674
66.7993
62.4403
58.8779
56.0802
54.113
53.0213
53.182
54.6363
58.9803
70.3087
97.5831
62.2345
58.7551
55.6963
53.1561
51.1084
49.6168
48.6844
48.5502
49.4565
51.3584
56.6939
66.7767
50.1434
48.5304
46.8362
45.2257
43.8009
42.676
42.0053
41.9588
42.8786
44.1246
47.0832
51.4661
43.0584
43.1406
43.1026
42.905
42.6943
42.4311
42.0866
41.6752
41.169
40.5862
39.9795
39.3847
34.539
34.4638
34.3479
34.1579
33.923
33.6052
33.2535
32.9438
32.6966
32.5265
32.3628
31.947
28.0926
28.2542
28.3689
28.3827
28.2342
27.8948
27.5264
27.3098
27.307
27.4787
27.7168
27.6822
23.3512
23.8403
24.2165
24.4066
24.3358
23.933
23.4581
23.1526
23.1493
23.6065
24.7347
26.4651
38.6676
36.8305
35.094
34.063
33.4719
33.5005
34.2345
35.5854
37.4869
39.3862
41.5295
42.8991
31.01
27.9204
25.8278
25.0334
24.9896
25.7095
27.1233
29.0336
31.1786
32.9307
34.2157
34.7628
26.9882
21.5647
19.1341
18.4761
18.7242
19.7219
21.3143
23.2789
25.2479
26.7093
27.6544
28.06
27.7741
17.133
14.3442
13.7889
14.1521
15.1931
16.7101
18.49
20.2142
21.5078
22.379
22.9315
43.0519
43.1335
43.0942
42.8954
42.6828
42.4181
42.073
41.662
41.1573
40.5769
39.9734
39.3818
34.5335
34.455
34.3379
34.1469
33.9108
33.5926
33.2417
32.9342
32.69
32.5241
32.3654
31.9553
28.0875
28.2451
28.3587
28.3719
28.2226
27.8836
27.5173
27.3045
27.3054
27.4821
27.7263
27.7033
23.3458
23.8317
24.2071
24.3969
24.3256
23.9234
23.451
23.1493
23.1504
23.6126
24.7484
26.5004
38.6673
36.8328
35.1001
34.0731
33.4858
33.5172
34.2538
35.6059
37.5085
39.4088
41.5523
42.9223
31.0229
27.9352
25.8459
25.0546
25.0131
25.7343
27.1488
29.0593
31.2048
32.9576
34.2433
34.7902
27.0157
21.5893
19.1594
18.5026
18.7514
19.7493
21.3415
23.3059
25.2754
26.7376
27.683
28.0892
27.8261
17.1646
14.3723
13.8163
14.1792
15.2198
16.7364
18.5161
20.2407
21.5349
22.4068
22.9597
43.075
43.1571
43.1186
42.9206
42.7087
42.4439
42.0984
41.6867
41.1811
40.5995
39.9945
39.4009
34.5616
34.4834
34.3663
34.1754
33.939
33.6199
33.2678
32.9586
32.7127
32.5445
32.383
31.9695
28.1169
28.2747
28.3881
28.4008
28.2508
27.9103
27.5418
27.3262
27.3248
27.4985
27.7397
27.7102
23.3742
23.8601
24.2352
24.4246
24.3525
23.9486
23.4733
23.168
23.1661
23.6249
24.7582
26.5007
38.6847
36.8489
35.1147
34.0862
33.4975
33.5278
34.2635
35.6152
37.5174
39.4175
41.5615
42.9313
31.0337
27.9448
25.8535
25.0606
25.0179
25.7385
27.1527
29.063
31.208
32.9599
34.245
34.7916
27.0181
21.5913
19.1599
18.5021
18.7503
19.7482
21.3405
23.3051
25.2737
26.7348
27.6797
28.0848
27.8171
17.16
14.3676
13.8113
14.1741
15.215
16.732
18.5119
20.2359
21.5292
22.4001
22.9524
43.0833
43.1639
43.1234
42.9228
42.7084
42.441
42.0937
41.6804
41.1736
40.591
39.9851
39.3908
34.5613
34.4816
34.3631
34.1704
33.932
33.6109
33.2575
32.9476
32.7009
32.5319
32.3692
31.9538
28.1113
28.2679
28.3802
28.3918
28.2399
27.8978
27.5285
27.3123
27.3099
27.4825
27.7214
27.6886
23.3657
23.8508
24.2251
24.4134
24.3396
23.9342
23.4583
23.1525
23.148
23.6055
24.7339
26.4691
38.6739
36.8381
35.1033
34.0738
33.4841
33.5138
34.2489
35.6009
37.5042
39.406
41.5514
42.9221
31.0174
27.9296
25.8382
25.0444
25.0011
25.7211
27.1354
29.0469
31.1946
32.9504
34.2389
34.7868
26.9958
21.573
19.1428
18.4846
18.7324
19.7298
21.3224
23.2881
25.2605
26.7258
27.6741
28.0809
27.7826
17.1396
14.3503
13.7943
14.1569
15.1973
16.7142
18.495
20.2221
21.5188
22.3931
22.9464
19.8061
20.6031
21.1811
21.4973
21.4651
20.9434
20.2039
19.4648
18.8417
18.3056
18.0238
20.0924
17.0334
18.0625
18.8132
19.2094
19.1839
18.5077
17.3805
15.9158
14.0249
11.2441
6.65486
3.36254
14.7976
15.9558
16.8334
17.2892
17.2622
16.4467
14.9482
12.828
10.0065
6.3956
3.1611
2.46105
12.9323
14.1388
15.0966
15.6021
15.5854
14.6902
12.9718
10.5135
7.45647
4.31516
2.44518
2.43751
11.3326
12.5319
13.5275
14.0737
14.0839
13.2021
11.4455
8.96264
6.11451
3.64712
2.31573
2.44341
9.93931
11.0925
12.0909
12.6713
12.7287
11.9358
10.2874
7.97986
5.48512
3.50041
2.35253
2.4238
8.72411
9.8064
10.779
11.3874
11.5058
10.8482
9.40101
7.35868
5.21774
3.53775
2.48679
2.30923
7.68499
8.68519
9.6108
10.242
10.423
9.92073
8.72081
6.96017
5.1282
3.66418
2.63586
2.02235
6.8545
7.77735
8.65061
9.30103
9.54238
9.1892
8.23272
6.73689
5.15176
3.83546
2.76441
1.66085
6.34607
7.22227
8.06966
8.74887
9.05412
8.82553
8.05492
6.77426
5.35512
4.08623
2.84824
1.22441
6.6313
7.57935
8.51392
9.30979
9.70931
9.54395
8.81998
7.62596
6.20132
4.70622
2.90043
0.796
12.0692
13.9999
15.9671
17.7551
18.8076
18.5249
17.1485
14.7037
11.4426
7.4459
3.46369
0.364892
41.0566
13.6615
10.7829
10.3951
10.8125
11.7933
13.1432
14.6794
16.1756
17.373
18.2957
19.0562
22.4171
9.79873
8.07172
7.91026
8.36506
9.25161
10.4222
11.7353
13.0316
14.1652
15.1473
16.0657
15.0023
7.1456
6.10714
6.09993
6.56266
7.34957
8.35703
9.48106
10.6158
11.6804
12.6867
13.702
10.6186
5.33543
4.69163
4.77738
5.22336
5.91635
6.78362
7.75056
8.74961
9.73876
10.7335
11.7842
7.68978
4.0608
3.65478
3.79542
4.2148
4.82338
5.57222
6.40861
7.29057
8.19956
9.15363
10.1905
5.58568
3.12681
2.87531
3.05226
3.4435
3.97792
4.62695
5.35433
6.13415
6.96131
7.85488
8.84386
4.02228
2.42098
2.27624
2.47941
2.84564
3.31581
3.88085
4.51757
5.20902
5.95673
6.77946
7.70013
2.87755
1.87393
1.80555
2.03221
2.37989
2.79552
3.29101
3.8546
4.47274
5.14838
5.89905
6.74348
1.99282
1.41667
1.42831
1.68494
2.02395
2.39538
2.83667
3.34743
3.91213
4.53055
5.2186
5.99208
1.29236
1.03005
1.13054
1.44712
1.79418
2.1347
2.54445
3.03179
3.57088
4.1559
4.80788
5.53649
0.727733
0.782084
0.979219
1.38349
1.75441
2.08788
2.51376
3.05587
3.66152
4.30014
5.00481
5.77827
0.308745
1.62956
1.75532
2.32244
2.77998
3.23528
3.98251
5.06624
6.33101
7.63105
9.00244
10.4579
19.802
20.5958
21.1732
21.489
21.4564
20.9352
20.1978
19.4617
18.8422
18.31
18.0325
20.1099
17.0305
18.0568
18.807
19.2028
19.1768
18.5006
17.3746
15.9119
14.0232
11.244
6.65622
3.36223
14.7962
15.9516
16.8289
17.2842
17.2565
16.4405
14.9425
12.8235
10.0033
6.39405
3.16025
2.45969
12.9318
14.1362
15.0936
15.5986
15.5811
14.685
12.9666
10.509
7.45319
4.31358
2.44415
2.43611
11.3327
12.5304
13.5256
14.0714
14.0807
13.1978
11.441
8.95866
6.11176
3.64583
2.31478
2.442
9.9397
11.0917
12.0898
12.6699
12.7264
11.9325
10.2837
7.97664
5.48303
3.49935
2.35165
2.42254
8.72442
9.80587
10.7783
11.3864
11.504
10.8455
9.39802
7.35608
5.21612
3.53693
2.48592
2.30813
7.68496
8.68459
9.60992
10.241
10.4214
9.91853
8.71824
6.95794
5.12682
3.66344
2.63492
2.02148
6.854
7.77652
8.64924
9.29984
9.54073
9.18709
8.23028
6.73472
5.15036
3.83469
2.76331
1.66013
6.34508
7.22089
8.06758
8.74704
9.05205
8.82312
8.05229
6.77181
5.35342
4.08515
2.84696
1.22387
6.63002
7.5772
8.51089
9.30702
9.7065
9.54081
8.81677
7.62278
6.19888
4.70447
2.8989
0.795598
12.0655
13.995
15.9625
17.7506
18.8022
18.5189
17.142
14.6973
11.4371
7.44199
3.46166
0.364716
41.168
13.6962
10.8103
10.421
10.8375
11.8177
13.1671
14.7032
16.1997
17.3977
18.321
19.082
22.4949
9.82966
8.09626
7.9333
8.38706
9.27295
10.4431
11.7561
13.0526
14.1867
15.1694
16.0882
15.0611
7.17165
6.1282
6.1197
6.58153
7.36783
8.37487
9.49877
10.6337
11.6986
12.7054
13.7212
10.6637
5.35688
4.70934
4.79402
5.23933
5.93177
6.79862
7.76535
8.76441
9.75379
10.749
11.8
7.72426
4.07829
3.66956
3.80936
4.22826
4.83635
5.58474
6.42083
7.30267
8.21175
9.16607
10.2033
5.61163
3.14103
2.88754
3.06393
3.45488
3.98887
4.6374
5.36438
6.14396
6.97106
7.86476
8.85394
4.04149
2.4325
2.28628
2.4892
2.85534
3.32514
3.88964
4.52588
5.21697
5.96449
6.7872
7.70797
2.89172
1.88336
1.81373
2.04045
2.38827
2.80363
3.29854
3.86156
4.47924
5.15458
5.90512
6.74952
2.00267
1.42621
1.4355
1.69199
2.03138
2.40265
2.84332
3.35342
3.91761
4.53564
5.22348
5.99681
1.29879
1.03338
1.13886
1.45271
1.80114
2.14168
2.55075
3.03731
3.57583
4.16039
4.8121
5.54042
0.731744
0.680626
0.996176
1.38615
1.7616
2.09534
2.52053
3.06172
3.66678
4.30486
5.0092
5.78228
0.310768
0.335768
1.74719
2.33286
2.79284
3.24832
3.99464
5.07669
6.34105
7.64052
9.01104
10.4659
19.828
20.6217
21.1989
21.5146
21.4814
20.9585
20.218
19.478
18.8547
18.3195
18.0411
20.1229
17.0534
18.0796
18.8298
19.2257
19.1994
18.5219
17.3933
15.9269
14.0347
11.2531
6.66382
3.36953
14.8156
15.9712
16.8486
17.3042
17.2765
16.4598
14.9598
12.8377
10.0147
6.40288
3.16669
2.46639
12.9479
14.1525
15.1102
15.6156
15.5984
14.702
12.9823
10.5224
7.46391
4.3213
2.44943
2.44256
11.3458
12.5436
13.5392
14.0854
14.0952
13.2125
11.4549
8.97074
6.1213
3.65249
2.31951
2.44856
9.95004
11.1023
12.1006
12.6812
12.7383
11.9448
10.2957
7.9873
5.49124
3.50523
2.35614
2.42873
8.73244
9.8141
10.7867
11.3955
11.5134
10.8558
9.40794
7.3655
5.22306
3.54211
2.49026
2.31375
7.69113
8.69101
9.61656
10.2483
10.4287
9.92706
8.72644
6.96631
5.13283
3.6681
2.63919
2.02604
6.85875
7.78168
8.65447
9.30633
9.5457
9.19518
8.23626
6.74308
5.15533
3.83889
2.76776
1.66319
6.34907
7.2253
8.07259
8.75269
9.05674
8.83001
8.05814
6.77931
5.35849
4.08937
2.85105
1.22642
6.63419
7.58201
8.51678
9.31306
9.71198
9.54843
8.82303
7.63071
6.20476
4.70944
2.90315
0.797025
12.0748
14.0055
15.9752
17.7606
18.8171
18.5318
17.1578
14.7112
11.4493
7.45158
3.46681
0.365161
41.1435
13.6872
10.8024
10.4134
10.8301
11.8108
13.1607
14.697
16.1932
17.3904
18.3131
19.0733
22.4703
9.81907
8.08721
7.92457
8.3787
9.26507
10.4357
11.749
13.0454
14.1791
15.1612
16.0795
15.0388
7.16113
6.11905
6.11084
6.573
7.35973
8.36723
9.49145
10.6264
11.691
12.6975
13.7128
10.6445
5.34719
4.7007
4.78558
5.23111
5.92389
6.79117
7.75825
8.75746
9.74676
10.7416
11.7924
7.70817
4.06969
3.6617
3.80156
4.22057
4.82892
5.57769
6.41414
7.29622
8.20531
9.15949
10.1965
5.59853
3.13362
2.88055
3.05685
3.44779
3.98195
4.63082
5.35817
6.13803
6.96523
7.85884
8.84783
4.03146
2.42632
2.28019
2.48282
2.84884
3.31872
3.88352
4.52011
5.21152
5.95918
6.78187
7.70249
2.88393
1.87802
1.80851
2.0347
2.3823
2.79765
3.29281
3.85614
4.47416
5.14968
5.90024
6.74456
1.99705
1.41962
1.43045
1.68672
2.02582
2.397
2.83786
3.34822
3.91275
4.53097
5.21886
5.99217
1.29494
1.03196
1.13192
1.44838
1.79576
2.13612
2.54529
3.03207
3.57092
4.15567
4.80744
5.53583
0.729023
0.78306
0.97993
1.38456
1.75609
2.08944
2.51455
3.05567
3.66104
4.29932
5.00374
5.77697
0.309146
1.63095
1.75656
2.32529
2.78405
3.23887
3.98441
5.06516
6.32941
7.62918
8.99991
10.4548
19.8188
20.6116
21.1878
21.5025
21.4677
20.9431
20.202
19.4614
18.836
18.2974
18.0143
20.0871
17.0442
18.0697
18.8188
19.2137
19.1857
18.5063
17.3769
15.9101
14.0167
11.2345
6.64961
3.36131
14.8069
15.962
16.8382
17.2922
17.2629
16.4446
14.9437
12.8216
9.99898
6.38962
3.15917
2.4602
12.94
14.1441
15.1003
15.6023
15.5826
14.6878
12.9673
10.5078
7.45102
4.31222
2.44415
2.43673
11.3386
12.536
13.5305
14.0752
14.0832
13.1997
11.4414
8.95804
6.11092
3.64561
2.31499
2.44264
9.94364
11.0954
12.0929
12.6724
12.7282
11.9334
10.2838
7.97627
5.48276
3.49945
2.35199
2.42317
8.7267
9.80793
10.7798
11.3876
11.5046
10.8455
9.39766
7.35567
5.21597
3.53709
2.48626
2.30863
7.6859
8.68531
9.61023
10.241
10.4209
9.91778
8.71743
6.95733
5.12658
3.66355
2.6352
2.0219
6.85393
7.77624
8.64863
9.29894
9.5394
9.18571
8.22903
6.73385
5.14995
3.8347
2.76353
1.66042
6.34431
7.21996
8.06638
8.74555
9.05018
8.82127
8.0507
6.7707
5.35285
4.08506
2.84712
1.22406
6.62881
7.57597
8.50942
9.30525
9.70427
9.53862
8.8149
7.6214
6.19816
4.70433
2.89897
0.795668
12.064
13.9939
15.9608
17.7481
18.7986
18.5151
17.1386
14.6946
11.4355
7.44166
3.46162
0.364714
41.0701
13.6662
10.7865
10.3981
10.8146
11.7946
13.1441
14.6808
16.1786
17.3784
18.3035
19.0646
22.4236
9.80155
8.07364
7.91156
8.36539
9.251
10.4209
11.7339
13.0308
14.1655
15.1491
16.0683
15.0061
7.14732
6.10809
6.10027
6.56205
7.34793
8.35442
9.47777
10.6123
11.6769
12.6835
13.6992
10.6215
5.33658
4.69216
4.7773
5.22242
5.91435
6.78045
7.74629
8.74439
9.73277
10.7268
11.777
7.69185
4.06163
3.6552
3.7953
4.2139
4.82147
5.56905
6.40404
7.28457
8.19216
9.14467
10.1804
5.58754
3.12749
2.87574
3.05229
3.44289
3.97636
4.62412
5.34996
6.12805
6.95339
7.84486
8.83204
4.0236
2.42151
2.27674
2.47968
2.8454
3.31473
3.87858
4.51374
5.20331
5.94896
6.76928
7.68783
2.87868
1.87444
1.80616
2.03275
2.38003
2.79496
3.28939
3.85148
4.4677
5.1412
5.8894
6.73161
1.99374
1.41719
1.42904
1.68572
2.02444
2.39529
2.83569
3.34509
3.90793
4.52419
5.20984
5.98129
1.29314
1.03064
1.13142
1.44817
1.79499
2.13502
2.54407
3.03024
3.56752
4.15036
4.80007
5.52696
0.728323
0.782962
0.980383
1.3848
1.75544
2.08843
2.51385
3.05517
3.65894
4.29509
4.99736
5.77058
0.308968
1.6323
1.75742
2.32422
2.78101
3.2357
3.98258
5.06678
6.32866
7.62451
8.9915
10.4485
)
;

boundaryField
{
    rotor
    {
        Cmu             0.09;
        kappa           0.41;
        E               9.8;
        type            epsilonWallFunction;
        value           nonuniform List<scalar> 
192
(
2.4122
4.91556
5.28791
4.89659
4.38422
5.67972
21.9977
58.7848
79.8744
90.7699
99.0244
102.939
104.635
103.476
101.505
98.063
92.553
85.3127
76.3056
65.4215
52.7321
39.0428
26.175
34.9298
2.44852
4.99037
5.3471
4.95191
4.41735
5.68982
21.8359
58.5642
79.6713
90.5526
98.8087
102.725
104.429
103.275
101.319
97.8896
92.398
85.1752
76.1884
65.3253
52.6582
38.99
26.1396
34.881
2.44935
4.99016
5.34118
4.94142
4.41364
5.71315
22.1098
58.8711
79.9215
90.8229
99.0743
102.99
104.682
103.518
101.54
98.0908
92.5718
85.3241
76.3107
65.4206
52.7272
39.0355
26.1659
34.9163
2.44928
4.99261
5.34976
4.95502
4.42006
5.69044
21.8313
58.5603
79.6648
90.5404
98.7949
102.71
104.416
103.265
101.313
97.8874
92.3992
85.1794
76.195
65.3338
52.6678
38.9993
26.1496
34.8959
2.4122
12.1494
20.6486
27.1922
30.2062
29.2645
26.1389
23.193
21.5568
21.9594
25.6505
116.292
34.8959
104.04
154.947
193.481
220.591
245.788
266.911
293.586
322.464
352.134
387.709
445.789
2.44852
12.1557
20.6907
27.1841
30.1645
29.2163
26.0943
23.1546
21.5276
21.9314
25.6239
116.299
34.9298
104.139
155.095
193.67
220.804
246.018
267.15
293.832
322.721
352.389
387.959
446.046
2.44935
12.169
20.755
27.2695
30.2759
29.3089
26.1645
23.2117
21.5625
21.9571
25.6411
116.282
34.881
104.006
154.913
193.445
220.556
245.752
266.872
293.543
322.42
352.088
387.661
445.733
2.44928
12.159
20.6906
27.1826
30.1584
29.2117
26.0901
23.1474
21.5216
21.9271
25.6228
116.323
34.9163
104.109
155.066
193.644
220.783
246.003
267.141
293.83
322.729
352.408
387.991
446.108
)
;
    }
    stator
    {
        Cmu             0.09;
        kappa           0.41;
        E               9.8;
        type            epsilonWallFunction;
        value           nonuniform List<scalar> 
192
(
12.0692
13.9999
15.9671
17.7551
18.8076
18.5249
17.1485
14.7037
11.4426
7.4459
3.46369
0.364892
0.308745
1.62956
1.75532
2.32244
2.77998
3.23528
3.98251
5.06624
6.33101
7.63105
9.00244
10.4579
12.0655
13.995
15.9625
17.7506
18.8022
18.5189
17.142
14.6973
11.4371
7.44199
3.46166
0.364716
0.310768
0.335768
1.74719
2.33286
2.79284
3.24832
3.99464
5.07669
6.34105
7.64052
9.01104
10.4659
12.0748
14.0055
15.9752
17.7606
18.8171
18.5318
17.1578
14.7112
11.4493
7.45158
3.46681
0.365161
0.309146
1.63095
1.75656
2.32529
2.78405
3.23887
3.98441
5.06516
6.32941
7.62918
8.99991
10.4548
12.064
13.9939
15.9608
17.7481
18.7986
18.5151
17.1386
14.6946
11.4355
7.44166
3.46162
0.364714
0.308968
1.6323
1.75742
2.32422
2.78101
3.2357
3.98258
5.06678
6.32866
7.62451
8.9915
10.4485
41.0566
22.4171
15.0023
10.6186
7.68978
5.58568
4.02228
2.87755
1.99282
1.29236
0.727733
0.308745
20.0924
3.36254
2.46105
2.43751
2.44341
2.4238
2.30923
2.02235
1.66085
1.22441
0.796
0.364892
41.168
22.4949
15.0611
10.6637
7.72426
5.61163
4.04149
2.89172
2.00267
1.29879
0.731744
0.310768
20.1099
3.36223
2.45969
2.43611
2.442
2.42254
2.30813
2.02148
1.66013
1.22387
0.795598
0.364716
41.1435
22.4703
15.0388
10.6445
7.70817
5.59853
4.03146
2.88393
1.99705
1.29494
0.729023
0.309146
20.1229
3.36953
2.46639
2.44256
2.44856
2.42873
2.31375
2.02604
1.66319
1.22642
0.797025
0.365161
41.0701
22.4236
15.0061
10.6215
7.69185
5.58754
4.0236
2.87868
1.99374
1.29314
0.728323
0.308968
20.0871
3.36131
2.4602
2.43673
2.44264
2.42317
2.30863
2.0219
1.66042
1.22406
0.795668
0.364714
)
;
    }
    front
    {
        type            empty;
    }
    back
    {
        type            empty;
    }
}


// ************************************************************************* //
