/*--------------------------------*- C++ -*----------------------------------*\
  =========                 |
  \\      /  F ield         | OpenFOAM: The Open Source CFD Toolbox
   \\    /   O peration     | Website:  https://openfoam.org
    \\  /    A nd           | Version:  6
     \\/     M anipulation  |
\*---------------------------------------------------------------------------*/
FoamFile
{
    version     2.0;
    format      ascii;
    class       surfaceScalarField;
    location    "250";
    object      phi;
}
// * * * * * * * * * * * * * * * * * * * * * * * * * * * * * * * * * * * * * //

dimensions      [0 3 -1 0 0 0 0];

internalField   nonuniform List<scalar> 
5952
(
5.63799e-06
-5.55294e-06
9.33164e-06
-3.69411e-06
1.20442e-05
-2.71172e-06
1.25709e-05
-5.24467e-07
9.96528e-06
2.60561e-06
4.28617e-06
5.68395e-06
-6.88624e-06
1.11717e-05
-2.333e-05
1.6446e-05
-3.7261e-05
1.39304e-05
-4.80602e-05
1.07992e-05
-5.63335e-05
8.27298e-06
6.09786e-06
-6.2432e-05
1.99563e-06
-7.54744e-06
2.81263e-06
-4.50991e-06
1.9489e-07
-9.27903e-08
-6.23673e-06
5.9092e-06
-1.73856e-05
1.37551e-05
-3.04793e-05
1.87787e-05
-3.99691e-05
2.06618e-05
-4.36464e-05
2.0124e-05
-4.66416e-05
1.69257e-05
-4.95729e-05
1.37305e-05
-5.21597e-05
1.08598e-05
7.88522e-06
-5.39475e-05
-7.50734e-07
-6.7958e-06
-4.12286e-06
-1.13652e-06
-1.11578e-05
6.94296e-06
-2.07561e-05
1.55086e-05
-2.85038e-05
2.15032e-05
-3.33928e-05
2.36685e-05
-3.61348e-05
2.34041e-05
-3.7458e-05
2.14477e-05
-3.87322e-05
1.82e-05
-4.0056e-05
1.50542e-05
-4.11444e-05
1.19483e-05
8.80279e-06
-4.20622e-05
-4.36944e-06
-2.42509e-06
-1.03192e-05
4.81418e-06
-1.67294e-05
1.33537e-05
-2.21925e-05
2.09725e-05
-2.5674e-05
2.4985e-05
-2.76582e-05
2.56532e-05
-2.87183e-05
2.44642e-05
-2.9274e-05
2.20034e-05
-2.98422e-05
1.87681e-05
-3.0334e-05
1.55458e-05
-3.07247e-05
1.23388e-05
9.17242e-06
-3.10947e-05
-5.49477e-06
3.07139e-06
-1.07826e-05
1.01028e-05
-1.51377e-05
1.77095e-05
-1.80472e-05
2.38829e-05
-1.95135e-05
2.64517e-05
-2.01106e-05
2.62507e-05
-2.01066e-05
2.44601e-05
-1.99106e-05
2.18072e-05
-1.98587e-05
1.87158e-05
-1.98808e-05
1.55675e-05
-1.99577e-05
1.24153e-05
9.27712e-06
-2.00628e-05
-4.869e-06
7.94206e-06
-8.84719e-06
1.40825e-05
-1.14434e-05
2.03069e-05
-1.25091e-05
2.49498e-05
-1.25628e-05
2.65064e-05
-1.20242e-05
2.57126e-05
-1.12591e-05
2.36956e-05
-1.05473e-05
2.10952e-05
-1.00248e-05
1.81933e-05
-9.66545e-06
1.52078e-05
-9.43873e-06
1.21883e-05
9.14333e-06
-9.30527e-06
-3.81433e-06
1.17594e-05
-6.57054e-06
1.68408e-05
-7.60818e-06
2.13465e-05
-7.10511e-06
2.44489e-05
-5.77394e-06
2.51766e-05
-4.18391e-06
2.4124e-05
-2.67137e-06
2.21836e-05
-1.38026e-06
1.98048e-05
-3.72776e-07
1.71859e-05
3.78845e-07
1.44563e-05
9.16926e-07
1.16502e-05
8.77247e-06
1.28777e-06
-3.0353e-06
1.47978e-05
-4.62953e-06
1.84371e-05
-4.18412e-06
2.09034e-05
-2.14699e-06
2.24136e-05
5.55555e-07
2.24759e-05
3.22617e-06
2.14547e-05
5.5854e-06
1.98254e-05
7.54347e-06
1.78472e-05
9.09037e-06
1.56393e-05
1.02724e-05
1.32744e-05
1.11505e-05
1.07723e-05
8.1409e-06
1.1782e-05
-2.44412e-06
1.72449e-05
-3.0559e-06
1.9051e-05
-9.3184e-07
1.87814e-05
2.6834e-06
1.88002e-05
6.72094e-06
1.84402e-05
1.04922e-05
1.7685e-05
1.37392e-05
1.65796e-05
1.64093e-05
1.5178e-05
1.85295e-05
1.35198e-05
2.01683e-05
1.16359e-05
2.14085e-05
9.53235e-06
7.22658e-06
2.2323e-05
-3.09308e-06
2.03387e-05
-1.19515e-06
1.71549e-05
3.52243e-06
1.4065e-05
8.8506e-06
1.34737e-05
1.408e-05
1.32123e-05
1.87515e-05
1.3015e-05
2.271e-05
1.26223e-05
2.59504e-05
1.19385e-05
2.85309e-05
1.09397e-05
3.05376e-05
9.62957e-06
3.20725e-05
7.99747e-06
6.07881e-06
3.32204e-05
3.5666e-08
2.03049e-05
6.55279e-06
1.06387e-05
1.34432e-05
7.1757e-06
1.97764e-05
7.14183e-06
2.53722e-05
7.61802e-06
3.01779e-05
8.21085e-06
3.42021e-05
8.59943e-06
3.74884e-05
8.65324e-06
4.0112e-05
8.31688e-06
4.2158e-05
7.58403e-06
4.37327e-05
6.42314e-06
4.89618e-06
4.49157e-05
1.9874e-05
4.30301e-07
2.84437e-05
2.06886e-06
3.43281e-05
1.29155e-06
3.92423e-05
2.22793e-06
4.3306e-05
3.55503e-06
4.67647e-05
4.75293e-06
4.97112e-05
5.65375e-06
5.21635e-05
6.20138e-06
5.41454e-05
6.3354e-06
5.56893e-05
6.04013e-06
5.68747e-05
5.23783e-06
5.77516e-05
4.01926e-06
-6.63968e-05
3.96484e-06
-6.85343e-05
2.13693e-06
-6.88448e-05
3.10942e-07
-6.75441e-05
-1.30143e-06
-6.46088e-05
-2.93509e-06
-5.9949e-05
-4.66066e-06
-5.34669e-05
-6.48188e-06
-4.50237e-05
-8.44295e-06
-3.44809e-05
-1.05429e-05
-2.19967e-05
-1.24834e-05
-9.21384e-06
-1.27819e-05
-9.21353e-06
-5.51191e-05
5.13676e-06
-5.55655e-05
2.58298e-06
-5.54122e-05
1.58152e-07
-5.45198e-05
-2.19405e-06
-5.2798e-05
-4.65666e-06
-5.01215e-05
-7.33721e-06
-4.63078e-05
-1.02951e-05
-4.11407e-05
-1.36095e-05
-3.43872e-05
-1.72956e-05
-2.57903e-05
-2.10801e-05
-1.44693e-05
-2.41024e-05
-2.36826e-05
-4.27355e-05
5.81017e-06
-4.30976e-05
2.94479e-06
-4.30561e-05
1.16864e-07
-4.24528e-05
-2.79742e-06
-4.12139e-05
-5.89529e-06
-3.92659e-05
-9.28501e-06
-3.6493e-05
-1.30676e-05
-3.27937e-05
-1.73081e-05
-2.80451e-05
-2.20438e-05
-2.1765e-05
-2.73597e-05
-1.30964e-05
-3.27705e-05
-3.67787e-05
-3.13655e-05
6.08086e-06
-3.14413e-05
3.02037e-06
-3.12394e-05
-8.50354e-08
-3.07008e-05
-3.33614e-06
-2.97716e-05
-6.82442e-06
-2.84073e-05
-1.06492e-05
-2.6531e-05
-1.49436e-05
-2.40577e-05
-1.9781e-05
-2.08202e-05
-2.5281e-05
-1.64116e-05
-3.1768e-05
-9.98555e-06
-3.91961e-05
-4.67639e-05
-2.01322e-05
6.14993e-06
-2.01069e-05
2.99475e-06
-1.9939e-05
-2.53072e-07
-1.95975e-05
-3.67772e-06
-1.90574e-05
-7.36454e-06
-1.82914e-05
-1.14151e-05
-1.72579e-05
-1.59767e-05
-1.58935e-05
-2.1145e-05
-1.40231e-05
-2.71511e-05
-1.14765e-05
-3.43143e-05
-7.3934e-06
-4.32785e-05
-5.41571e-05
-9.2156e-06
6.06e-06
-9.12806e-06
2.90706e-06
-9.01493e-06
-3.66322e-07
-8.86407e-06
-3.82851e-06
-8.67122e-06
-7.55732e-06
-8.43384e-06
-1.16522e-05
-8.16844e-06
-1.62417e-05
-7.842e-06
-2.1471e-05
-7.38625e-06
-2.76066e-05
-6.61232e-06
-3.50877e-05
-4.83168e-06
-4.50587e-05
-5.89885e-05
1.53583e-06
5.81194e-06
1.69327e-06
2.74963e-06
1.77526e-06
-4.4813e-07
1.77783e-06
-3.83092e-06
1.68228e-06
-7.46142e-06
1.45771e-06
-1.14273e-05
1.06181e-06
-1.58454e-05
4.6651e-07
-2.08754e-05
-3.28156e-07
-2.68116e-05
-1.22395e-06
-3.41918e-05
-1.82454e-06
-4.44575e-05
-6.08128e-05
1.22165e-05
5.3775e-06
1.24836e-05
2.48268e-06
1.25907e-05
-5.54986e-07
1.25205e-05
-3.76037e-06
1.22321e-05
-7.17265e-06
1.16633e-05
-1.08582e-05
1.07279e-05
-1.49097e-05
9.32357e-06
-1.94708e-05
7.33795e-06
-2.48259e-05
4.71712e-06
-3.15705e-05
1.79507e-06
-4.15351e-05
-5.90173e-05
2.29736e-05
4.72714e-06
2.33929e-05
2.06363e-06
2.35867e-05
-7.48347e-07
2.35297e-05
-3.70294e-06
2.31637e-05
-6.80619e-06
2.23994e-05
-1.00935e-05
2.11035e-05
-1.36135e-05
1.90955e-05
-1.74626e-05
1.61283e-05
-2.18583e-05
1.19295e-05
-2.73714e-05
6.51878e-06
-3.61235e-05
-5.24983e-05
3.40591e-05
3.8885e-06
3.4626e-05
1.49699e-06
3.49302e-05
-1.05216e-06
3.49464e-05
-3.71864e-06
3.46072e-05
-6.46655e-06
3.38061e-05
-9.29208e-06
3.23702e-05
-1.21772e-05
3.00473e-05
-1.51394e-05
2.64304e-05
-1.82411e-05
2.10211e-05
-2.19616e-05
1.2937e-05
-2.80389e-05
-3.956e-05
4.57998e-05
3.00467e-06
4.64195e-05
8.77778e-07
4.67877e-05
-1.41979e-06
4.68824e-05
-3.81277e-06
4.66366e-05
-6.22018e-06
4.59418e-05
-8.59692e-06
4.46061e-05
-1.08411e-05
4.23494e-05
-1.28824e-05
3.86173e-05
-1.45086e-05
3.26726e-05
-1.60161e-05
2.19836e-05
-1.73487e-05
-1.75756e-05
5.84275e-05
2.32893e-06
5.89197e-05
3.85916e-07
5.92421e-05
-1.74175e-06
5.93725e-05
-3.94258e-06
5.92481e-05
-6.09538e-06
5.87718e-05
-8.12014e-06
5.77652e-05
-9.83415e-06
5.59849e-05
-1.11017e-05
5.29083e-05
-1.14315e-05
4.75789e-05
-1.06864e-05
3.62198e-05
-5.98866e-06
1.86453e-05
5.55733e-06
-5.5545e-06
9.2877e-06
-3.73091e-06
1.20207e-05
-2.73175e-06
1.25599e-05
-5.38432e-07
9.97212e-06
2.5889e-06
4.30948e-06
5.6673e-06
-6.82732e-06
1.11385e-05
-2.32636e-05
1.64399e-05
-3.72063e-05
1.39439e-05
-4.80072e-05
1.08023e-05
-5.62858e-05
8.27979e-06
6.10106e-06
-6.23862e-05
2.01298e-06
-7.56566e-06
2.8159e-06
-4.53225e-06
1.97674e-07
-1.12529e-07
-6.22201e-06
5.88266e-06
-1.73557e-05
1.37231e-05
-3.04461e-05
1.87585e-05
-3.99541e-05
2.06471e-05
-4.3636e-05
2.01226e-05
-4.66222e-05
1.69308e-05
-4.95523e-05
1.37327e-05
-5.21366e-05
1.08647e-05
7.88907e-06
-5.39245e-05
-7.5693e-07
-6.80595e-06
-4.13001e-06
-1.1576e-06
-1.11531e-05
6.91177e-06
-2.07432e-05
1.54734e-05
-2.84944e-05
2.14747e-05
-3.33862e-05
2.36508e-05
-3.61314e-05
2.33925e-05
-3.74527e-05
2.14442e-05
-3.87221e-05
1.82001e-05
-4.00437e-05
1.50543e-05
-4.11298e-05
1.19507e-05
8.80565e-06
-4.20466e-05
-4.37421e-06
-2.42886e-06
-1.03192e-05
4.78879e-06
-1.67264e-05
1.33202e-05
-2.21904e-05
2.09382e-05
-2.56746e-05
2.49595e-05
-2.76592e-05
2.56359e-05
-2.87188e-05
2.44521e-05
-2.9272e-05
2.19975e-05
-2.98373e-05
1.87651e-05
-3.03274e-05
1.55442e-05
-3.07162e-05
1.2339e-05
9.17354e-06
-3.10845e-05
-5.49298e-06
3.06653e-06
-1.07824e-05
1.00797e-05
-1.51389e-05
1.76773e-05
-1.80512e-05
2.38519e-05
-1.95187e-05
2.64279e-05
-2.01156e-05
2.62333e-05
-2.01108e-05
2.4448e-05
-1.99126e-05
2.1799e-05
-1.9858e-05
1.87106e-05
-1.98784e-05
1.5564e-05
-1.99533e-05
1.24137e-05
9.2768e-06
-2.00572e-05
-4.86821e-06
7.93711e-06
-8.84961e-06
1.40612e-05
-1.14487e-05
2.02784e-05
-1.25175e-05
2.49219e-05
-1.25722e-05
2.6484e-05
-1.20328e-05
2.56957e-05
-1.12668e-05
2.36825e-05
-1.05525e-05
2.10858e-05
-1.00283e-05
1.81863e-05
-9.66701e-06
1.5203e-05
-9.4389e-06
1.21852e-05
9.14198e-06
-9.30407e-06
-3.81583e-06
1.17552e-05
-6.57525e-06
1.68234e-05
-7.61753e-06
2.13221e-05
-7.11756e-06
2.44243e-05
-5.78697e-06
2.51559e-05
-4.19641e-06
2.41069e-05
-2.68215e-06
2.217e-05
-1.38941e-06
1.97941e-05
-3.79958e-07
1.71778e-05
3.73175e-07
1.44503e-05
9.12776e-07
1.16461e-05
8.77011e-06
1.28484e-06
-3.03868e-06
1.47975e-05
-4.63724e-06
1.84239e-05
-4.19653e-06
2.08845e-05
-2.16235e-06
2.23927e-05
5.39307e-07
2.24565e-05
3.2106e-06
2.14378e-05
5.57111e-06
1.98112e-05
7.53087e-06
1.78356e-05
9.07944e-06
1.56301e-05
1.02631e-05
1.32672e-05
1.11426e-05
1.0767e-05
8.1375e-06
1.17755e-05
-2.4483e-06
1.72488e-05
-3.06349e-06
1.90426e-05
-9.44674e-07
1.87667e-05
2.6674e-06
1.87831e-05
6.70344e-06
1.84227e-05
1.04747e-05
1.76688e-05
1.37225e-05
1.65652e-05
1.6394e-05
1.51656e-05
1.85158e-05
1.35094e-05
2.01561e-05
1.16276e-05
2.13978e-05
9.52584e-06
7.22197e-06
2.23138e-05
-3.09472e-06
2.03474e-05
-1.20093e-06
1.71495e-05
3.5136e-06
1.4056e-05
8.83765e-06
1.34605e-05
1.40648e-05
1.31976e-05
1.87353e-05
1.3e-05
2.26939e-05
1.26083e-05
2.5935e-05
1.19258e-05
2.85167e-05
1.09287e-05
3.05246e-05
9.62021e-06
3.2061e-05
7.98985e-06
6.07296e-06
3.32102e-05
3.90185e-08
2.03107e-05
6.55409e-06
1.06379e-05
1.34403e-05
7.16872e-06
1.97703e-05
7.13208e-06
2.53635e-05
7.60603e-06
3.01674e-05
8.19784e-06
3.41906e-05
8.5867e-06
3.74766e-05
8.64123e-06
4.01004e-05
8.30601e-06
4.21471e-05
7.57424e-06
4.37228e-05
6.41483e-06
4.88934e-06
4.49068e-05
1.98822e-05
4.30163e-07
2.8452e-05
2.0672e-06
3.43346e-05
1.28869e-06
3.92456e-05
2.22136e-06
4.3306e-05
3.54608e-06
4.67619e-05
4.74276e-06
4.97062e-05
5.64314e-06
5.21572e-05
6.19093e-06
5.41384e-05
6.3253e-06
5.56824e-05
6.03063e-06
5.68682e-05
5.22918e-06
5.77459e-05
4.01183e-06
-6.63547e-05
3.96953e-06
-6.84947e-05
2.14029e-06
-6.88087e-05
3.15039e-07
-6.75108e-05
-1.29815e-06
-6.45789e-05
-2.93147e-06
-5.99223e-05
-4.65732e-06
-5.34438e-05
-6.47817e-06
-4.50041e-05
-8.43938e-06
-3.44653e-05
-1.05389e-05
-2.19851e-05
-1.24794e-05
-9.20806e-06
-1.27759e-05
-9.20776e-06
-5.50957e-05
5.14129e-06
-5.55425e-05
2.58708e-06
-5.53892e-05
1.62409e-07
-5.44977e-05
-2.18989e-06
-5.27768e-05
-4.65208e-06
-5.0102e-05
-7.33223e-06
-4.62901e-05
-1.02897e-05
-4.11254e-05
-1.36037e-05
-3.43745e-05
-1.72892e-05
-2.5781e-05
-2.10728e-05
-1.44626e-05
-2.40939e-05
-2.36702e-05
-4.27189e-05
5.8136e-06
-4.30806e-05
2.94848e-06
-4.30391e-05
1.20972e-07
-4.24364e-05
-2.79283e-06
-4.11985e-05
-5.89004e-06
-3.92517e-05
-9.279e-06
-3.64804e-05
-1.30608e-05
-3.27831e-05
-1.73005e-05
-2.8037e-05
-2.20352e-05
-2.17597e-05
-2.73499e-05
-1.30941e-05
-3.27592e-05
-3.67641e-05
-3.13542e-05
6.08297e-06
-3.14294e-05
3.02327e-06
-3.12273e-05
-8.13609e-08
-3.06889e-05
-3.33155e-06
-2.97603e-05
-6.81881e-06
-2.83968e-05
-1.06425e-05
-2.65217e-05
-1.49358e-05
-2.40498e-05
-1.97722e-05
-2.0814e-05
-2.52709e-05
-1.6407e-05
-3.17567e-05
-9.98273e-06
-3.91832e-05
-4.67467e-05
-2.01255e-05
6.15099e-06
-2.00996e-05
2.99689e-06
-1.99313e-05
-2.49847e-07
-1.95898e-05
-3.67327e-06
-1.905e-05
-7.35881e-06
-1.82844e-05
-1.14081e-05
-1.72518e-05
-1.59682e-05
-1.58884e-05
-2.11354e-05
-1.4019e-05
-2.714e-05
-1.14738e-05
-3.43018e-05
-7.39268e-06
-4.32641e-05
-5.41393e-05
-9.21345e-06
6.06013e-06
-9.12515e-06
2.90856e-06
-9.01153e-06
-3.63511e-07
-8.86041e-06
-3.82432e-06
-8.66749e-06
-7.55162e-06
-8.43027e-06
-1.1645e-05
-8.16523e-06
-1.62331e-05
-7.83924e-06
-2.14609e-05
-7.38409e-06
-2.75951e-05
-6.61095e-06
-3.50747e-05
-4.83101e-06
-4.50437e-05
-5.89703e-05
1.53399e-06
5.81126e-06
1.69232e-06
2.7505e-06
1.77493e-06
-4.45799e-07
1.778e-06
-3.82701e-06
1.68271e-06
-7.45597e-06
1.45827e-06
-1.14202e-05
1.06237e-06
-1.58367e-05
4.66913e-07
-2.08652e-05
-3.27974e-07
-2.67998e-05
-1.22401e-06
-3.41783e-05
-1.82518e-06
-4.44426e-05
-6.07952e-05
1.22112e-05
5.37586e-06
1.24793e-05
2.48273e-06
1.25873e-05
-5.5329e-07
1.25177e-05
-3.75705e-06
1.22298e-05
-7.16762e-06
1.16614e-05
-1.08514e-05
1.07263e-05
-1.49012e-05
9.3221e-06
-1.94606e-05
7.33667e-06
-2.48142e-05
4.71573e-06
-3.15574e-05
1.79414e-06
-4.15205e-05
-5.9001e-05
2.29658e-05
4.72431e-06
2.33863e-05
2.06264e-06
2.35811e-05
-7.47549e-07
2.3525e-05
-3.70039e-06
2.31596e-05
-6.8018e-06
2.23958e-05
-1.00873e-05
2.11004e-05
-1.36053e-05
1.90927e-05
-1.74527e-05
1.61256e-05
-2.18467e-05
1.19272e-05
-2.73584e-05
6.51682e-06
-3.61098e-05
-5.24839e-05
3.40504e-05
3.88446e-06
3.46186e-05
1.49487e-06
3.49239e-05
-1.05238e-06
3.49409e-05
-3.71693e-06
3.46023e-05
-6.46289e-06
3.38018e-05
-9.28634e-06
3.23662e-05
-1.21694e-05
3.00436e-05
-1.51296e-05
2.64269e-05
-1.82296e-05
2.10178e-05
-2.19488e-05
1.29346e-05
-2.80262e-05
-3.95482e-05
4.57922e-05
2.99958e-06
4.6413e-05
8.74642e-07
4.67821e-05
-1.42092e-06
4.68774e-05
-3.8118e-06
4.6632e-05
-6.21712e-06
4.59376e-05
-8.5915e-06
4.46021e-05
-1.08334e-05
4.23455e-05
-1.28725e-05
3.86134e-05
-1.4497e-05
3.26686e-05
-1.60036e-05
2.19807e-05
-1.73367e-05
-1.75675e-05
5.84227e-05
2.323e-06
5.89156e-05
3.82e-07
5.92385e-05
-1.74346e-06
5.93691e-05
-3.94204e-06
5.92448e-05
-6.09241e-06
5.87682e-05
-8.11465e-06
5.77615e-05
-9.82614e-06
5.59809e-05
-1.10915e-05
5.29039e-05
-1.14195e-05
4.75744e-05
-1.06732e-05
3.62156e-05
-5.9784e-06
1.86498e-05
5.55494e-06
-5.55101e-06
9.28238e-06
-3.72776e-06
1.20123e-05
-2.72701e-06
1.25406e-05
-5.27289e-07
9.93613e-06
2.60824e-06
4.25452e-06
5.68614e-06
-6.93342e-06
1.11909e-05
-2.3373e-05
1.64428e-05
-3.72862e-05
1.39147e-05
-4.8076e-05
1.07908e-05
-5.634e-05
8.26501e-06
6.09272e-06
-6.24325e-05
2.01337e-06
-7.56191e-06
2.80402e-06
-4.51711e-06
1.69337e-07
-9.05836e-08
-6.28037e-06
5.92405e-06
-1.74419e-05
1.37706e-05
-3.05284e-05
1.87736e-05
-3.99893e-05
2.06526e-05
-4.36537e-05
2.01081e-05
-4.66474e-05
1.6909e-05
-4.95747e-05
1.37185e-05
-5.21586e-05
1.08495e-05
7.87751e-06
-5.39434e-05
-7.6949e-07
-6.7914e-06
-4.16271e-06
-1.12335e-06
-1.12134e-05
6.96074e-06
-2.08066e-05
1.55176e-05
-2.85305e-05
2.14949e-05
-3.34066e-05
2.36503e-05
-3.6139e-05
2.33854e-05
-3.74592e-05
2.14288e-05
-3.87328e-05
1.81829e-05
-4.00547e-05
1.50405e-05
-4.11417e-05
1.19368e-05
8.79381e-06
-4.20581e-05
-4.39091e-06
-2.39993e-06
-1.03511e-05
4.83682e-06
-1.67569e-05
1.33668e-05
-2.22081e-05
2.09693e-05
-2.56807e-05
2.4968e-05
-2.76611e-05
2.56313e-05
-2.87185e-05
2.44432e-05
-2.92728e-05
2.19835e-05
-2.98404e-05
1.87508e-05
-3.03313e-05
1.55315e-05
-3.07214e-05
1.2327e-05
9.16309e-06
-3.10907e-05
-5.50668e-06
3.10669e-06
-1.07954e-05
1.01256e-05
-1.51458e-05
1.77178e-05
-1.80498e-05
2.38742e-05
-1.95134e-05
2.64326e-05
-2.01098e-05
2.62288e-05
-2.01049e-05
2.44392e-05
-1.99088e-05
2.17884e-05
-1.98569e-05
1.86995e-05
-1.98786e-05
1.55538e-05
-1.99551e-05
1.24038e-05
9.26782e-06
-2.00597e-05
-4.87067e-06
7.97784e-06
-8.84904e-06
1.41047e-05
-1.14429e-05
2.0313e-05
-1.25072e-05
2.494e-05
-1.2561e-05
2.64884e-05
-1.2023e-05
2.56926e-05
-1.12584e-05
2.36766e-05
-1.05467e-05
2.10782e-05
-1.00241e-05
1.81783e-05
-9.66436e-06
1.5195e-05
-9.43724e-06
1.21775e-05
9.13432e-06
-9.30326e-06
-3.81148e-06
1.17908e-05
-6.56622e-06
1.68604e-05
-7.60276e-06
2.13515e-05
-7.10085e-06
2.44404e-05
-5.77169e-06
2.51618e-05
-4.18371e-06
2.41073e-05
-2.67211e-06
2.21676e-05
-1.38135e-06
1.97899e-05
-3.73569e-07
1.71726e-05
3.78495e-07
1.44446e-05
9.17154e-07
1.164e-05
8.76376e-06
1.28856e-06
-3.02985e-06
1.4822e-05
-4.62078e-06
1.84537e-05
-4.17548e-06
2.0908e-05
-2.14092e-06
2.24086e-05
5.57791e-07
2.24653e-05
3.22584e-06
2.14421e-05
5.58344e-06
1.98124e-05
7.54119e-06
1.78347e-05
9.08827e-06
1.56276e-05
1.02709e-05
1.32636e-05
1.11495e-05
1.07626e-05
8.13236e-06
1.17818e-05
-2.43512e-06
1.72593e-05
-3.04377e-06
1.90642e-05
-9.20307e-07
1.87865e-05
2.6912e-06
1.87991e-05
6.72449e-06
1.84342e-05
1.04924e-05
1.76766e-05
1.37375e-05
1.65697e-05
1.64069e-05
1.51677e-05
1.85271e-05
1.35095e-05
2.01663e-05
1.16261e-05
2.14071e-05
9.52311e-06
7.21817e-06
2.23222e-05
-3.08219e-06
2.0344e-05
-1.18133e-06
1.71646e-05
3.53552e-06
1.40714e-05
8.86003e-06
1.34757e-05
1.40856e-05
1.32105e-05
1.87536e-05
1.30101e-05
2.27099e-05
1.26155e-05
2.59491e-05
1.19302e-05
2.85293e-05
1.0931e-05
3.0536e-05
9.6206e-06
3.20712e-05
7.9887e-06
6.07061e-06
3.32196e-05
4.12284e-08
2.03046e-05
6.56334e-06
1.06438e-05
1.34539e-05
7.1817e-06
1.97854e-05
7.1453e-06
2.53786e-05
7.61832e-06
3.01817e-05
8.20824e-06
3.42038e-05
8.59471e-06
3.74887e-05
8.64672e-06
4.01116e-05
8.30942e-06
4.21574e-05
7.5759e-06
4.3732e-05
6.41493e-06
4.88833e-06
4.49151e-05
1.98755e-05
4.29394e-07
2.84479e-05
2.07188e-06
3.43334e-05
1.29617e-06
3.92478e-05
2.23102e-06
4.33105e-05
3.55558e-06
4.67678e-05
4.75124e-06
4.97127e-05
5.65e-06
5.21639e-05
6.19592e-06
5.4145e-05
6.32868e-06
5.56885e-05
6.03254e-06
5.68736e-05
5.22999e-06
5.77505e-05
4.01163e-06
-6.63924e-05
3.96064e-06
-6.85265e-05
2.1341e-06
-6.88346e-05
3.08925e-07
-6.75325e-05
-1.30258e-06
-6.45966e-05
-2.93554e-06
-5.99368e-05
-4.66055e-06
-5.34555e-05
-6.48113e-06
-4.50134e-05
-8.44168e-06
-3.44726e-05
-1.05409e-05
-2.19909e-05
-1.24809e-05
-9.21152e-06
-1.27784e-05
-9.2112e-06
-5.5113e-05
5.13082e-06
-5.55577e-05
2.57872e-06
-5.54033e-05
1.55202e-07
-5.45101e-05
-2.19581e-06
-5.27879e-05
-4.65739e-06
-5.01115e-05
-7.33692e-06
-4.62984e-05
-1.02938e-05
-4.11323e-05
-1.36072e-05
-3.43802e-05
-1.72923e-05
-2.57851e-05
-2.10758e-05
-1.44656e-05
-2.40974e-05
-2.36765e-05
-4.27303e-05
5.80325e-06
-4.30912e-05
2.93964e-06
-4.3049e-05
1.13257e-07
-4.24452e-05
-2.79959e-06
-4.12063e-05
-5.89609e-06
-3.92585e-05
-9.28445e-06
-3.64862e-05
-1.30657e-05
-3.27878e-05
-1.7305e-05
-2.80402e-05
-2.20394e-05
-2.17616e-05
-2.73541e-05
-1.30945e-05
-3.27639e-05
-3.67708e-05
-3.13609e-05
6.07353e-06
-3.14361e-05
3.01482e-06
-3.12338e-05
-8.89618e-08
-3.06949e-05
-3.33851e-06
-2.97657e-05
-6.82525e-06
-2.84015e-05
-1.06485e-05
-2.65256e-05
-1.49412e-05
-2.40529e-05
-1.97773e-05
-2.08162e-05
-2.52757e-05
-1.64086e-05
-3.17613e-05
-9.98372e-06
-3.91882e-05
-4.67543e-05
-2.01286e-05
6.1425e-06
-2.01029e-05
2.98902e-06
-1.99346e-05
-2.57195e-07
-1.95929e-05
-3.68024e-06
-1.90526e-05
-7.36544e-06
-1.82866e-05
-1.14143e-05
-1.72535e-05
-1.59741e-05
-1.58896e-05
-2.11408e-05
-1.40198e-05
-2.71451e-05
-1.14741e-05
-3.43067e-05
-7.39228e-06
-4.32694e-05
-5.41463e-05
-9.21313e-06
6.05263e-06
-9.12515e-06
2.90125e-06
-9.01165e-06
-3.70568e-07
-8.8605e-06
-3.83116e-06
-8.6675e-06
-7.55827e-06
-8.43011e-06
-1.16514e-05
-8.16486e-06
-1.6239e-05
-7.83883e-06
-2.14664e-05
-7.3837e-06
-2.76001e-05
-6.61052e-06
-3.50795e-05
-4.83075e-06
-4.50489e-05
-5.89769e-05
1.53715e-06
5.80463e-06
1.69507e-06
2.74377e-06
1.77746e-06
-4.52494e-07
1.78034e-06
-3.83366e-06
1.68497e-06
-7.46242e-06
1.46043e-06
-1.14264e-05
1.06441e-06
-1.58425e-05
4.68736e-07
-2.08705e-05
-3.26441e-07
-2.68046e-05
-1.22293e-06
-3.4183e-05
-1.82411e-06
-4.44474e-05
-6.08008e-05
1.22169e-05
5.37019e-06
1.24844e-05
2.47672e-06
1.25919e-05
-5.59452e-07
1.2522e-05
-3.76319e-06
1.22337e-05
-7.17365e-06
1.1665e-05
-1.08572e-05
1.07295e-05
-1.49066e-05
9.32485e-06
-1.94655e-05
7.33875e-06
-2.48185e-05
4.71745e-06
-3.15613e-05
1.79508e-06
-4.15247e-05
-5.90055e-05
2.29733e-05
4.7198e-06
2.33931e-05
2.05762e-06
2.35872e-05
-7.52829e-07
2.35304e-05
-3.7057e-06
2.31644e-05
-6.80706e-06
2.24e-05
-1.00923e-05
2.11039e-05
-1.36101e-05
1.90957e-05
-1.7457e-05
1.61281e-05
-2.18505e-05
1.1929e-05
-2.7362e-05
6.51813e-06
-3.61132e-05
-5.24871e-05
3.40587e-05
3.88125e-06
3.46259e-05
1.49109e-06
3.49302e-05
-1.05646e-06
3.49463e-05
-3.72113e-06
3.46069e-05
-6.46706e-06
3.38055e-05
-9.29047e-06
3.23693e-05
-1.21734e-05
3.0046e-05
-1.51334e-05
2.64289e-05
-1.82331e-05
2.10195e-05
-2.19521e-05
1.29357e-05
-2.80288e-05
-3.95504e-05
4.57994e-05
2.9977e-06
4.6419e-05
8.72254e-07
4.6787e-05
-1.42362e-06
4.68814e-05
-3.81469e-06
4.6635e-05
-6.22005e-06
4.59397e-05
-8.59463e-06
4.46035e-05
-1.08366e-05
4.23464e-05
-1.28759e-05
3.86142e-05
-1.45004e-05
3.26696e-05
-1.60069e-05
2.19814e-05
-1.73395e-05
-1.75681e-05
5.84265e-05
2.32224e-06
5.89184e-05
3.80897e-07
5.92404e-05
-1.74491e-06
5.93701e-05
-3.9437e-06
5.9245e-05
-6.09435e-06
5.87678e-05
-8.11692e-06
5.77605e-05
-9.82888e-06
5.59796e-05
-1.10945e-05
5.29028e-05
-1.1423e-05
4.75738e-05
-1.06776e-05
3.62162e-05
-5.98091e-06
1.8649e-05
5.559e-06
-5.55625e-06
9.29018e-06
-3.73185e-06
1.20241e-05
-2.73261e-06
1.25643e-05
-5.39609e-07
9.97747e-06
2.58803e-06
4.31301e-06
5.66894e-06
-6.82661e-06
1.11414e-05
-2.32692e-05
1.6446e-05
-3.72169e-05
1.39491e-05
-4.80212e-05
1.08056e-05
-5.63021e-05
8.28211e-06
6.10235e-06
-6.24039e-05
2.01465e-06
-7.56916e-06
2.82012e-06
-4.53587e-06
2.03074e-07
-1.14613e-07
-6.21702e-06
5.88181e-06
-1.73541e-05
1.37255e-05
-3.04509e-05
1.87667e-05
-3.99644e-05
2.06554e-05
-4.36483e-05
2.01307e-05
-4.66356e-05
1.6937e-05
-4.95667e-05
1.37371e-05
-5.21517e-05
1.08677e-05
7.89059e-06
-5.394e-05
-7.53977e-07
-6.8126e-06
-4.12424e-06
-1.16418e-06
-1.11468e-05
6.90908e-06
-2.07414e-05
1.5477e-05
-2.84999e-05
2.14844e-05
-3.33954e-05
2.36626e-05
-3.61428e-05
2.34029e-05
-3.74647e-05
2.14529e-05
-3.87344e-05
1.82068e-05
-4.00564e-05
1.5059e-05
-4.11425e-05
1.19536e-05
8.80706e-06
-4.20592e-05
-4.37175e-06
-2.43806e-06
-1.03169e-05
4.78218e-06
-1.67271e-05
1.33204e-05
-2.21957e-05
2.09462e-05
-2.56828e-05
2.49722e-05
-2.76688e-05
2.56489e-05
-2.87292e-05
2.44635e-05
-2.9283e-05
2.20066e-05
-2.98482e-05
1.87718e-05
-3.03382e-05
1.55487e-05
-3.07266e-05
1.23416e-05
9.17449e-06
-3.10945e-05
-5.4918e-06
3.05604e-06
-1.07828e-05
1.00748e-05
-1.51421e-05
1.76801e-05
-1.80571e-05
2.38626e-05
-1.95261e-05
2.64419e-05
-2.01237e-05
2.62471e-05
-2.01192e-05
2.44595e-05
-1.99209e-05
2.1808e-05
-1.98661e-05
1.8717e-05
-1.98861e-05
1.55681e-05
-1.99607e-05
1.24158e-05
9.27731e-06
-2.0064e-05
-4.86843e-06
7.92741e-06
-8.85099e-06
1.40574e-05
-1.14516e-05
2.0283e-05
-1.2522e-05
2.49341e-05
-1.25776e-05
2.6499e-05
-1.20385e-05
2.57096e-05
-1.12721e-05
2.36938e-05
-1.05577e-05
2.10944e-05
-1.00331e-05
1.81923e-05
-9.67152e-06
1.52067e-05
-9.44298e-06
1.2187e-05
9.14205e-06
-9.30784e-06
-3.81653e-06
1.17464e-05
-6.57671e-06
1.68207e-05
-7.6199e-06
2.13276e-05
-7.12014e-06
2.44367e-05
-5.78951e-06
2.51709e-05
-4.1986e-06
2.41205e-05
-2.68408e-06
2.2181e-05
-1.39105e-06
1.98023e-05
-3.81352e-07
1.71835e-05
3.72054e-07
1.44537e-05
9.11894e-07
1.16476e-05
8.76991e-06
1.28422e-06
-3.03944e-06
1.47899e-05
-4.63903e-06
1.84223e-05
-4.19856e-06
2.08904e-05
-2.16346e-06
2.24043e-05
5.39462e-07
2.24702e-05
3.21161e-06
2.14505e-05
5.57258e-06
1.98216e-05
7.53262e-06
1.78436e-05
9.08136e-06
1.56355e-05
1.02652e-05
1.32705e-05
1.11447e-05
1.07683e-05
8.13714e-06
1.17778e-05
-2.45032e-06
1.72432e-05
-3.06623e-06
1.90419e-05
-9.46846e-07
1.8772e-05
2.66709e-06
1.87928e-05
6.70517e-06
1.84343e-05
1.04778e-05
1.76799e-05
1.37265e-05
1.65747e-05
1.63984e-05
1.51731e-05
1.85203e-05
1.35146e-05
2.01608e-05
1.16307e-05
2.14025e-05
9.52706e-06
7.22156e-06
2.23184e-05
-3.09769e-06
2.03452e-05
-1.20462e-06
1.71496e-05
3.51117e-06
1.40601e-05
8.83743e-06
1.34679e-05
1.40668e-05
1.32069e-05
1.8739e-05
1.30094e-05
2.26987e-05
1.26166e-05
2.59405e-05
1.19325e-05
2.85226e-05
1.09335e-05
3.05307e-05
9.62303e-06
3.20671e-05
7.99093e-06
6.0725e-06
3.32164e-05
3.75505e-08
2.03099e-05
6.55144e-06
1.06392e-05
1.34381e-05
7.17231e-06
1.97697e-05
7.13806e-06
2.53646e-05
7.61354e-06
3.01701e-05
8.20549e-06
3.41947e-05
8.59359e-06
3.74816e-05
8.64685e-06
4.01061e-05
8.31001e-06
4.21532e-05
7.57654e-06
4.37291e-05
6.4156e-06
4.88874e-06
4.49132e-05
1.98797e-05
4.31907e-07
2.84484e-05
2.06961e-06
3.43307e-05
1.29251e-06
3.92425e-05
2.2266e-06
4.33043e-05
3.5521e-06
4.67618e-05
4.74873e-06
4.97076e-05
5.64842e-06
5.21599e-05
6.19517e-06
5.41421e-05
6.3282e-06
5.56869e-05
6.03209e-06
5.68731e-05
5.22939e-06
5.77511e-05
4.0109e-06
-6.63728e-05
3.97007e-06
-6.85129e-05
2.14026e-06
-6.88263e-05
3.14541e-07
-6.75277e-05
-1.29893e-06
-6.45946e-05
-2.93257e-06
-5.99367e-05
-4.65871e-06
-5.34566e-05
-6.47983e-06
-4.5015e-05
-8.44134e-06
-3.44738e-05
-1.05412e-05
-2.1991e-05
-1.24821e-05
-9.21044e-06
-1.27794e-05
-9.21014e-06
-5.5111e-05
5.14176e-06
-5.55576e-05
2.5867e-06
-5.54038e-05
1.61372e-07
-5.45114e-05
-2.19146e-06
-5.27896e-05
-4.65419e-06
-5.01136e-05
-7.33487e-06
-4.63002e-05
-1.02928e-05
-4.11339e-05
-1.36072e-05
-3.43814e-05
-1.72932e-05
-2.5786e-05
-2.10773e-05
-1.44662e-05
-2.40988e-05
-2.36761e-05
-4.27313e-05
5.81377e-06
-4.30926e-05
2.94764e-06
-4.30504e-05
1.19253e-07
-4.24468e-05
-2.79534e-06
-4.12078e-05
-5.89325e-06
-3.92599e-05
-9.28286e-06
-3.64873e-05
-1.30652e-05
-3.27886e-05
-1.73054e-05
-2.80411e-05
-2.20406e-05
-2.17625e-05
-2.73557e-05
-1.30954e-05
-3.27656e-05
-3.67713e-05
-3.13637e-05
6.08261e-06
-3.14383e-05
3.02176e-06
-3.12354e-05
-8.38362e-08
-3.06962e-05
-3.33492e-06
-2.97667e-05
-6.82291e-06
-2.84024e-05
-1.06473e-05
-2.65264e-05
-1.49411e-05
-2.40536e-05
-1.9778e-05
-2.08169e-05
-2.52772e-05
-1.64091e-05
-3.17634e-05
-9.98402e-06
-3.91903e-05
-4.67553e-05
-2.01319e-05
6.15008e-06
-2.01054e-05
2.99483e-06
-1.99366e-05
-2.52983e-07
-1.95944e-05
-3.67726e-06
-1.9054e-05
-7.36359e-06
-1.82878e-05
-1.14134e-05
-1.72546e-05
-1.59742e-05
-1.58905e-05
-2.11418e-05
-1.40206e-05
-2.71469e-05
-1.14748e-05
-3.4309e-05
-7.39301e-06
-4.32719e-05
-5.41481e-05
-9.21676e-06
6.05882e-06
-9.12809e-06
2.90601e-06
-9.01398e-06
-3.67077e-07
-8.86249e-06
-3.8288e-06
-8.6691e-06
-7.55679e-06
-8.43157e-06
-1.16508e-05
-8.16617e-06
-1.62393e-05
-7.83993e-06
-2.14676e-05
-7.38452e-06
-2.76021e-05
-6.61123e-06
-3.50821e-05
-4.83114e-06
-4.50516e-05
-5.89793e-05
1.53362e-06
5.80964e-06
1.69223e-06
2.74767e-06
1.77508e-06
-4.49658e-07
1.7784e-06
-3.83172e-06
1.68328e-06
-7.46136e-06
1.459e-06
-1.14262e-05
1.06314e-06
-1.58431e-05
4.67713e-07
-2.08719e-05
-3.27222e-07
-2.68069e-05
-1.22329e-06
-3.41857e-05
-1.82476e-06
-4.44503e-05
-6.08038e-05
1.22136e-05
5.3741e-06
1.24818e-05
2.47978e-06
1.25898e-05
-5.57235e-07
1.25203e-05
-3.76181e-06
1.22324e-05
-7.17302e-06
1.16639e-05
-1.08573e-05
1.07287e-05
-1.49075e-05
9.32427e-06
-1.94672e-05
7.33856e-06
-2.4821e-05
4.71721e-06
-3.15644e-05
1.79513e-06
-4.15275e-05
-5.90086e-05
2.29704e-05
4.72254e-06
2.33909e-05
2.05971e-06
2.35856e-05
-7.51437e-07
2.35294e-05
-3.70505e-06
2.31639e-05
-6.80705e-06
2.23999e-05
-1.00929e-05
2.11041e-05
-1.36113e-05
1.90961e-05
-1.74589e-05
1.61286e-05
-2.18531e-05
1.19296e-05
-2.73648e-05
6.51835e-06
-3.6116e-05
-5.24898e-05
3.40565e-05
3.88272e-06
3.46245e-05
1.49205e-06
3.49296e-05
-1.05611e-06
3.49464e-05
-3.7214e-06
3.46077e-05
-6.46792e-06
3.38069e-05
-9.29176e-06
3.2371e-05
-1.21751e-05
3.0048e-05
-1.51355e-05
2.64309e-05
-1.82355e-05
2.10211e-05
-2.19546e-05
1.29369e-05
-2.80313e-05
-3.95516e-05
4.57986e-05
2.99786e-06
4.64192e-05
8.71934e-07
4.67881e-05
-1.42448e-06
4.68833e-05
-3.81606e-06
4.66377e-05
-6.22193e-06
4.59431e-05
-8.59672e-06
4.46072e-05
-1.08389e-05
4.23504e-05
-1.28781e-05
3.86181e-05
-1.45026e-05
3.26727e-05
-1.60087e-05
2.19838e-05
-1.73406e-05
-1.75674e-05
5.84279e-05
2.32118e-06
5.89208e-05
3.79311e-07
5.92437e-05
-1.74695e-06
5.93741e-05
-3.94624e-06
5.92498e-05
-6.09717e-06
5.87732e-05
-8.11988e-06
5.77665e-05
-9.83167e-06
5.5986e-05
-1.10972e-05
5.29091e-05
-1.14251e-05
4.75794e-05
-1.06781e-05
3.62201e-05
-5.98135e-06
1.86542e-05
6.84835e-05
4.84515e-06
-7.28972e-05
6.77176e-05
2.83471e-06
6.64729e-05
2.53602e-06
6.61669e-05
2.53391e-06
6.6615e-05
3.10707e-06
6.74789e-05
3.88939e-06
6.84885e-05
4.64456e-06
6.94509e-05
5.23926e-06
7.02505e-05
5.53605e-06
7.08314e-05
5.45923e-06
7.12341e-05
4.83531e-06
3.77706e-06
7.14766e-05
8.86529e-05
3.90739e-06
-8.77166e-05
8.84498e-05
3.0371e-06
8.8015e-05
2.96998e-06
8.75421e-05
3.00623e-06
8.7243e-05
3.40569e-06
8.70885e-05
4.0437e-06
8.69811e-05
4.75181e-06
8.68227e-05
5.39768e-06
8.65416e-05
5.817e-06
8.61182e-05
5.88254e-06
8.56337e-05
5.31973e-06
4.27307e-06
8.51376e-05
0.000102849
2.7261e-06
-0.000101667
0.000103418
2.46721e-06
0.000103717
2.67039e-06
0.000103746
2.97655e-06
0.000103579
3.5729e-06
0.000103223
4.3986e-06
0.000102658
5.31625e-06
0.000101866
6.18977e-06
0.000100845
6.83745e-06
9.96745e-05
7.05331e-06
9.85192e-05
6.47522e-06
5.23775e-06
9.75552e-05
0.000115793
-0.000114946
1.87789e-06
0.00011636
1.89919e-06
0.000116657
2.37182e-06
0.000116632
3.00049e-06
0.000116269
3.93514e-06
0.000115561
5.10545e-06
0.00011452
6.35722e-06
0.000113195
7.51444e-06
0.000111668
8.36467e-06
0.000110139
8.5824e-06
0.000108878
7.73588e-06
0.00010835
5.76535e-06
7.17058e-05
2.10006e-06
7.19117e-05
1.80449e-07
7.21082e-05
-1.93771e-06
7.22626e-05
-4.09639e-06
7.23106e-05
-6.14287e-06
7.21534e-05
-7.96233e-06
7.16414e-05
-9.32174e-06
7.06063e-05
-1.0066e-05
6.88585e-05
-9.68341e-06
6.61443e-05
-7.97098e-06
6.40703e-05
-3.91427e-06
9.81821e-06
7.28977e-05
8.48944e-05
2.34347e-06
8.48512e-05
2.24042e-07
8.50167e-05
-2.10269e-06
8.5323e-05
-4.40232e-06
8.56844e-05
-6.50377e-06
8.59681e-05
-8.24569e-06
8.60247e-05
-9.37795e-06
8.56733e-05
-9.71434e-06
8.4877e-05
-8.88642e-06
8.34781e-05
-6.57237e-06
8.30239e-05
-3.45946e-06
5.12569e-06
8.77168e-05
9.72286e-05
2.67e-06
9.73337e-05
1.19033e-07
9.78419e-05
-2.61054e-06
9.86008e-05
-5.16078e-06
9.94753e-05
-7.37778e-06
0.000100281
-9.05108e-06
0.000100855
-9.95156e-06
0.000100984
-9.84267e-06
0.000100664
-8.56582e-06
9.984e-05
-5.74713e-06
9.93152e-05
-2.93459e-06
2.77279e-06
0.000101668
0.000108988
2.03218e-06
0.000109988
-8.80041e-07
0.000111329
-3.95171e-06
0.000112756
-6.58754e-06
0.000114111
-8.73279e-06
0.000115208
-1.01471e-05
0.000115908
-1.06512e-05
0.000116049
-9.98397e-06
0.000115665
-8.18168e-06
0.000114921
-5.0031e-06
0.000114055
-2.06805e-06
0.000114948
1.87953e-06
6.84889e-05
4.83891e-06
6.77254e-05
2.8315e-06
6.64808e-05
2.53155e-06
6.61735e-05
2.52853e-06
6.66193e-05
3.1002e-06
6.74808e-05
3.88141e-06
6.84883e-05
4.6359e-06
6.94492e-05
5.23029e-06
7.02479e-05
5.52686e-06
7.08286e-05
5.45006e-06
7.12316e-05
4.82648e-06
3.76913e-06
7.14745e-05
8.86551e-05
3.90088e-06
8.84529e-05
3.03267e-06
8.80193e-05
2.96577e-06
8.75462e-05
3.00067e-06
8.72464e-05
3.39924e-06
8.70908e-05
4.03641e-06
8.69825e-05
4.74398e-06
8.68233e-05
5.38935e-06
8.65418e-05
5.80823e-06
8.61186e-05
5.87322e-06
8.56344e-05
5.31053e-06
4.26443e-06
8.51389e-05
0.000102849
2.7195e-06
0.000103419
2.46309e-06
0.000103718
2.66484e-06
0.000103747
2.9705e-06
0.000103579
3.56615e-06
0.000103224
4.39112e-06
0.000102659
5.30832e-06
0.000101867
6.18117e-06
0.000100847
6.82823e-06
9.96763e-05
7.04314e-06
9.85219e-05
6.46509e-06
5.22796e-06
9.75587e-05
0.000115793
1.87477e-06
0.000116359
1.89633e-06
0.000116657
2.3667e-06
0.000116631
2.99429e-06
0.000116268
3.92802e-06
0.000115561
5.0976e-06
0.00011452
6.34871e-06
0.000113195
7.50518e-06
0.000111669
8.35432e-06
0.000110141
8.5709e-06
0.000108882
7.7242e-06
0.000108354
5.75465e-06
7.17044e-05
2.09342e-06
7.19106e-05
1.76089e-07
7.21071e-05
-1.9396e-06
7.22611e-05
-4.09569e-06
7.23085e-05
-6.13935e-06
7.21503e-05
-7.95605e-06
7.16375e-05
-9.31275e-06
7.06016e-05
-1.00549e-05
6.88535e-05
-9.67067e-06
6.61385e-05
-7.95815e-06
6.40641e-05
-3.9024e-06
9.82425e-06
7.28887e-05
8.48963e-05
2.3361e-06
8.4853e-05
2.19536e-07
8.50177e-05
-2.10424e-06
8.53229e-05
-4.40067e-06
8.56828e-05
-6.49897e-06
8.59649e-05
-8.2378e-06
8.60199e-05
-9.36744e-06
8.56675e-05
-9.70197e-06
8.48704e-05
-8.87324e-06
8.34718e-05
-6.55877e-06
8.30166e-05
-3.44851e-06
5.13375e-06
8.77082e-05
9.72326e-05
2.66194e-06
9.73371e-05
1.1481e-07
9.78438e-05
-2.61095e-06
9.86007e-05
-5.15727e-06
9.94728e-05
-7.37079e-06
0.000100276
-9.04089e-06
0.000100849
-9.93912e-06
0.000100976
-9.8289e-06
0.000100655
-8.55192e-06
9.98316e-05
-5.73492e-06
9.93077e-05
-2.92314e-06
2.78018e-06
0.00010166
0.000108992
2.0238e-06
0.00010999
-8.83075e-07
0.000111329
-3.94958e-06
0.000112753
-6.58122e-06
0.000114105
-8.72295e-06
0.000115199
-1.01347e-05
0.000115897
-1.06371e-05
0.000116038
-9.96961e-06
0.000115655
-8.16831e-06
0.000114911
-4.99123e-06
0.000114046
-2.05968e-06
0.000114941
1.8865e-06
6.84763e-05
4.84209e-06
6.77124e-05
2.83569e-06
6.64704e-05
2.53796e-06
6.61659e-05
2.53504e-06
6.66144e-05
3.10661e-06
6.74779e-05
3.88722e-06
6.84869e-05
4.64073e-06
6.94487e-05
5.23384e-06
7.02479e-05
5.52931e-06
7.08286e-05
5.45154e-06
7.12313e-05
4.82737e-06
3.76939e-06
7.14739e-05
8.86442e-05
3.90571e-06
8.84416e-05
3.0377e-06
8.80081e-05
2.97072e-06
8.7536e-05
3.00609e-06
8.72374e-05
3.40424e-06
8.70829e-05
4.04069e-06
8.69754e-05
4.74738e-06
8.68168e-05
5.39168e-06
8.65356e-05
5.8097e-06
8.61125e-05
5.87416e-06
8.56282e-05
5.31118e-06
4.2647e-06
8.51327e-05
0.00010284
2.7253e-06
0.000103409
2.46847e-06
0.000103708
2.67072e-06
0.000103737
2.9759e-06
0.00010357
3.57092e-06
0.000103214
4.395e-06
0.000102649
5.31119e-06
0.000101857
6.18297e-06
0.000100837
6.82919e-06
9.96661e-05
7.0437e-06
9.85116e-05
6.46558e-06
5.22824e-06
9.75489e-05
0.000115785
1.88007e-06
0.000116351
1.90199e-06
0.000116648
2.37241e-06
0.000116622
3e-06
0.000116259
3.93295e-06
0.000115551
5.10149e-06
0.000114509
6.3514e-06
0.000113185
7.50666e-06
0.000111658
8.35481e-06
0.00011013
8.57094e-06
0.000108871
7.72431e-06
0.000108344
5.7542e-06
7.17033e-05
2.09346e-06
7.19089e-05
1.75921e-07
7.21048e-05
-1.94013e-06
7.22584e-05
-4.09654e-06
7.23054e-05
-6.14073e-06
7.2147e-05
-7.95792e-06
7.1634e-05
-9.31535e-06
7.05981e-05
-1.00579e-05
6.88498e-05
-9.6743e-06
6.61355e-05
-7.96223e-06
6.40617e-05
-3.90667e-06
9.82291e-06
7.28881e-05
8.489e-05
2.33649e-06
8.48466e-05
2.19846e-07
8.50114e-05
-2.10433e-06
8.53166e-05
-4.40133e-06
8.56767e-05
-6.50023e-06
8.59589e-05
-8.23976e-06
8.60141e-05
-9.3701e-06
8.56618e-05
-9.70511e-06
8.48648e-05
-8.87661e-06
8.34659e-05
-6.56357e-06
8.30119e-05
-3.45206e-06
5.13053e-06
8.77046e-05
9.7223e-05
2.66228e-06
9.73278e-05
1.15191e-07
9.7835e-05
-2.61106e-06
9.85923e-05
-5.15814e-06
9.94649e-05
-7.37231e-06
0.000100269
-9.04321e-06
0.000100841
-9.94198e-06
0.000100969
-9.83226e-06
0.000100648
-8.55548e-06
9.98247e-05
-5.73859e-06
9.93007e-05
-2.92802e-06
2.77696e-06
0.000101654
0.000108983
2.02445e-06
0.000109981
-8.82461e-07
0.00011132
-3.94974e-06
0.000112744
-6.5823e-06
0.000114097
-8.72492e-06
0.000115191
-1.01373e-05
0.00011589
-1.06403e-05
0.000116031
-9.97303e-06
0.000115648
-8.17166e-06
0.000114904
-4.9955e-06
0.00011404
-2.06311e-06
0.000114935
1.88234e-06
6.8478e-05
4.84197e-06
6.7714e-05
2.83438e-06
6.64702e-05
2.53454e-06
6.61645e-05
2.53214e-06
6.66123e-05
3.1042e-06
6.74757e-05
3.88532e-06
6.84851e-05
4.63926e-06
6.94476e-05
5.23283e-06
7.02477e-05
5.52834e-06
7.08295e-05
5.45038e-06
7.12332e-05
4.82586e-06
3.76759e-06
7.14767e-05
8.86424e-05
3.90443e-06
8.84401e-05
3.03564e-06
8.80068e-05
2.96844e-06
8.75345e-05
3.00338e-06
8.7236e-05
3.40201e-06
8.70817e-05
4.03894e-06
8.69747e-05
4.74594e-06
8.68168e-05
5.39047e-06
8.65367e-05
5.80831e-06
8.61147e-05
5.87221e-06
8.56316e-05
5.30877e-06
4.26183e-06
8.51371e-05
0.000102836
2.72252e-06
0.000103406
2.46562e-06
0.000103705
2.66709e-06
0.000103735
2.97278e-06
0.000103568
3.56845e-06
0.000103213
4.39314e-06
0.000102648
5.30969e-06
0.000101857
6.18147e-06
0.000100838
6.82713e-06
9.96689e-05
7.04071e-06
9.85158e-05
6.46188e-06
5.22386e-06
9.75542e-05
0.00011578
1.87682e-06
0.000116347
1.89819e-06
0.000116645
2.36857e-06
0.00011662
2.99634e-06
0.000116257
3.93019e-06
0.000115549
5.09942e-06
0.000114509
6.34961e-06
0.000113185
7.50461e-06
0.00011166
8.35181e-06
0.000110134
8.56664e-06
0.000108877
7.71908e-06
0.000108351
5.74864e-06
7.17069e-05
2.09123e-06
7.19134e-05
1.73118e-07
7.21101e-05
-1.94335e-06
7.22644e-05
-4.10016e-06
7.2312e-05
-6.14443e-06
7.21542e-05
-7.96166e-06
7.16418e-05
-9.31873e-06
7.06064e-05
-1.00611e-05
6.88588e-05
-9.67684e-06
6.61444e-05
-7.9635e-06
6.40708e-05
-3.90613e-06
9.82719e-06
8.48952e-05
2.3331e-06
8.48526e-05
2.15795e-07
8.50182e-05
-2.10877e-06
8.53242e-05
-4.40595e-06
8.56848e-05
-6.50488e-06
8.59678e-05
-8.24427e-06
8.60237e-05
-9.37432e-06
8.56721e-05
-9.70908e-06
8.48759e-05
-8.88028e-06
8.34781e-05
-6.56488e-06
8.3024e-05
-3.45307e-06
5.13518e-06
9.72293e-05
2.65769e-06
9.7335e-05
1.09797e-07
9.7843e-05
-2.61679e-06
9.86012e-05
-5.1639e-06
9.94747e-05
-7.37805e-06
0.00010028
-9.04867e-06
0.000100853
-9.94727e-06
0.000100982
-9.83719e-06
0.000100662
-8.55993e-06
9.98388e-05
-5.74172e-06
9.93147e-05
-2.92768e-06
2.78203e-06
0.00010899
2.01839e-06
0.000109989
-8.89612e-07
0.00011133
-3.95717e-06
0.000112755
-6.58964e-06
0.000114109
-8.73189e-06
0.000115205
-1.01439e-05
0.000115904
-1.06465e-05
0.000116046
-9.97885e-06
0.000115663
-8.17689e-06
0.00011492
-4.99799e-06
0.000114053
-2.06182e-06
1.88866e-06
-3.22186e-05
1.48807e-06
3.26082e-05
-3.2307e-05
1.98647e-06
-3.28008e-05
2.86429e-06
-3.37377e-05
3.9361e-06
-3.50864e-05
5.28256e-06
-3.67576e-05
6.77547e-06
-3.85842e-05
8.18294e-06
-4.03247e-05
9.25438e-06
-4.17065e-05
9.74615e-06
-4.23913e-05
9.26712e-06
-4.20331e-05
7.37776e-06
4.07061e-06
-4.03357e-05
-2.76375e-05
1.64247e-06
2.74808e-05
-2.82879e-05
2.63526e-06
-2.93959e-05
3.97078e-06
-3.09684e-05
5.50722e-06
-3.29134e-05
7.22629e-06
-3.50539e-05
8.91498e-06
-3.71054e-05
1.02336e-05
-3.87294e-05
1.08779e-05
-3.95649e-05
1.05814e-05
-3.93061e-05
9.00838e-06
-3.78205e-05
5.89389e-06
1.33943e-06
-3.50915e-05
-2.39123e-05
2.1931e-06
2.3361e-05
-2.49373e-05
3.65919e-06
-2.64146e-05
5.44687e-06
-2.83148e-05
7.40628e-06
-3.05007e-05
9.41094e-06
-3.27293e-05
1.11424e-05
-3.46371e-05
1.21405e-05
-3.5804e-05
1.20443e-05
-3.59939e-05
1.07712e-05
-3.49895e-05
8.0047e-06
-3.29182e-05
3.82238e-06
-1.57468e-06
-3.00007e-05
-2.07568e-05
1.99862e-05
2.96182e-06
-2.1951e-05
4.85207e-06
-2.35465e-05
7.04137e-06
-2.54848e-05
9.34352e-06
-2.76034e-05
1.15285e-05
-2.96199e-05
1.31578e-05
-3.10932e-05
1.3613e-05
-3.16609e-05
1.26115e-05
-3.10935e-05
1.02036e-05
-2.91637e-05
6.07451e-06
-2.62026e-05
8.6275e-07
-2.4555e-05
-3.22567e-06
-3.7422e-05
-8.8312e-07
-3.53326e-05
-2.9701e-06
-3.3493e-05
-5.79132e-06
-3.20169e-05
-8.06337e-06
-3.10038e-05
-9.74558e-06
-3.0513e-05
-1.06374e-05
-3.05682e-05
-1.05956e-05
-3.10964e-05
-9.45533e-06
-3.19533e-05
-7.3248e-06
-3.27026e-05
-4.25248e-06
-3.32422e-05
-1.52854e-06
1.24413e-06
-3.26069e-05
-3.10769e-05
-4.89719e-06
-2.87014e-05
-5.34593e-06
-2.69726e-05
-7.52011e-06
-2.57429e-05
-9.29302e-06
-2.5067e-05
-1.04214e-05
-2.49284e-05
-1.07761e-05
-2.52737e-05
-1.02504e-05
-2.59565e-05
-8.77278e-06
-2.67723e-05
-6.50899e-06
-2.73725e-05
-3.65337e-06
-2.77083e-05
-1.19239e-06
1.01536e-06
-2.74794e-05
-2.53618e-05
-9.5388e-06
-2.31929e-05
-7.51554e-06
-2.1859e-05
-8.85425e-06
-2.09764e-05
-1.01756e-05
-2.05746e-05
-1.08232e-05
-2.06263e-05
-1.07246e-05
-2.10581e-05
-9.81853e-06
-2.1718e-05
-8.113e-06
-2.24172e-05
-5.81017e-06
-2.29178e-05
-3.15214e-06
-2.32429e-05
-8.67579e-07
1.13253e-06
-2.33604e-05
-1.95456e-05
-1.45472e-05
-1.82683e-05
-8.7929e-06
-1.75972e-05
-9.52531e-06
-1.71513e-05
-1.06216e-05
-1.70006e-05
-1.09741e-05
-1.71726e-05
-1.05528e-05
-1.76171e-05
-9.37446e-06
-1.82101e-05
-7.52055e-06
-1.88051e-05
-5.2156e-06
-1.92568e-05
-2.70153e-06
-1.96288e-05
-4.9561e-07
-1.99871e-05
1.49077e-06
-3.22193e-05
1.48661e-06
-3.23079e-05
1.98424e-06
-3.28021e-05
2.85928e-06
-3.37395e-05
3.92987e-06
-3.50883e-05
5.27504e-06
-3.67592e-05
6.7669e-06
-3.85851e-05
8.17329e-06
-4.03243e-05
9.24363e-06
-4.17045e-05
9.73404e-06
-4.2388e-05
9.25416e-06
-4.20293e-05
7.36542e-06
4.06051e-06
-4.03329e-05
-2.76377e-05
1.6448e-06
-2.82888e-05
2.63461e-06
-2.93977e-05
3.96685e-06
-3.09708e-05
5.50129e-06
-3.29161e-05
7.21862e-06
-3.50561e-05
8.90563e-06
-3.71065e-05
1.02227e-05
-3.87288e-05
1.08655e-05
-3.95628e-05
1.05678e-05
-3.93034e-05
8.99463e-06
-3.78186e-05
5.88215e-06
1.3319e-06
-3.50921e-05
-2.39129e-05
2.1969e-06
-2.49385e-05
3.65941e-06
-2.64167e-05
5.44386e-06
-2.83177e-05
7.40076e-06
-3.05039e-05
9.40317e-06
-3.27318e-05
1.11322e-05
-3.46382e-05
1.21282e-05
-3.58035e-05
1.20303e-05
-3.59924e-05
1.07566e-05
-3.49881e-05
7.99104e-06
-3.29188e-05
3.81278e-06
-1.57933e-06
-3.00044e-05
-2.07579e-05
2.96749e-06
-2.19523e-05
4.85325e-06
-2.35487e-05
7.03905e-06
-2.54877e-05
9.33845e-06
-2.76064e-05
1.15207e-05
-2.96221e-05
1.3147e-05
-3.1094e-05
1.35994e-05
-3.16604e-05
1.25963e-05
-3.10922e-05
1.01882e-05
-2.91632e-05
6.06198e-06
-2.62053e-05
8.56544e-07
-2.45611e-05
-3.22559e-06
-3.74224e-05
-8.88676e-07
-3.53374e-05
-2.9692e-06
-3.35018e-05
-5.78561e-06
-3.20286e-05
-8.0545e-06
-3.1017e-05
-9.73434e-06
-3.05266e-05
-1.06247e-05
-3.0581e-05
-1.05822e-05
-3.11078e-05
-9.4424e-06
-3.19627e-05
-7.31302e-06
-3.27106e-05
-4.24363e-06
-3.32485e-05
-1.52057e-06
1.24961e-06
-3.26135e-05
-3.10818e-05
-4.89886e-06
-2.8711e-05
-5.34069e-06
-2.69858e-05
-7.51116e-06
-2.57581e-05
-9.28244e-06
-2.50825e-05
-1.041e-05
-2.4943e-05
-1.07643e-05
-2.52865e-05
-1.02388e-05
-2.59671e-05
-8.76199e-06
-2.67807e-05
-6.49974e-06
-2.73789e-05
-3.64552e-06
-2.77142e-05
-1.18708e-06
1.0205e-06
-2.7485e-05
-2.53696e-05
-9.53633e-06
-2.3205e-05
-7.50635e-06
-2.18739e-05
-8.84286e-06
-2.09924e-05
-1.01642e-05
-2.05901e-05
-1.08124e-05
-2.06402e-05
-1.07143e-05
-2.10698e-05
-9.80914e-06
-2.17273e-05
-8.10455e-06
-2.24243e-05
-5.80293e-06
-2.29235e-05
-3.14681e-06
-2.32476e-05
-8.62626e-07
1.13622e-06
-2.3365e-05
-1.95552e-05
-1.4542e-05
-1.82811e-05
-8.78091e-06
-1.76119e-05
-9.51228e-06
-1.71663e-05
-1.06101e-05
-1.70146e-05
-1.09644e-05
-1.71848e-05
-1.05446e-05
-1.76271e-05
-9.36728e-06
-1.82178e-05
-7.51438e-06
-1.88109e-05
-5.21049e-06
-1.9261e-05
-2.69723e-06
-1.96324e-05
-4.92751e-07
-1.99902e-05
1.49362e-06
-3.22262e-05
1.49206e-06
-3.23153e-05
1.9899e-06
-3.28095e-05
2.86511e-06
-3.37466e-05
3.93527e-06
-3.50952e-05
5.27955e-06
-3.6766e-05
6.77029e-06
-3.85918e-05
8.17543e-06
-4.03314e-05
9.24457e-06
-4.17119e-05
9.73391e-06
-4.23957e-05
9.25379e-06
-4.20368e-05
7.36507e-06
4.06096e-06
-4.03404e-05
-2.76437e-05
1.6494e-06
-2.82948e-05
2.63946e-06
-2.94031e-05
3.97172e-06
-3.09754e-05
5.50583e-06
-3.29199e-05
7.22227e-06
-3.50596e-05
8.90837e-06
-3.71099e-05
1.02244e-05
-3.87327e-05
1.08661e-05
-3.95673e-05
1.05673e-05
-3.93084e-05
8.99406e-06
-3.78233e-05
5.8818e-06
1.33186e-06
-3.50969e-05
-2.39174e-05
2.20078e-06
-2.49425e-05
3.66331e-06
-2.64197e-05
5.44742e-06
-2.83195e-05
7.40398e-06
-3.05045e-05
9.40565e-06
-3.2732e-05
1.11343e-05
-3.46387e-05
1.21297e-05
-3.58049e-05
1.20311e-05
-3.59949e-05
1.07562e-05
-3.49913e-05
7.99039e-06
-3.29214e-05
3.81139e-06
-1.5794e-06
-3.00059e-05
-2.07607e-05
2.9699e-06
-2.19543e-05
4.85556e-06
-2.35493e-05
7.04107e-06
-2.54868e-05
9.34016e-06
-2.76043e-05
1.15219e-05
-2.96196e-05
1.31485e-05
-3.10919e-05
1.36011e-05
-3.16597e-05
1.25979e-05
-3.10933e-05
1.01887e-05
-2.91655e-05
6.06154e-06
-2.62065e-05
8.53953e-07
-2.45596e-05
-3.22982e-06
-3.7431e-05
-8.86918e-07
-3.53456e-05
-2.96864e-06
-3.3509e-05
-5.78629e-06
-3.20349e-05
-8.05612e-06
-3.10227e-05
-9.7367e-06
-3.0532e-05
-1.06275e-05
-3.05865e-05
-1.05854e-05
-3.11134e-05
-9.44563e-06
-3.19686e-05
-7.31648e-06
-3.27161e-05
-4.2466e-06
-3.32542e-05
-1.52516e-06
1.24598e-06
-3.26179e-05
-3.10875e-05
-4.89571e-06
-2.87163e-05
-5.3403e-06
-2.699e-05
-7.51256e-06
-2.57614e-05
-9.28462e-06
-2.50855e-05
-1.04125e-05
-2.4946e-05
-1.0767e-05
-2.52899e-05
-1.02415e-05
-2.59709e-05
-8.76483e-06
-2.67847e-05
-6.50256e-06
-2.73832e-05
-3.64912e-06
-2.77179e-05
-1.19024e-06
1.01636e-06
-2.74881e-05
-2.53724e-05
-9.53245e-06
-2.32073e-05
-7.50629e-06
-2.18751e-05
-8.84491e-06
-2.09931e-05
-1.01667e-05
-2.05908e-05
-1.08148e-05
-2.06412e-05
-1.07166e-05
-2.10714e-05
-9.81129e-06
-2.17294e-05
-8.10683e-06
-2.24268e-05
-5.80549e-06
-2.2926e-05
-3.14933e-06
-2.32501e-05
-8.66425e-07
1.13281e-06
-2.33668e-05
-1.95555e-05
-1.45353e-05
-1.82809e-05
-8.78093e-06
-1.76109e-05
-9.51484e-06
-1.7165e-05
-1.06127e-05
-1.70135e-05
-1.09665e-05
-1.71843e-05
-1.05462e-05
-1.76272e-05
-9.36877e-06
-1.82185e-05
-7.51601e-06
-1.8812e-05
-5.21241e-06
-1.92624e-05
-2.69989e-06
-1.96336e-05
-4.95289e-07
-1.99912e-05
1.49039e-06
-3.22296e-05
1.48798e-06
-3.23177e-05
1.98562e-06
-3.28116e-05
2.86074e-06
-3.37485e-05
3.93151e-06
-3.50968e-05
5.2766e-06
-3.67668e-05
6.76769e-06
-3.85911e-05
8.17263e-06
-4.03285e-05
9.2411e-06
-4.17066e-05
9.7294e-06
-4.23882e-05
9.24787e-06
-4.20277e-05
7.35838e-06
4.05336e-06
-4.03301e-05
-2.76458e-05
1.64555e-06
-2.82964e-05
2.63543e-06
-2.94046e-05
3.96775e-06
-3.0977e-05
5.50211e-06
-3.29211e-05
7.21898e-06
-3.50595e-05
8.90469e-06
-3.71077e-05
1.02198e-05
-3.87276e-05
1.08604e-05
-3.95593e-05
1.05607e-05
-3.92978e-05
8.98623e-06
-3.78114e-05
5.87355e-06
1.3237e-06
-3.50841e-05
-2.39187e-05
2.197e-06
-2.49436e-05
3.65955e-06
-2.64209e-05
5.44387e-06
-2.83208e-05
7.40039e-06
-3.05053e-05
9.40191e-06
-3.27312e-05
1.11292e-05
-3.46352e-05
1.21227e-05
-3.57982e-05
1.20227e-05
-3.59849e-05
1.07473e-05
-3.49786e-05
7.98045e-06
-3.29075e-05
3.80235e-06
-1.58838e-06
-2.99923e-05
-2.07613e-05
2.96691e-06
-2.19549e-05
4.85257e-06
-2.35502e-05
7.03799e-06
-2.54878e-05
9.33661e-06
-2.76046e-05
1.15175e-05
-2.96182e-05
1.31417e-05
-3.10879e-05
1.35916e-05
-3.16522e-05
1.25866e-05
-3.10822e-05
1.01769e-05
-2.91514e-05
6.04944e-06
-2.61918e-05
8.4436e-07
-2.45456e-05
-3.23717e-06
-3.74191e-05
-8.94803e-07
-3.53319e-05
-2.97798e-06
-3.3494e-05
-5.79554e-06
-3.20189e-05
-8.06475e-06
-3.10062e-05
-9.74446e-06
-3.05154e-05
-1.06345e-05
-3.057e-05
-1.05915e-05
-3.10976e-05
-9.4509e-06
-3.1954e-05
-7.32013e-06
-3.27042e-05
-4.24816e-06
-3.32444e-05
-1.52054e-06
1.25124e-06
-3.10736e-05
-4.90529e-06
-2.87006e-05
-5.35173e-06
-2.69732e-05
-7.52341e-06
-2.5744e-05
-9.29421e-06
-2.50679e-05
-1.04207e-05
-2.49287e-05
-1.07738e-05
-2.52735e-05
-1.0247e-05
-2.59559e-05
-8.76865e-06
-2.67721e-05
-6.50435e-06
-2.73732e-05
-3.6471e-06
-2.77106e-05
-1.18497e-06
1.02131e-06
-2.53581e-05
-9.54247e-06
-2.31916e-05
-7.51946e-06
-2.18586e-05
-8.85698e-06
-2.09761e-05
-1.0177e-05
-2.05738e-05
-1.08232e-05
-2.06247e-05
-1.0723e-05
-2.10561e-05
-9.81577e-06
-2.17158e-05
-8.109e-06
-2.24155e-05
-5.8048e-06
-2.29177e-05
-3.1455e-06
-2.32439e-05
-8.58506e-07
1.13711e-06
-1.95423e-05
-1.45457e-05
-1.82665e-05
-8.79566e-06
-1.7596e-05
-9.52789e-06
-1.71499e-05
-1.06235e-05
-1.69985e-05
-1.09749e-05
-1.71698e-05
-1.05522e-05
-1.76138e-05
-9.37226e-06
-1.82067e-05
-7.51668e-06
-1.88023e-05
-5.20985e-06
-1.9255e-05
-2.69341e-06
-1.96282e-05
-4.86843e-07
1.4947e-06
-1.79678e-05
3.79046e-06
1.71384e-05
-1.91456e-05
6.02907e-06
-2.06405e-05
8.53539e-06
-2.23732e-05
1.10753e-05
-2.4176e-05
1.333e-05
-2.56993e-05
1.468e-05
-2.65288e-05
1.44417e-05
-2.63574e-05
1.24397e-05
-2.46302e-05
8.47636e-06
-2.07767e-05
2.22144e-06
-1.38213e-05
-6.09368e-06
-1.70469e-05
-1.54284e-05
4.54358e-06
1.46739e-05
-1.64375e-05
7.03734e-06
-1.76611e-05
9.75834e-06
-1.90059e-05
1.24193e-05
-2.02876e-05
1.46108e-05
-2.11541e-05
1.55453e-05
-2.13054e-05
1.45919e-05
-2.03581e-05
1.14916e-05
-1.76608e-05
5.77835e-06
-1.26468e-05
-2.79358e-06
-5.73478e-06
-1.30072e-05
-2.27861e-05
-1.3083e-05
5.12477e-06
1.25012e-05
-1.38128e-05
7.76664e-06
-1.46472e-05
1.05921e-05
-1.54857e-05
1.32569e-05
-1.61454e-05
1.52692e-05
-1.63657e-05
1.57642e-05
-1.59351e-05
1.41603e-05
-1.446e-05
1.00156e-05
-1.16246e-05
2.94247e-06
-7.5495e-06
-6.86921e-06
-3.10946e-06
-1.74498e-05
-2.5899e-05
-1.09087e-05
5.47293e-06
1.05597e-05
-1.12944e-05
8.1518e-06
-1.16758e-05
1.0973e-05
-1.19625e-05
1.35429e-05
-1.20041e-05
1.53097e-05
-1.16682e-05
1.54272e-05
-1.07957e-05
1.32868e-05
-9.18534e-06
8.40444e-06
-6.84704e-06
6.03429e-07
-4.21851e-06
-9.49914e-06
-1.80463e-06
-1.98658e-05
-2.77058e-05
-8.90015e-06
5.55939e-06
8.8133e-06
-8.91657e-06
8.1679e-06
-8.8278e-06
1.08835e-05
-8.56983e-06
1.32839e-05
-8.057e-06
1.47954e-05
-7.2457e-06
1.46142e-05
-6.10264e-06
1.21425e-05
-4.60402e-06
6.90456e-06
-2.93316e-06
-1.06823e-06
-1.45402e-06
-1.09788e-05
-2.87733e-07
-2.10354e-05
-2.80003e-05
-7.05972e-06
5.37853e-06
7.24008e-06
-6.71146e-06
7.81919e-06
-6.16921e-06
1.03408e-05
-5.40502e-06
1.25188e-05
-4.4014e-06
1.37908e-05
-3.20121e-06
1.34129e-05
-1.89765e-06
1.08383e-05
-5.95285e-07
5.60162e-06
4.52012e-07
-2.11559e-06
1.00758e-06
-1.15352e-05
1.0545e-06
-2.10846e-05
-2.69478e-05
-5.39113e-06
4.94305e-06
5.82638e-06
-4.70233e-06
7.13015e-06
-3.74346e-06
9.38087e-06
-2.5229e-06
1.12976e-05
-1.08781e-06
1.23537e-05
4.38482e-07
1.18858e-05
1.85621e-06
9.41834e-06
2.97734e-06
4.47993e-06
3.50723e-06
-2.64698e-06
3.27908e-06
-1.13085e-05
2.33732e-06
-2.01454e-05
-2.46161e-05
-3.89519e-06
4.27698e-06
4.56104e-06
-2.90176e-06
6.13604e-06
-1.57242e-06
8.05086e-06
5.27252e-08
9.67091e-06
1.87079e-06
1.05348e-05
3.68758e-06
1.00669e-05
5.21725e-06
7.88856e-06
6.21519e-06
3.48066e-06
6.33541e-06
-2.76687e-06
5.39795e-06
-1.03703e-05
3.44275e-06
-1.81928e-05
-2.11747e-05
-2.56596e-06
3.41116e-06
3.43092e-06
-1.30936e-06
4.8801e-06
3.41388e-07
6.39763e-06
2.32418e-06
7.69068e-06
4.48843e-06
8.36485e-06
6.5836e-06
7.9771e-06
8.24576e-06
6.21841e-06
9.19388e-06
2.53692e-06
8.99588e-06
-2.57389e-06
7.38429e-06
-8.76302e-06
4.38973e-06
-1.51975e-05
-1.67874e-05
-1.3836e-06
2.38182e-06
2.41299e-06
9.25081e-08
3.40325e-06
2.01932e-06
4.47021e-06
4.31892e-06
5.39042e-06
6.8088e-06
5.87346e-06
9.18377e-06
5.60185e-06
1.10113e-05
4.38809e-06
1.19806e-05
1.56693e-06
1.1527e-05
-2.12397e-06
9.24265e-06
-6.48045e-06
5.11263e-06
-1.1069e-05
-1.16741e-05
-2.84141e-07
1.22494e-06
1.44085e-06
1.36764e-06
1.75012e-06
3.52692e-06
2.30884e-06
6.11348e-06
2.80297e-06
8.9169e-06
3.06654e-06
1.15909e-05
2.92778e-06
1.36167e-05
2.35772e-06
1.46537e-05
5.28881e-07
1.39098e-05
-1.38393e-06
1.09303e-05
-3.50416e-06
5.72104e-06
-5.86071e-06
-5.95225e-06
9.61922e-07
2.62956e-07
2.71151e-06
5.02026e-06
7.82239e-06
1.08891e-05
1.38159e-05
1.61735e-05
1.67016e-05
1.53172e-05
1.18128e-05
5.95225e-06
-1.19135e-05
-2.63407e-06
-1.36699e-05
-7.03641e-06
-1.39326e-05
-9.26261e-06
-1.39825e-05
-1.05717e-05
-1.4075e-05
-1.08819e-05
-1.43439e-05
-1.02843e-05
-1.47864e-05
-8.9322e-06
-1.53187e-05
-6.98866e-06
-1.58375e-05
-4.69733e-06
-1.62601e-05
-2.2788e-06
-1.66641e-05
-9.20821e-08
1.96682e-06
-1.71404e-05
-7.40998e-06
4.77842e-06
-1.0082e-05
-4.364e-06
-1.09254e-05
-8.4191e-06
-1.1339e-05
-1.01582e-05
-1.16398e-05
-1.05814e-05
-1.1994e-05
-9.9305e-06
-1.24411e-05
-8.48561e-06
-1.29324e-05
-6.49808e-06
-1.33985e-05
-4.23177e-06
-1.37942e-05
-1.88404e-06
-1.41919e-05
3.05471e-07
2.45162e-06
-1.46767e-05
-4.93421e-06
9.71392e-06
-7.35045e-06
-1.94727e-06
-8.47474e-06
-7.29457e-06
-9.12066e-06
-9.51235e-06
-9.57983e-06
-1.01225e-05
-1.00125e-05
-9.49814e-06
-1.04769e-05
-8.02156e-06
-1.09476e-05
-6.02782e-06
-1.13774e-05
-3.80249e-06
-1.17396e-05
-1.5219e-06
-1.20933e-05
6.58758e-07
2.8623e-06
-1.25042e-05
-3.26958e-06
1.29861e-05
-5.23993e-06
2.36199e-08
-6.43711e-06
-6.09723e-06
-7.21776e-06
-8.73176e-06
-7.80023e-06
-9.54033e-06
-8.31036e-06
-8.9884e-06
-8.80687e-06
-7.52558e-06
-9.27566e-06
-5.55958e-06
-9.68059e-06
-3.39813e-06
-1.00019e-05
-1.20126e-06
-1.02811e-05
9.37804e-07
3.14352e-06
-1.05624e-05
-1.97136e-06
1.49576e-05
-3.49304e-06
1.54593e-06
-4.66818e-06
-4.92177e-06
-5.53242e-06
-7.8676e-06
-6.22252e-06
-8.85038e-06
-6.81596e-06
-8.39525e-06
-7.36043e-06
-6.98134e-06
-7.84423e-06
-5.0761e-06
-8.23396e-06
-3.00867e-06
-8.50926e-06
-9.26102e-07
-8.69486e-06
1.12318e-06
3.26358e-06
-8.815e-06
-8.36546e-07
1.57958e-05
-1.93868e-06
2.64866e-06
-3.0531e-06
-3.80714e-06
-3.98435e-06
-6.93645e-06
-4.78377e-06
-8.05124e-06
-5.47321e-06
-7.70615e-06
-6.08279e-06
-6.3722e-06
-6.59721e-06
-4.56208e-06
-6.98083e-06
-2.62554e-06
-7.2094e-06
-6.97963e-07
-7.29333e-06
1.2071e-06
3.21081e-06
-7.24053e-06
2.40331e-07
1.55559e-05
-4.66532e-07
3.35588e-06
-1.50674e-06
-2.76673e-06
-2.51055e-06
-5.93265e-06
-3.43456e-06
-7.1273e-06
-4.23939e-06
-6.90156e-06
-4.93285e-06
-5.67875e-06
-5.49289e-06
-4.00237e-06
-5.87938e-06
-2.23904e-06
-6.06435e-06
-5.1321e-07
-6.04784e-06
1.19058e-06
2.98837e-06
-5.82531e-06
1.29715e-06
1.42584e-05
9.84759e-07
3.66908e-06
3.07332e-08
-1.8123e-06
-1.06221e-06
-4.83979e-06
-2.13571e-06
-6.05409e-06
-3.08149e-06
-5.95604e-06
-3.88003e-06
-4.88063e-06
-4.50031e-06
-3.3823e-06
-4.89857e-06
-1.84119e-06
-5.0459e-06
-3.66062e-07
-4.93689e-06
1.08164e-06
2.61007e-06
-4.55843e-06
2.32487e-06
1.19376e-05
2.44253e-06
3.55027e-06
1.59743e-06
-9.67355e-07
3.99407e-07
-3.64159e-06
-8.52333e-07
-4.80206e-06
-1.97078e-06
-4.83831e-06
-2.8991e-06
-3.95137e-06
-3.59472e-06
-2.68799e-06
-4.01252e-06
-1.42228e-06
-4.12983e-06
-2.50033e-07
-3.94073e-06
8.92599e-07
2.09642e-06
-3.42685e-06
3.34161e-06
8.59661e-06
3.90531e-06
2.98622e-06
3.21358e-06
-2.75541e-07
1.91798e-06
-2.34572e-06
4.65589e-07
-3.3499e-06
-8.6511e-07
-3.50797e-06
-1.95765e-06
-2.85902e-06
-2.74591e-06
-1.90041e-06
-3.19105e-06
-9.77276e-07
-3.28638e-06
-1.56087e-07
-3.03255e-06
6.3814e-07
1.47155e-06
-2.40756e-06
4.18489e-06
4.41303e-06
5.3027e-06
1.86825e-06
4.88536e-06
1.41865e-07
3.58002e-06
-1.0402e-06
1.94027e-06
-1.71069e-06
3.38331e-07
-1.90724e-06
-9.7842e-07
-1.54301e-06
-1.88586e-06
-9.94997e-07
-2.36332e-06
-5.00834e-07
-2.44654e-06
-7.63689e-08
-2.14457e-06
3.34294e-07
7.61245e-07
-1.43442e-06
4.41298e-06
6.28124e-06
6.42315e-06
5.38286e-06
3.67192e-06
1.76455e-06
2.21038e-07
-7.7414e-07
-1.27578e-06
-1.35261e-06
-1.01834e-06
-2.57264e-07
-1.79693e-05
3.79605e-06
-1.91469e-05
6.03026e-06
-2.06423e-05
8.53365e-06
-2.23756e-05
1.10705e-05
-2.41784e-05
1.33222e-05
-2.57007e-05
1.46683e-05
-2.6529e-05
1.44269e-05
-2.63562e-05
1.24231e-05
-2.46282e-05
8.46032e-06
-2.07754e-05
2.21005e-06
-1.38223e-05
-6.09644e-06
-1.70463e-05
-1.54299e-05
4.54904e-06
-1.64385e-05
7.03838e-06
-1.76623e-05
9.75652e-06
-1.90074e-05
1.24146e-05
-2.0289e-05
1.46028e-05
-2.11545e-05
1.55331e-05
-2.13048e-05
1.45764e-05
-2.03563e-05
1.1474e-05
-1.76585e-05
5.76218e-06
-1.26451e-05
-2.80362e-06
-5.73368e-06
-1.30076e-05
-2.27813e-05
-1.30843e-05
5.12886e-06
-1.38133e-05
7.76698e-06
-1.46475e-05
1.05902e-05
-1.54861e-05
1.32522e-05
-1.61455e-05
1.52612e-05
-1.63652e-05
1.57516e-05
-1.59339e-05
1.41442e-05
-1.44582e-05
9.99756e-06
-1.16229e-05
2.92671e-06
-7.54831e-06
-6.8779e-06
-3.10815e-06
-1.74485e-05
-2.58912e-05
-1.09093e-05
5.47564e-06
-1.1294e-05
8.15135e-06
-1.16751e-05
1.09705e-05
-1.19618e-05
1.3538e-05
-1.2003e-05
1.53016e-05
-1.16669e-05
1.54147e-05
-1.07943e-05
1.32707e-05
-9.18404e-06
8.38667e-06
-6.84639e-06
5.88604e-07
-4.21849e-06
-9.50637e-06
-1.80447e-06
-1.98628e-05
-2.76956e-05
-8.89971e-06
5.56022e-06
-8.91525e-06
8.1666e-06
-8.826e-06
1.08806e-05
-8.56794e-06
1.3279e-05
-8.055e-06
1.47873e-05
-7.24384e-06
1.4602e-05
-6.10121e-06
1.21268e-05
-4.60332e-06
6.8876e-06
-2.9335e-06
-1.08175e-06
-1.45503e-06
-1.09847e-05
-2.88279e-07
-2.10313e-05
-2.79889e-05
-7.05809e-06
5.37773e-06
-6.7091e-06
7.81719e-06
-6.16638e-06
1.03371e-05
-5.40212e-06
1.25137e-05
-4.39858e-06
1.3783e-05
-3.19891e-06
1.34013e-05
-1.89626e-06
1.08235e-05
-5.95066e-07
5.58578e-06
4.50945e-07
-2.12775e-06
1.00581e-06
-1.15396e-05
1.05324e-06
-2.10796e-05
-2.69356e-05
-5.38829e-06
4.94072e-06
-4.69905e-06
7.12755e-06
-3.73965e-06
9.37699e-06
-2.51911e-06
1.12926e-05
-1.08433e-06
1.23462e-05
4.41129e-07
1.18752e-05
1.85759e-06
9.40488e-06
2.97726e-06
4.46571e-06
3.50573e-06
-2.65737e-06
3.27674e-06
-1.13118e-05
2.33562e-06
-2.01403e-05
-2.46044e-05
-3.89125e-06
4.27351e-06
-2.89767e-06
6.13356e-06
-1.56782e-06
8.04667e-06
5.72312e-08
9.66612e-06
1.87479e-06
1.0528e-05
3.69051e-06
1.00577e-05
5.21865e-06
7.87686e-06
6.21492e-06
3.46838e-06
6.33358e-06
-2.77526e-06
5.39517e-06
-1.03724e-05
3.44069e-06
-1.81879e-05
-2.11641e-05
-2.56107e-06
3.40768e-06
-1.30486e-06
4.87689e-06
3.46597e-07
6.39416e-06
2.32923e-06
7.6863e-06
4.49282e-06
8.35911e-06
6.58672e-06
7.96956e-06
8.24715e-06
6.20882e-06
9.19344e-06
2.52696e-06
8.99371e-06
-2.5802e-06
7.38103e-06
-8.76437e-06
4.38738e-06
-1.5193e-05
-1.67788e-05
-1.37836e-06
2.37827e-06
9.71838e-08
3.40042e-06
2.02485e-06
4.46815e-06
4.32435e-06
5.38735e-06
6.81341e-06
5.8693e-06
9.18695e-06
5.5967e-06
1.10126e-05
4.38127e-06
1.19799e-05
1.55988e-06
1.15244e-05
-2.12785e-06
9.23891e-06
-6.48111e-06
5.11e-06
-1.10659e-05
-1.16681e-05
-2.7916e-07
1.22216e-06
1.37189e-06
1.74864e-06
3.53243e-06
2.31035e-06
6.11898e-06
2.80283e-06
8.92149e-06
3.06523e-06
1.1594e-05
2.92608e-06
1.36176e-05
2.35471e-06
1.46524e-05
5.26009e-07
1.39065e-05
-1.38511e-06
1.09261e-05
-3.50435e-06
5.7182e-06
-5.85944e-06
-5.94917e-06
9.64657e-07
2.71389e-06
5.02481e-06
7.8272e-06
1.0893e-05
1.38184e-05
1.61733e-05
1.66988e-05
1.53131e-05
1.18085e-05
5.94917e-06
-1.19228e-05
-2.61929e-06
-1.36821e-05
-7.02181e-06
-1.39459e-05
-9.2489e-06
-1.39956e-05
-1.05606e-05
-1.40869e-05
-1.08734e-05
-1.43538e-05
-1.02779e-05
-1.47942e-05
-8.92714e-06
-1.53244e-05
-6.98455e-06
-1.58414e-05
-4.69388e-06
-1.62629e-05
-2.27639e-06
-1.6666e-05
-8.98371e-08
1.96825e-06
-1.7142e-05
-7.41795e-06
4.79971e-06
-1.00927e-05
-4.34707e-06
-1.09365e-05
-8.40523e-06
-1.13495e-05
-1.01478e-05
-1.16489e-05
-1.05744e-05
-1.20014e-05
-9.9259e-06
-1.24465e-05
-8.48255e-06
-1.29359e-05
-6.49574e-06
-1.34006e-05
-4.22996e-06
-1.37951e-05
-1.88254e-06
-1.41922e-05
3.06169e-07
2.45205e-06
-1.46766e-05
-4.94042e-06
9.74233e-06
-7.35898e-06
-1.92855e-06
-8.48335e-06
-7.28113e-06
-9.12837e-06
-9.5029e-06
-9.58617e-06
-1.01168e-05
-1.00172e-05
-9.49519e-06
-1.04798e-05
-8.02022e-06
-1.09489e-05
-6.02705e-06
-1.13774e-05
-3.80192e-06
-1.17388e-05
-1.52167e-06
-1.20919e-05
6.58843e-07
2.86163e-06
-1.25024e-05
-3.27433e-06
1.30173e-05
-5.2462e-06
4.34271e-08
-6.44309e-06
-6.08433e-06
-7.22264e-06
-8.72361e-06
-7.80371e-06
-9.53603e-06
-8.31232e-06
-8.98701e-06
-8.8073e-06
-7.52574e-06
-9.27479e-06
-5.56016e-06
-9.67871e-06
-3.39863e-06
-9.99927e-06
-1.2017e-06
-1.02781e-05
9.3687e-07
3.14215e-06
-1.05591e-05
-1.97415e-06
1.49937e-05
-3.49711e-06
1.56605e-06
-4.67163e-06
-4.91011e-06
-5.53449e-06
-7.86074e-06
-6.22323e-06
-8.8473e-06
-6.81532e-06
-8.39511e-06
-7.35853e-06
-6.98277e-06
-7.84128e-06
-5.07775e-06
-8.23023e-06
-3.00996e-06
-8.50502e-06
-9.27289e-07
-8.69036e-06
1.12192e-06
3.26159e-06
-8.81049e-06
-8.37843e-07
1.58322e-05
-1.94088e-06
2.66897e-06
-3.05412e-06
-3.79712e-06
-3.98374e-06
-6.93121e-06
-4.78186e-06
-8.04945e-06
-5.47019e-06
-7.70709e-06
-6.07878e-06
-6.37465e-06
-6.5924e-06
-4.56456e-06
-6.97548e-06
-2.62739e-06
-7.2037e-06
-6.99484e-07
-7.28763e-06
1.20527e-06
3.20857e-06
-7.23494e-06
2.40691e-07
1.55917e-05
-4.67469e-07
3.3767e-06
-1.50544e-06
-2.75908e-06
-2.50743e-06
-5.92941e-06
-3.43022e-06
-7.12664e-06
-4.23422e-06
-6.90332e-06
-4.927e-06
-5.68193e-06
-5.48649e-06
-4.00538e-06
-5.8727e-06
-2.24124e-06
-6.0575e-06
-5.14995e-07
-6.04112e-06
1.18873e-06
2.98587e-06
-5.81892e-06
1.29948e-06
1.42935e-05
9.8396e-07
3.69137e-06
3.42402e-08
-1.81003e-06
-1.0567e-06
-4.83825e-06
-2.12915e-06
-6.05438e-06
-3.07442e-06
-5.95831e-06
-3.87264e-06
-4.88413e-06
-4.49265e-06
-3.38563e-06
-4.89087e-06
-1.84336e-06
-5.03818e-06
-3.67899e-07
-4.92951e-06
1.07966e-06
2.60763e-06
-4.55147e-06
2.32893e-06
1.19604e-05
2.43922e-06
3.58145e-06
1.60356e-06
-9.72363e-07
4.07156e-07
-3.64376e-06
-8.43751e-07
-4.803e-06
-1.96209e-06
-4.84083e-06
-2.89055e-06
-3.95504e-06
-3.58614e-06
-2.69105e-06
-4.00424e-06
-1.42459e-06
-4.12159e-06
-2.51444e-07
-3.93297e-06
8.90807e-07
2.09395e-06
-3.41967e-06
3.34647e-06
8.61303e-06
3.89562e-06
3.03287e-06
3.22308e-06
-2.99421e-07
1.92868e-06
-2.35012e-06
4.76185e-07
-3.35103e-06
-8.55012e-07
-3.51031e-06
-1.94823e-06
-2.86226e-06
-2.73691e-06
-1.90314e-06
-3.18251e-06
-9.79196e-07
-3.27799e-06
-1.5692e-07
-3.02479e-06
6.36707e-07
1.46973e-06
-2.40036e-06
4.17531e-06
4.43615e-06
5.30108e-06
1.90739e-06
4.90303e-06
9.96605e-08
3.59492e-06
-1.0434e-06
1.95341e-06
-1.71082e-06
3.49985e-07
-1.90889e-06
-9.68296e-07
-1.54546e-06
-1.87673e-06
-9.96919e-07
-2.35485e-06
-5.02124e-07
-2.43823e-06
-7.61947e-08
-2.13699e-06
3.33439e-07
7.60164e-07
-1.42744e-06
4.43617e-06
6.34383e-06
6.44318e-06
5.39954e-06
3.68832e-06
1.77913e-06
2.3314e-07
-7.63993e-07
-1.26671e-06
-1.3434e-06
-1.00997e-06
-2.49794e-07
-1.79703e-05
3.79724e-06
-1.91469e-05
6.03109e-06
-2.06408e-05
8.53381e-06
-2.23726e-05
1.10706e-05
-2.4174e-05
1.33221e-05
-2.56962e-05
1.46696e-05
-2.6525e-05
1.44291e-05
-2.63541e-05
1.24262e-05
-2.46289e-05
8.46244e-06
-2.07785e-05
2.21037e-06
-1.38252e-05
-6.10063e-06
-1.70537e-05
-1.54292e-05
4.5488e-06
-1.64368e-05
7.03766e-06
-1.76592e-05
9.75517e-06
-1.90028e-05
1.24134e-05
-2.02833e-05
1.46016e-05
-2.11488e-05
1.55344e-05
-2.12996e-05
1.45792e-05
-2.03534e-05
1.14788e-05
-1.76586e-05
5.76612e-06
-1.26483e-05
-2.80187e-06
-5.73728e-06
-1.3013e-05
-2.27953e-05
-1.3082e-05
5.1276e-06
-1.38102e-05
7.765e-06
-1.46433e-05
1.05874e-05
-1.54807e-05
1.32497e-05
-1.61392e-05
1.52591e-05
-1.6359e-05
1.57532e-05
-1.59282e-05
1.41474e-05
-1.44546e-05
1.00043e-05
-1.16219e-05
2.93195e-06
-7.54995e-06
-6.87602e-06
-3.11044e-06
-1.74553e-05
-2.59078e-05
-1.09057e-05
5.47342e-06
-1.129e-05
8.14855e-06
-1.16702e-05
1.09668e-05
-1.19561e-05
1.3535e-05
-1.19966e-05
1.5299e-05
-1.16607e-05
1.54165e-05
-1.07882e-05
1.32744e-05
-9.17969e-06
8.3948e-06
-6.84364e-06
5.94248e-07
-4.21733e-06
-9.5042e-06
-1.80396e-06
-1.98706e-05
-2.77137e-05
-8.89507e-06
5.55752e-06
-8.91045e-06
8.16317e-06
-8.82069e-06
1.08763e-05
-8.56238e-06
1.32756e-05
-8.04881e-06
1.47843e-05
-7.23789e-06
1.46045e-05
-6.09496e-06
1.21301e-05
-4.59816e-06
6.89696e-06
-2.92892e-06
-1.07654e-06
-1.4519e-06
-1.0984e-05
-2.86206e-07
-2.10392e-05
-2.80044e-05
-7.05265e-06
5.37463e-06
-6.70378e-06
7.81382e-06
-6.16097e-06
1.03328e-05
-5.39682e-06
1.25109e-05
-4.39278e-06
1.37795e-05
-3.19347e-06
1.34048e-05
-1.88988e-06
1.0826e-05
-5.89396e-07
5.59617e-06
4.56678e-07
-2.12402e-06
1.01042e-06
-1.15389e-05
1.05639e-06
-2.10869e-05
-2.69485e-05
-5.38221e-06
4.93767e-06
-4.69342e-06
7.12431e-06
-3.73423e-06
9.37328e-06
-2.51439e-06
1.12897e-05
-1.07887e-06
1.23436e-05
4.45752e-07
1.18782e-05
1.86406e-06
9.40749e-06
2.98287e-06
4.4753e-06
3.51223e-06
-2.65439e-06
3.28211e-06
-1.13117e-05
2.33961e-06
-2.01463e-05
-2.46133e-05
-3.88478e-06
4.27043e-06
-2.89184e-06
6.1309e-06
-1.56268e-06
8.04325e-06
6.14626e-08
9.66507e-06
1.87955e-06
1.05241e-05
3.69445e-06
1.00633e-05
5.22469e-06
7.87564e-06
6.22034e-06
3.47989e-06
6.34026e-06
-2.77583e-06
5.40093e-06
-1.03732e-05
3.44504e-06
-1.81924e-05
-2.11684e-05
-2.55433e-06
3.40559e-06
-1.29914e-06
4.87422e-06
3.5179e-07
6.39389e-06
2.33202e-06
7.68132e-06
4.49795e-06
8.36248e-06
6.58842e-06
7.96602e-06
8.25397e-06
6.21647e-06
9.19725e-06
2.52929e-06
9.00079e-06
-2.57637e-06
7.38708e-06
-8.76549e-06
4.39207e-06
-1.51957e-05
-1.6782e-05
-1.37171e-06
2.37682e-06
1.03083e-07
3.39917e-06
2.02911e-06
4.46762e-06
4.32692e-06
5.38321e-06
6.81695e-06
5.87267e-06
9.18857e-06
5.59315e-06
1.10178e-05
4.38765e-06
1.19837e-05
1.56148e-06
1.15308e-05
-2.12456e-06
9.24506e-06
-6.48227e-06
5.11471e-06
-1.10674e-05
-1.16699e-05
-2.72577e-07
1.22188e-06
1.37769e-06
1.74802e-06
3.53619e-06
2.30914e-06
6.12047e-06
2.79779e-06
8.92442e-06
3.06987e-06
1.15944e-05
2.92042e-06
1.36221e-05
2.3612e-06
1.46556e-05
5.24253e-07
1.39123e-05
-1.38254e-06
1.09318e-05
-3.50531e-06
5.72196e-06
-5.85956e-06
-5.95256e-06
9.71852e-07
2.71994e-06
5.02874e-06
7.8269e-06
1.08961e-05
1.38169e-05
1.61774e-05
1.67015e-05
1.53183e-05
1.18128e-05
5.95256e-06
-1.19221e-05
-2.61383e-06
-1.36802e-05
-7.02282e-06
-1.39433e-05
-9.25166e-06
-1.3993e-05
-1.0563e-05
-1.40847e-05
-1.08751e-05
-1.43522e-05
-1.02789e-05
-1.47933e-05
-8.92796e-06
-1.53241e-05
-6.98557e-06
-1.58415e-05
-4.69542e-06
-1.62632e-05
-2.27814e-06
-1.66664e-05
-9.24467e-08
1.96586e-06
-1.71422e-05
-7.41525e-06
4.80492e-06
-1.00893e-05
-4.34827e-06
-1.09328e-05
-8.40792e-06
-1.13461e-05
-1.01498e-05
-1.1646e-05
-1.05754e-05
-1.19991e-05
-9.92622e-06
-1.24449e-05
-8.48267e-06
-1.29348e-05
-6.49623e-06
-1.33998e-05
-4.23091e-06
-1.37947e-05
-1.88416e-06
-1.41918e-05
3.04541e-07
2.45016e-06
-1.46762e-05
-4.93713e-06
9.7436e-06
-7.35474e-06
-1.9301e-06
-8.47903e-06
-7.2834e-06
-9.12447e-06
-9.50447e-06
-9.5829e-06
-1.01172e-05
-1.00145e-05
-9.49493e-06
-1.04777e-05
-8.01981e-06
-1.09472e-05
-6.02709e-06
-1.1376e-05
-3.80253e-06
-1.17376e-05
-1.52266e-06
-1.20909e-05
6.57382e-07
2.86043e-06
-1.25014e-05
-3.27081e-06
1.30183e-05
-5.24137e-06
4.12033e-08
-6.43834e-06
-6.08617e-06
-7.21846e-06
-8.72437e-06
-7.80025e-06
-9.53565e-06
-8.3094e-06
-8.98613e-06
-8.80481e-06
-7.52486e-06
-9.27258e-06
-5.55983e-06
-9.67672e-06
-3.3989e-06
-9.99751e-06
-1.20252e-06
-1.02764e-05
9.36096e-07
3.14138e-06
-1.05574e-05
-1.9705e-06
1.49894e-05
-3.49174e-06
1.56324e-06
-4.6665e-06
-4.91108e-06
-5.53015e-06
-7.86075e-06
-6.21966e-06
-8.84631e-06
-6.81222e-06
-8.3938e-06
-7.35572e-06
-6.98161e-06
-7.8386e-06
-5.07721e-06
-8.2277e-06
-3.01007e-06
-8.50259e-06
-9.27728e-07
-8.68799e-06
1.12124e-06
3.26126e-06
-8.80801e-06
-8.33706e-07
1.58261e-05
-1.93481e-06
2.66526e-06
-3.04864e-06
-3.79688e-06
-3.97924e-06
-6.9302e-06
-4.77817e-06
-8.04759e-06
-5.46688e-06
-7.70541e-06
-6.0756e-06
-6.37325e-06
-6.58923e-06
-4.56397e-06
-6.97233e-06
-2.62739e-06
-7.20062e-06
-6.99903e-07
-7.28448e-06
1.20507e-06
3.20847e-06
-7.23169e-06
2.44885e-07
1.55824e-05
-4.60281e-07
3.37114e-06
-1.49965e-06
-2.7573e-06
-2.50271e-06
-5.92698e-06
-3.42638e-06
-7.12403e-06
-4.2306e-06
-6.90133e-06
-4.92339e-06
-5.68053e-06
-5.48273e-06
-4.00484e-06
-5.86889e-06
-2.24129e-06
-6.05366e-06
-5.1524e-07
-6.03722e-06
1.18852e-06
2.9861e-06
-5.81485e-06
1.30311e-06
1.42807e-05
9.93125e-07
3.68243e-06
4.03002e-08
-1.80378e-06
-1.05178e-06
-4.83489e-06
-2.12508e-06
-6.05089e-06
-3.0704e-06
-5.95623e-06
-3.86847e-06
-4.88279e-06
-4.48822e-06
-3.3853e-06
-4.88632e-06
-1.84353e-06
-5.03357e-06
-3.68221e-07
-4.92474e-06
1.07969e-06
2.60802e-06
-4.54658e-06
2.33177e-06
1.19537e-05
2.45276e-06
3.56137e-06
1.60917e-06
-9.60734e-07
4.12319e-07
-3.63707e-06
-8.39424e-07
-4.79942e-06
-1.95748e-06
-4.83824e-06
-2.88571e-06
-3.95415e-06
-3.58089e-06
-2.69084e-06
-3.99887e-06
-1.42496e-06
-4.11612e-06
-2.5173e-07
-3.92732e-06
8.90865e-07
2.09467e-06
-3.41387e-06
3.34939e-06
8.60734e-06
3.91691e-06
2.99447e-06
3.22727e-06
-2.70606e-07
1.93305e-06
-2.34205e-06
4.80782e-07
-3.34733e-06
-8.49748e-07
-3.50776e-06
-1.94247e-06
-2.86162e-06
-2.73071e-06
-1.90304e-06
-3.17624e-06
-9.79687e-07
-3.27163e-06
-1.57266e-07
-3.01816e-06
6.36929e-07
1.47022e-06
-2.39373e-06
4.19217e-06
4.41964e-06
5.31521e-06
1.87286e-06
4.90047e-06
1.45178e-07
3.597e-06
-1.03735e-06
1.9578e-06
-1.70838e-06
3.56087e-07
-1.90647e-06
-9.61419e-07
-1.54475e-06
-1.86943e-06
-9.96483e-07
-2.34763e-06
-5.02544e-07
-2.43097e-06
-7.63293e-08
-2.1294e-06
3.33981e-07
7.60364e-07
-1.41993e-06
4.41998e-06
6.29301e-06
6.43849e-06
5.40109e-06
3.69263e-06
1.78603e-06
2.40933e-07
-7.55765e-07
-1.25886e-06
-1.33552e-06
-1.00163e-06
-2.41481e-07
-1.79704e-05
3.7948e-06
-1.91472e-05
6.0287e-06
-2.06413e-05
8.53138e-06
-2.23731e-05
1.10671e-05
-2.4174e-05
1.33172e-05
-2.56944e-05
1.4661e-05
-2.6521e-05
1.44175e-05
-2.63469e-05
1.24119e-05
-2.4618e-05
8.44798e-06
-2.07652e-05
2.19732e-06
-1.38137e-05
-6.10737e-06
-1.70496e-05
-1.54288e-05
4.5472e-06
-1.64365e-05
7.03599e-06
-1.76592e-05
9.75311e-06
-1.90028e-05
1.24098e-05
-2.02828e-05
1.45962e-05
-2.11469e-05
1.55243e-05
-2.12961e-05
1.45658e-05
-2.0347e-05
1.14622e-05
-1.76497e-05
5.75024e-06
-1.26388e-05
-2.81422e-06
-5.73154e-06
-1.30148e-05
-2.27832e-05
-1.3081e-05
5.12654e-06
-1.38093e-05
7.7639e-06
-1.46426e-05
1.05858e-05
-1.548e-05
1.32462e-05
-1.61382e-05
1.52533e-05
-1.63571e-05
1.57419e-05
-1.59253e-05
1.41332e-05
-1.44499e-05
9.98601e-06
-1.16162e-05
2.91619e-06
-7.54463e-06
-6.88579e-06
-3.10771e-06
-1.7453e-05
-2.58931e-05
-1.0904e-05
5.47297e-06
-1.12882e-05
8.14781e-06
-1.16686e-05
1.09655e-05
-1.19546e-05
1.35312e-05
-1.19952e-05
1.5293e-05
-1.16588e-05
1.54046e-05
-1.07864e-05
1.32598e-05
-9.17709e-06
8.37601e-06
-6.84126e-06
5.79725e-07
-4.21561e-06
-9.5123e-06
-1.80334e-06
-1.9866e-05
-2.76969e-05
-8.89255e-06
5.55737e-06
-8.90785e-06
8.16283e-06
-8.8183e-06
1.08754e-05
-8.55995e-06
1.32719e-05
-8.04685e-06
1.47786e-05
-7.23596e-06
1.45921e-05
-6.09402e-06
1.21166e-05
-4.59742e-06
6.87813e-06
-2.92927e-06
-1.08906e-06
-1.45247e-06
-1.09893e-05
-2.87144e-07
-2.10335e-05
-2.79895e-05
-7.04927e-06
5.37487e-06
-6.70029e-06
7.81345e-06
-6.15763e-06
1.03319e-05
-5.39353e-06
1.25068e-05
-4.39031e-06
1.37745e-05
-3.19135e-06
1.33921e-05
-1.88972e-06
1.08142e-05
-5.89892e-07
5.5776e-06
4.54646e-07
-2.13377e-06
1.00816e-06
-1.15431e-05
1.05449e-06
-2.10811e-05
-2.69355e-05
-5.37802e-06
4.938e-06
-4.68902e-06
7.12406e-06
-3.73e-06
9.37227e-06
-2.51006e-06
1.12863e-05
-1.07599e-06
1.23385e-05
4.48377e-07
1.1867e-05
1.86364e-06
9.39679e-06
2.98189e-06
4.4588e-06
3.50906e-06
-2.66216e-06
3.27887e-06
-1.13144e-05
2.3367e-06
-2.01411e-05
-2.46036e-05
-3.87975e-06
4.27112e-06
-2.88662e-06
6.13055e-06
-1.55745e-06
8.04262e-06
6.66443e-08
9.6608e-06
1.88317e-06
1.05213e-05
3.69748e-06
1.00509e-05
5.22427e-06
7.87e-06
6.21909e-06
3.46283e-06
6.33654e-06
-2.77906e-06
5.39701e-06
-1.03741e-05
3.44163e-06
-1.81884e-05
-2.11629e-05
-2.5486e-06
3.40572e-06
-1.293e-06
4.8745e-06
3.57544e-07
6.39106e-06
2.33885e-06
7.6819e-06
4.50121e-06
8.35404e-06
6.59337e-06
7.96401e-06
8.2524e-06
6.20371e-06
9.19711e-06
2.52251e-06
8.9963e-06
-2.58272e-06
7.38248e-06
-8.76555e-06
4.38805e-06
-1.5193e-05
-1.67774e-05
-1.36516e-06
2.37685e-06
1.09647e-07
3.39878e-06
2.03616e-06
4.46593e-06
4.33413e-06
5.38418e-06
6.8217e-06
5.86575e-06
9.19334e-06
5.59283e-06
1.10174e-05
4.3777e-06
1.19831e-05
1.55678e-06
1.15265e-05
-2.12943e-06
9.23996e-06
-6.48177e-06
5.11037e-06
-1.10659e-05
-1.16669e-05
-2.65389e-07
1.22125e-06
1.38482e-06
1.74767e-06
3.54404e-06
2.30883e-06
6.12887e-06
2.80077e-06
8.92967e-06
3.06334e-06
1.16001e-05
2.92388e-06
1.36219e-05
2.35278e-06
1.4655e-05
5.24086e-07
1.39081e-05
-1.38593e-06
1.09266e-05
-3.50487e-06
5.71823e-06
-5.8597e-06
-5.94898e-06
9.79498e-07
2.72764e-06
5.03689e-06
7.83721e-06
1.0901e-05
1.38242e-05
1.61771e-05
1.67006e-05
1.53139e-05
1.18087e-05
5.94898e-06
-1.19119e-05
-2.63539e-06
-1.36684e-05
-7.03961e-06
-1.3931e-05
-9.26553e-06
-1.39806e-05
-1.05743e-05
-1.40724e-05
-1.08835e-05
-1.43404e-05
-1.02846e-05
-1.47824e-05
-8.93064e-06
-1.53145e-05
-6.98501e-06
-1.58336e-05
-4.69118e-06
-1.62571e-05
-2.27063e-06
-1.66617e-05
-8.23621e-08
1.97025e-06
-7.40901e-06
4.77465e-06
-1.00807e-05
-4.36791e-06
-1.0924e-05
-8.42253e-06
-1.13372e-05
-1.01613e-05
-1.16373e-05
-1.05839e-05
-1.19907e-05
-9.93163e-06
-1.24372e-05
-8.48477e-06
-1.29282e-05
-6.49475e-06
-1.33944e-05
-4.22576e-06
-1.37902e-05
-1.87543e-06
-1.41885e-05
3.14714e-07
2.45522e-06
-4.93382e-06
9.70808e-06
-7.3498e-06
-1.95192e-06
-8.47396e-06
-7.29848e-06
-9.11951e-06
-9.51611e-06
-9.57807e-06
-1.01258e-05
-1.001e-05
-9.50009e-06
-1.04738e-05
-8.02144e-06
-1.0944e-05
-6.02501e-06
-1.13735e-05
-3.79678e-06
-1.17357e-05
-1.51383e-06
-1.20894e-05
6.68201e-07
2.86622e-06
-3.26965e-06
1.2979e-05
-5.24011e-06
1.85794e-08
-6.43729e-06
-6.10146e-06
-7.21771e-06
-8.73596e-06
-7.79967e-06
-9.5442e-06
-8.30919e-06
-8.9911e-06
-8.80509e-06
-7.52611e-06
-9.27334e-06
-5.55742e-06
-9.67773e-06
-3.39302e-06
-9.99846e-06
-1.19368e-06
-1.02775e-05
9.46404e-07
3.14816e-06
-1.9722e-06
1.49501e-05
-3.49418e-06
1.54075e-06
-4.6695e-06
-4.92616e-06
-5.5337e-06
-7.87208e-06
-6.22347e-06
-8.85473e-06
-6.81642e-06
-8.39851e-06
-7.36041e-06
-6.9825e-06
-7.84363e-06
-5.07457e-06
-8.23265e-06
-3.00431e-06
-8.5071e-06
-9.1957e-07
-8.69213e-06
1.13131e-06
3.26881e-06
-8.38144e-07
1.57888e-05
-1.94081e-06
2.64352e-06
-3.05565e-06
-3.81143e-06
-3.98707e-06
-6.94092e-06
-4.78638e-06
-8.05581e-06
-5.47554e-06
-7.70979e-06
-6.08479e-06
-6.37378e-06
-6.59868e-06
-4.56117e-06
-6.9815e-06
-2.62202e-06
-7.20893e-06
-6.92491e-07
-7.29205e-06
1.21387e-06
3.21675e-06
2.3807e-07
1.55501e-05
-4.69556e-07
3.35111e-06
-1.51047e-06
-2.77072e-06
-2.51473e-06
-5.93689e-06
-3.43888e-06
-7.13193e-06
-4.24364e-06
-6.90535e-06
-4.93703e-06
-5.6806e-06
-5.49663e-06
-4.00191e-06
-5.88231e-06
-2.2364e-06
-6.06598e-06
-5.09057e-07
-6.04827e-06
1.19619e-06
2.99455e-06
1.29447e-06
1.42545e-05
9.81023e-07
3.6649e-06
2.59306e-08
-1.81564e-06
-1.06774e-06
-4.84367e-06
-2.14168e-06
-6.05839e-06
-3.08765e-06
-5.9598e-06
-3.88639e-06
-4.88236e-06
-4.50638e-06
-3.38224e-06
-4.90389e-06
-1.8392e-06
-5.04978e-06
-3.63295e-07
-4.93931e-06
1.08544e-06
2.61633e-06
2.32198e-06
1.19351e-05
2.43838e-06
3.54726e-06
1.59173e-06
-9.69941e-07
3.9273e-07
-3.64451e-06
-8.59859e-07
-4.80614e-06
-1.97872e-06
-4.8414e-06
-2.90764e-06
-3.95314e-06
-3.60302e-06
-2.68767e-06
-4.0203e-06
-1.42135e-06
-4.13603e-06
-2.48259e-07
-3.94519e-06
8.94537e-07
2.10231e-06
3.33889e-06
8.59579e-06
3.90107e-06
2.98422e-06
3.20741e-06
-2.77175e-07
1.91041e-06
-2.34806e-06
4.5682e-07
-3.35325e-06
-8.74767e-07
-3.51042e-06
-1.96813e-06
-2.86032e-06
-2.75641e-06
-1.90012e-06
-3.20104e-06
-9.76881e-07
-3.29488e-06
-1.55162e-07
-3.03913e-06
6.38489e-07
1.4767e-06
4.1832e-06
4.41247e-06
5.2988e-06
1.86742e-06
4.87937e-06
1.4015e-07
3.57228e-06
-1.04234e-06
1.93074e-06
-1.71335e-06
3.2722e-07
-1.90882e-06
-9.90626e-07
-1.54421e-06
-1.89812e-06
-9.94724e-07
-2.37509e-06
-5.00771e-07
-2.45701e-06
-7.51346e-08
-2.15326e-06
3.34173e-07
7.65235e-07
4.41221e-06
6.27923e-06
6.41909e-06
5.37644e-06
3.66272e-06
1.75353e-06
2.08811e-07
-7.86092e-07
-1.2873e-06
-1.3626e-06
-1.02819e-06
)
;

boundaryField
{
    rotor
    {
        type            calculated;
        value           uniform 0;
    }
    stator
    {
        type            calculated;
        value           uniform 0;
    }
    front
    {
        type            empty;
        value           nonuniform 0();
    }
    back
    {
        type            empty;
        value           nonuniform 0();
    }
}


// ************************************************************************* //
