/*--------------------------------*- C++ -*----------------------------------*\
  =========                 |
  \\      /  F ield         | OpenFOAM: The Open Source CFD Toolbox
   \\    /   O peration     | Website:  https://openfoam.org
    \\  /    A nd           | Version:  6
     \\/     M anipulation  |
\*---------------------------------------------------------------------------*/
FoamFile
{
    version     2.0;
    format      ascii;
    class       volVectorField;
    location    "250";
    object      U;
}
// * * * * * * * * * * * * * * * * * * * * * * * * * * * * * * * * * * * * * //

dimensions      [0 1 -1 0 0 0 0];

internalField   nonuniform List<vector> 
3072
(
(0.152625 2.22035 0)
(0.217011 1.92797 0)
(0.31149 1.76508 1.43897e-19)
(0.411646 1.65176 9.45404e-19)
(0.52319 1.6453 -2.16373e-18)
(0.754301 1.8234 9.36104e-19)
(1.4631 1.7167 2.70702e-19)
(2.54027 1.75244 1.53116e-19)
(2.96381 2.33993 -4.00177e-19)
(3.19412 2.54499 9.26743e-19)
(3.5245 2.76374 3.91083e-19)
(3.80452 2.74425 5.20064e-19)
(-0.430259 2.77135 -2.53937e-19)
(-0.227202 2.37398 -4.65999e-19)
(0.0607276 2.43755 5.23731e-19)
(0.547481 2.51649 0)
(1.36068 2.58191 6.38484e-19)
(2.17105 2.93415 -7.8311e-19)
(2.71878 3.08916 0)
(2.96186 3.13357 0)
(3.03582 3.18536 0)
(3.10426 3.20197 7.45062e-19)
(3.23506 3.20615 -2.12287e-18)
(3.34349 3.19183 4.89353e-19)
(-0.347393 3.05984 1.64655e-19)
(0.122864 2.7912 0)
(0.781619 2.92283 0)
(1.54469 3.1173 -2.45289e-18)
(2.20629 3.2441 8.839e-19)
(2.66166 3.29772 -1.89823e-18)
(2.92815 3.23336 2.01528e-18)
(3.09076 3.13562 0)
(3.15661 3.06867 0)
(3.23631 3.00017 -9.80984e-19)
(3.32664 2.93099 -9.37938e-19)
(3.41137 2.85479 3.13528e-18)
(-0.125736 3.32646 -1.56716e-18)
(0.461235 3.24171 -2.46107e-18)
(1.17115 3.38998 1.37371e-18)
(1.86242 3.46947 -1.37865e-18)
(2.37697 3.44422 3.4906e-18)
(2.68109 3.36261 -3.69824e-18)
(2.88147 3.24274 -1.96033e-18)
(2.99747 3.12832 -5.29647e-18)
(3.05965 3.03437 -1.42498e-19)
(3.12412 2.94684 2.67659e-18)
(3.18613 2.85941 3.05412e-18)
(3.25112 2.77381 -2.50698e-18)
(0.145167 3.48908 0)
(0.740316 3.52703 1.00842e-18)
(1.39313 3.61506 -1.92397e-18)
(1.98619 3.59331 2.95559e-18)
(2.38474 3.49418 5.15065e-19)
(2.63488 3.3599 1.81557e-18)
(2.77856 3.21991 1.96232e-18)
(2.86479 3.08562 1.77345e-18)
(2.92654 2.96857 -3.61061e-18)
(2.98772 2.86167 3.1679e-18)
(3.04986 2.76012 -4.31478e-18)
(3.11448 2.66287 5.81094e-18)
(0.374272 3.62772 -2.64885e-18)
(0.932911 3.73738 1.27413e-18)
(1.50924 3.75525 3.79209e-18)
(2.00605 3.66552 0)
(2.33492 3.51687 -5.25937e-18)
(2.52937 3.35496 5.77291e-18)
(2.64846 3.19179 0)
(2.7307 3.04052 -4.37362e-18)
(2.79492 2.90597 3.79819e-18)
(2.85556 2.78417 0)
(2.91586 2.67161 2.16696e-19)
(2.9772 2.56631 3.5305e-18)
(0.544648 3.78279 0)
(1.05422 3.94116 -3.11692e-18)
(1.5465 3.89267 2.87204e-18)
(1.95768 3.75455 0)
(2.23081 3.56434 -3.62978e-18)
(2.39775 3.36813 5.42861e-19)
(2.50867 3.18008 5.22002e-18)
(2.59064 3.00867 4.73678e-18)
(2.65801 2.85543 -4.183e-18)
(2.72029 2.71773 4.10964e-18)
(2.78071 2.59264 -3.57866e-18)
(2.8407 2.47796 -1.00623e-17)
(0.672371 3.96666 0)
(1.11905 4.16055 2.90508e-18)
(1.52582 4.05375 -4.80676e-18)
(1.8636 3.8725 4.75693e-18)
(2.09615 3.64092 0)
(2.25067 3.40701 -6.03361e-18)
(2.3607 3.18875 5.72876e-18)
(2.44626 2.99183 8.03727e-20)
(2.51812 2.81666 -9.21433e-18)
(2.58319 2.66086 -4.25501e-18)
(2.64452 2.52152 -2.19978e-19)
(2.70384 2.39605 7.58978e-18)
(0.730763 4.15373 0)
(1.14047 4.40208 -3.82671e-18)
(1.46127 4.23303 -5.70957e-18)
(1.73039 4.00502 -4.09615e-18)
(1.93308 3.73249 7.96663e-18)
(2.08398 3.46035 0)
(2.19992 3.20873 0)
(2.29308 2.98324 0)
(2.37141 2.78395 0)
(2.44049 2.60848 4.44859e-18)
(2.50342 2.45372 -4.40611e-18)
(2.56243 2.31653 4.1979e-18)
(0.806793 4.45062 0)
(1.11799 4.65991 3.52614e-18)
(1.32789 4.38429 -6.52993e-19)
(1.54788 4.09195 4.72147e-18)
(1.73365 3.78109 4.48637e-18)
(1.88781 3.47824 -7.07464e-18)
(2.01426 3.20057 0)
(2.11842 2.95261 -1.98727e-19)
(2.20589 2.73409 -1.65511e-17)
(2.28128 2.54273 0)
(2.34759 2.37552 1.00122e-17)
(2.40771 2.22884 -4.6617e-18)
(0.95696 4.5763 0)
(0.978064 4.68291 3.78117e-18)
(1.08939 4.32869 9.82543e-18)
(1.28426 3.98197 -8.27056e-18)
(1.47216 3.66688 -1.13731e-17)
(1.63889 3.36544 1.77501e-17)
(1.78189 3.08989 -1.94083e-19)
(1.90246 2.84287 -6.73236e-18)
(2.00379 2.62383 5.46534e-18)
(2.09002 2.43122 -1.14024e-17)
(2.16371 2.26296 -1.5674e-17)
(2.22854 2.11558 1.56716e-17)
(0.388795 4.18372 -1.9185e-18)
(0.592481 4.12064 -1.26034e-17)
(0.735827 3.79181 2.39133e-18)
(0.937842 3.49747 0)
(1.14513 3.25824 0)
(1.33442 3.02496 3.30102e-19)
(1.49893 2.80375 1.81605e-17)
(1.63977 2.59833 1.11109e-17)
(1.75891 2.41033 0)
(1.86038 2.24134 1.02548e-17)
(1.94597 2.0916 0)
(2.02022 1.95885 4.23769e-19)
(4.0705 2.72957 1.05048e-18)
(4.25429 2.59034 -7.31599e-19)
(4.39631 2.44653 -5.96397e-20)
(4.44612 2.24659 -4.8973e-19)
(4.45519 2.03913 -2.30944e-19)
(4.37264 1.80729 0)
(4.22762 1.57832 0)
(3.99061 1.34631 8.34069e-19)
(3.68156 1.12061 -9.81944e-19)
(3.24878 0.864433 0)
(2.78671 0.469553 0)
(2.65108 -0.0899877 -4.81752e-20)
(3.46908 3.13836 1.28169e-18)
(3.59025 3.04521 0)
(3.70917 2.91829 -8.99966e-19)
(3.81554 2.7522 3.55931e-19)
(3.88992 2.57226 2.41665e-19)
(3.91966 2.38709 2.54431e-18)
(3.89886 2.20562 -4.13669e-18)
(3.8223 2.04438 6.73787e-19)
(3.68973 1.91551 0)
(3.39791 1.79665 0)
(3.11494 1.6771 0)
(3.21333 1.2731 7.11301e-19)
(3.50117 2.76855 1.21561e-18)
(3.59127 2.66898 -3.33042e-18)
(3.67287 2.55928 9.25337e-19)
(3.73718 2.44512 2.28196e-18)
(3.77613 2.32926 -2.38541e-18)
(3.78474 2.22182 0)
(3.75983 2.13178 0)
(3.70091 2.06775 -1.93229e-19)
(3.61367 2.03813 1.06314e-18)
(3.4555 2.02977 0)
(3.2122 2.02718 0)
(3.39642 1.93102 -4.66535e-19)
(3.32296 2.68566 2.74604e-19)
(3.39548 2.59167 3.38828e-18)
(3.46264 2.49343 2.41054e-18)
(3.51824 2.39522 -2.42859e-18)
(3.55779 2.30285 0)
(3.57884 2.22331 1.48548e-18)
(3.57908 2.16396 0)
(3.56018 2.13226 2.53262e-18)
(3.52509 2.13561 -8.05907e-19)
(3.44869 2.19178 0)
(3.26111 2.28562 -5.23607e-19)
(3.5502 2.39103 6.23241e-19)
(3.18099 2.56744 -2.40882e-18)
(3.24629 2.4727 0)
(3.30707 2.38013 0)
(3.36014 2.29316 0)
(3.40378 2.21625 0)
(3.43732 2.15501 -2.67195e-18)
(3.45962 2.11864 -1.16642e-19)
(3.47199 2.11124 -1.25776e-18)
(3.47962 2.14429 0)
(3.46895 2.23158 -9.90928e-19)
(3.34798 2.38393 4.84267e-19)
(3.75129 2.6079 -1.62293e-19)
(3.03918 2.46648 -1.9278e-19)
(3.1003 2.37141 -5.9567e-18)
(3.15897 2.28211 2.84883e-18)
(3.21392 2.20115 4.24096e-21)
(3.26487 2.13215 1.88244e-19)
(3.31223 2.07988 4.25135e-18)
(3.35766 2.0504 -1.29507e-19)
(3.40369 2.05018 -4.85201e-18)
(3.45279 2.0904 -1.96408e-18)
(3.50819 2.18779 1.00753e-18)
(3.46092 2.38209 -1.26594e-18)
(3.91999 2.72516 -5.1874e-19)
(2.90048 2.37201 9.66429e-18)
(2.9598 2.2739 3.18189e-18)
(3.01841 2.18403 0)
(3.07652 2.10405 0)
(3.13518 2.0366 1.82419e-19)
(3.19624 1.98537 -3.13368e-18)
(3.2626 1.95522 4.9693e-18)
(3.33821 1.95202 -1.13926e-19)
(3.42678 1.98611 1.71305e-18)
(3.53578 2.07609 0)
(3.56908 2.26522 -2.29236e-19)
(4.0678 2.6798 -7.86256e-20)
(2.76202 2.28244 -3.64344e-18)
(2.81986 2.17919 -3.37204e-18)
(2.8783 2.08593 3.63029e-18)
(2.93874 2.00332 -3.44073e-18)
(3.00345 1.93286 -4.78415e-21)
(3.07557 1.87707 6.99152e-18)
(3.15944 1.83938 -3.26035e-18)
(3.261 1.8246 1.85738e-18)
(3.38607 1.84165 0)
(3.54772 1.91026 1.13839e-18)
(3.6664 2.08445 5.89211e-19)
(4.17398 2.53516 -8.99221e-19)
(2.61907 2.19424 4.05717e-18)
(2.67507 2.08452 -3.94075e-18)
(2.73236 1.98611 -3.70812e-18)
(2.79333 1.8985 -7.76785e-18)
(2.86125 1.82192 7.56333e-18)
(2.94036 1.75759 -7.35956e-18)
(3.03633 1.70717 0)
(3.15729 1.67362 -1.80514e-18)
(3.31182 1.66317 0)
(3.51974 1.69386 0)
(3.7226 1.82791 0)
(4.22752 2.23921 4.34235e-19)
(2.46365 2.09964 4.50597e-18)
(2.51807 1.98455 -9.03661e-18)
(2.57374 1.88146 8.85124e-18)
(2.6337 1.78871 8.56167e-18)
(2.70191 1.70521 4.17572e-18)
(2.78318 1.6306 0)
(2.88456 1.56455 0)
(3.01552 1.50734 4.252e-18)
(3.18843 1.46105 0)
(3.43359 1.44059 -1.21333e-18)
(3.70179 1.4974 7.92117e-19)
(4.21128 1.78952 -1.27624e-18)
(2.28659 1.98639 -1.02134e-17)
(2.34138 1.87097 9.44635e-18)
(2.3963 1.76702 -9.25645e-18)
(2.45467 1.67186 -2.33913e-17)
(2.52105 1.58337 -2.14671e-19)
(2.59976 1.49964 1.25317e-19)
(2.69905 1.41818 -4.62728e-18)
(2.82821 1.33608 -4.32109e-18)
(3.00306 1.2489 0)
(3.26342 1.16594 3.72175e-18)
(3.56968 1.09319 9.17585e-19)
(4.07157 1.04363 -1.80425e-18)
(2.08426 1.84193 -4.2096e-19)
(2.14241 1.73534 0)
(2.1983 1.63755 0)
(2.25516 1.54548 4.47855e-18)
(2.31776 1.45638 1.38252e-17)
(2.38973 1.36774 -4.55458e-18)
(2.47908 1.27505 -1.93127e-19)
(2.59305 1.17287 -2.42814e-18)
(2.74952 1.04794 -2.33349e-18)
(2.97703 0.899896 -2.36617e-18)
(3.29318 0.66729 0)
(3.66396 -0.0642015 2.41055e-18)
(2.22154 -0.147363 -1.94393e-22)
(1.93119 -0.21338 0)
(1.7669 -0.309408 -1.44083e-19)
(1.65313 -0.410354 0)
(1.64572 -0.522344 -1.08614e-18)
(1.82328 -0.752666 9.3979e-19)
(1.71788 -1.45943 0)
(1.74958 -2.53745 1.20925e-19)
(2.33781 -2.96375 -3.83293e-19)
(2.54314 -3.19268 3.65254e-19)
(2.76213 -3.52368 -5.79836e-19)
(2.74275 -3.80319 -5.2052e-19)
(2.77115 0.432571 -2.70098e-19)
(2.37394 0.228642 -1.17949e-19)
(2.43801 -0.0600814 5.18302e-19)
(2.51665 -0.546603 0)
(2.58157 -1.35863 -6.37944e-19)
(2.93287 -2.1694 3.42772e-19)
(3.08903 -2.71813 0)
(3.13272 -2.96191 1.0794e-18)
(3.18466 -3.03621 -3.09377e-18)
(3.20102 -3.10404 1.85349e-18)
(3.20521 -3.23493 1.06142e-18)
(3.19091 -3.34308 -3.37072e-18)
(3.05991 0.348105 -1.64383e-19)
(2.79183 -0.12181 0)
(2.92341 -0.780133 -1.61573e-18)
(3.11723 -1.54264 0)
(3.24421 -2.20452 0)
(3.29772 -2.66045 -8.31862e-19)
(3.23373 -2.92742 4.39423e-18)
(3.13556 -3.09047 -3.18092e-18)
(3.06842 -3.15654 9.34016e-19)
(2.99977 -3.23609 0)
(2.93047 -3.32645 2.38666e-18)
(2.85422 -3.41111 -1.33335e-18)
(3.32677 0.126592 9.82397e-19)
(3.24209 -0.459627 1.3685e-18)
(3.39029 -1.16928 1.02463e-18)
(3.46974 -1.86051 2.07846e-18)
(3.44467 -2.37559 -1.63146e-18)
(3.363 -2.68023 -1.35107e-18)
(3.24311 -2.88089 0)
(3.12844 -2.99722 0)
(3.03432 -3.0595 1.708e-18)
(2.94668 -3.12396 0)
(2.85916 -3.18601 3.72023e-19)
(2.77346 -3.25094 1.07827e-18)
(3.48921 -0.144777 1.82902e-18)
(3.52725 -0.738983 -8.13328e-19)
(3.61534 -1.39144 -1.92694e-18)
(3.5938 -1.9846 0)
(3.49478 -2.38364 0)
(3.36041 -2.63412 2.39833e-18)
(3.22037 -2.77811 0)
(3.08592 -2.86452 -4.12358e-18)
(2.96873 -2.92637 -1.69697e-18)
(2.86171 -2.98757 3.17155e-18)
(2.76006 -3.04974 -4.3197e-18)
(2.66272 -3.11435 2.77008e-18)
(3.62777 -0.373783 -1.45362e-18)
(3.73756 -0.931794 -1.12749e-18)
(3.75565 -1.50782 1.66263e-18)
(3.66613 -2.00476 2.52452e-19)
(3.51757 -2.33398 2.64448e-18)
(3.3556 -2.52876 -5.56716e-18)
(3.19236 -2.64805 5.04502e-18)
(3.04096 -2.73045 4.42418e-19)
(2.90629 -2.79477 0)
(2.78438 -2.85546 0)
(2.67172 -2.91579 6.80094e-18)
(2.56633 -2.97715 3.20588e-20)
(3.78286 -0.54427 -5.40882e-20)
(3.94139 -1.05333 -1.73069e-18)
(3.89316 -1.54538 0)
(3.75527 -1.95667 -3.61333e-18)
(3.56513 -2.23007 3.84052e-18)
(3.36889 -2.39724 9.46393e-18)
(3.18076 -2.50833 5.70211e-18)
(3.00924 -2.59044 6.57631e-19)
(2.85589 -2.6579 -8.75551e-18)
(2.71809 -2.72025 3.85383e-18)
(2.5929 -2.78071 4.07926e-18)
(2.47813 -2.84073 2.04813e-19)
(3.96674 -0.672143 1.86683e-19)
(4.16086 -1.1184 2.90788e-18)
(4.05431 -1.52501 0)
(3.87329 -1.86283 -4.76084e-18)
(3.64179 -2.09555 -3.49167e-18)
(3.40787 -2.25025 5.2965e-19)
(3.18955 -2.36043 -1.09234e-17)
(2.99253 -2.44612 3.38176e-19)
(2.81725 -2.51807 -2.33367e-19)
(2.66135 -2.58321 4.47265e-18)
(2.52191 -2.6446 -3.61276e-18)
(2.39635 -2.70395 1.85594e-19)
(4.1538 -0.73078 -3.58147e-18)
(4.40238 -1.14012 1.55284e-18)
(4.23355 -1.46072 -8.31508e-18)
(4.00577 -1.72984 4.09841e-18)
(3.73336 -1.93261 0)
(3.46125 -2.08364 0)
(3.2096 -2.19971 6.21839e-18)
(2.98403 -2.29298 1.10691e-17)
(2.78465 -2.3714 -4.97183e-18)
(2.60908 -2.44056 -4.45241e-18)
(2.45422 -2.50354 -4.21379e-18)
(2.31693 -2.5626 0)
(4.45065 -0.806968 6.88467e-20)
(4.66012 -1.11766 5.3469e-18)
(4.38464 -1.32747 1.03654e-17)
(4.09252 -1.54743 0)
(3.78182 -1.73327 7.9109e-18)
(3.47904 -1.88751 0)
(3.20139 -2.01407 2.91513e-19)
(2.95338 -2.11832 -5.50697e-18)
(2.7348 -2.20588 5.76964e-18)
(2.54336 -2.28135 0)
(2.37606 -2.3477 0)
(2.22929 -2.40787 -9.61056e-18)
(4.57608 -0.957207 -6.85116e-18)
(4.68285 -0.978019 3.77933e-18)
(4.32875 -1.08916 5.38205e-19)
(3.98225 -1.28394 -9.07524e-18)
(3.66731 -1.47181 -3.54298e-18)
(3.36598 -1.63858 -3.55397e-18)
(3.09049 -1.78166 -6.79698e-18)
(2.84349 -1.9023 -1.88804e-17)
(2.62443 -2.00372 -5.46805e-18)
(2.43179 -2.09002 -1.14089e-17)
(2.26346 -2.16376 1.09293e-17)
(2.11601 -2.22864 9.98853e-18)
(4.18342 -0.388816 3.66898e-18)
(4.12031 -0.592368 -1.45098e-18)
(3.79155 -0.735603 3.47894e-19)
(3.49735 -0.937528 7.46014e-18)
(3.25828 -1.14478 0)
(3.02516 -1.33408 -6.59969e-18)
(2.80406 -1.49865 5.86626e-18)
(2.59872 -1.63956 5.18857e-18)
(2.41075 -1.75876 -1.65654e-17)
(2.24176 -1.86029 1.02579e-17)
(2.09199 -1.94593 -9.96178e-18)
(1.9592 -2.02022 0)
(2.72825 -4.06951 -7.68719e-19)
(2.58913 -4.25306 1.88733e-18)
(2.44548 -4.39531 -1.16287e-18)
(2.24565 -4.44499 -5.54434e-19)
(2.03835 -4.45423 1.81625e-19)
(1.80662 -4.37164 4.81497e-20)
(1.57777 -4.2268 -1.00411e-19)
(1.34588 -3.98981 -2.76912e-19)
(1.12023 -3.68095 -9.82248e-19)
(0.864137 -3.24828 0)
(0.469163 -2.78635 0)
(-0.0898101 -2.65085 -4.8148e-20)
(3.1375 -3.46866 -2.76341e-20)
(3.04439 -3.58971 1.86182e-18)
(2.91754 -3.7086 -8.99999e-19)
(2.75152 -3.81489 0)
(2.57163 -3.88927 1.5434e-18)
(2.38651 -3.91903 0)
(2.20509 -3.89827 1.23137e-18)
(2.04388 -3.82175 2.23784e-18)
(1.91505 -3.68925 -1.9221e-18)
(1.79622 -3.39755 0)
(1.67662 -3.11466 0)
(1.27226 -3.21325 -1.34257e-20)
(2.76795 -3.50086 8.51261e-19)
(2.66836 -3.5909 -8.05032e-19)
(2.55867 -3.67247 9.26411e-19)
(2.44453 -3.73676 0)
(2.32869 -3.77572 -1.05936e-18)
(2.22127 -3.78433 2.76639e-18)
(2.13125 -3.75946 -3.98499e-18)
(2.06724 -3.70058 -4.74628e-18)
(2.03761 -3.6134 3.00363e-18)
(2.02922 -3.45532 0)
(2.02659 -3.21209 5.74566e-19)
(1.93034 -3.39647 1.54107e-19)
(2.68526 -3.32275 1.03274e-18)
(2.59124 -3.39523 -2.35395e-18)
(2.49298 -3.46236 2.4129e-18)
(2.39476 -3.51796 -2.43094e-18)
(2.30238 -3.55752 0)
(2.22283 -3.57858 1.48682e-18)
(2.16346 -3.57884 1.16484e-18)
(2.13175 -3.55999 7.13278e-19)
(2.13507 -3.52492 -1.63095e-18)
(2.1912 -3.44857 0)
(2.28497 -3.26102 -3.49153e-19)
(2.39015 -3.55019 5.63965e-19)
(2.56722 -3.18086 2.69254e-18)
(2.47244 -3.24615 -1.42323e-18)
(2.37983 -3.30692 0)
(2.29282 -3.36 0)
(2.21587 -3.40364 1.44278e-18)
(2.15459 -3.43719 -1.22638e-18)
(2.11817 -3.45951 -2.13452e-19)
(2.11075 -3.4719 0)
(2.14375 -3.47957 -8.18664e-19)
(2.23099 -3.4689 9.91554e-19)
(2.38328 -3.34797 -1.05511e-18)
(2.60708 -3.75138 -2.57647e-19)
(2.46642 -3.03914 -5.93123e-18)
(2.37129 -3.10027 2.87959e-18)
(2.28193 -3.15895 5.88773e-18)
(2.20092 -3.2139 4.24364e-21)
(2.13186 -3.26486 -7.23299e-18)
(2.07953 -3.31223 -3.10713e-18)
(2.04999 -3.35767 -2.10651e-19)
(2.04972 -3.4037 0)
(2.08989 -3.45281 0)
(2.18722 -3.50823 -1.00811e-18)
(2.38142 -3.46093 -7.35665e-19)
(2.72434 -3.92007 2.27426e-19)
(2.3721 -2.90054 3.30026e-18)
(2.27391 -2.95987 -6.56496e-18)
(2.18396 -3.0185 -2.95491e-18)
(2.10391 -3.07661 -1.65262e-19)
(2.0364 -3.13528 2.92545e-18)
(1.9851 -3.19635 2.9375e-18)
(1.95488 -3.2627 1.67863e-18)
(1.95161 -3.33832 1.65793e-18)
(1.98563 -3.42688 -1.85453e-18)
(2.07555 -3.53587 0)
(2.26461 -3.56914 1.19432e-18)
(2.67906 -4.0679 -3.50515e-19)
(2.28264 -2.76217 0)
(2.17931 -2.82002 3.37545e-18)
(2.08596 -2.87847 0)
(2.00327 -2.93892 -1.71991e-19)
(1.93272 -3.00363 -4.77825e-21)
(1.87686 -3.07576 6.99837e-18)
(1.8391 -3.15963 -6.87616e-18)
(1.82423 -3.26117 0)
(1.84121 -3.38623 -2.00888e-18)
(1.90976 -3.54786 1.13911e-18)
(2.08388 -3.6665 -2.23471e-18)
(2.5345 -4.17407 1.1468e-18)
(2.19454 -2.61926 4.06111e-18)
(2.08472 -2.67528 -3.94463e-18)
(1.98621 -2.73258 -4.00782e-18)
(1.89852 -2.79356 3.95339e-18)
(1.82185 -2.86149 3.79196e-18)
(1.75744 -2.94059 -1.12758e-17)
(1.70694 -3.03657 3.59424e-18)
(1.6733 -3.15751 0)
(1.66278 -3.31202 1.8801e-18)
(1.6934 -3.51992 0)
(1.8274 -3.72273 2.76456e-18)
(2.23864 -4.22764 -2.06311e-18)
(2.1 -2.46384 0)
(1.9848 -2.51828 -9.04491e-18)
(1.88162 -2.57397 -4.7025e-18)
(1.78877 -2.63393 -8.33725e-18)
(1.70519 -2.70216 4.17967e-18)
(1.63049 -2.78343 4.00961e-18)
(1.56435 -2.88481 0)
(1.50706 -3.01576 0)
(1.46069 -3.18866 0)
(1.44017 -3.4338 0)
(1.49696 -3.70196 -7.91658e-19)
(1.78906 -4.21138 -9.98144e-20)
(1.98673 -2.28672 4.99036e-18)
(1.87123 -2.34154 4.58979e-18)
(1.76718 -2.39648 1.90279e-17)
(1.67194 -2.45487 4.90339e-18)
(1.58336 -2.52126 1.87073e-17)
(1.49956 -2.6 -4.54668e-18)
(1.41801 -2.69929 -4.63128e-18)
(1.33582 -2.82845 0)
(1.24857 -3.0033 -4.56651e-18)
(1.16556 -3.26365 -2.47232e-18)
(1.0928 -3.56987 -1.8556e-18)
(1.04331 -4.07169 -1.12482e-25)
(1.84221 -2.0843 0)
(1.73555 -2.14247 0)
(1.63769 -2.19839 -1.89758e-17)
(1.54554 -2.25529 -1.3921e-17)
(1.45637 -2.31792 -4.47827e-18)
(1.36765 -2.38992 0)
(1.27488 -2.4793 4.58481e-18)
(1.17262 -2.59329 0)
(1.04762 -2.74977 -1.83396e-19)
(0.899533 -2.97728 2.36754e-18)
(0.666979 -3.29339 6.7849e-19)
(-0.064322 -3.66415 4.78087e-18)
(-0.147376 -2.22159 9.40295e-20)
(-0.213368 -1.9313 2.22346e-19)
(-0.3097 -1.76726 -2.21702e-19)
(-0.410604 -1.6533 5.30959e-20)
(-0.522554 -1.64675 0)
(-0.755262 -1.82476 1.33672e-19)
(-1.46636 -1.71624 0)
(-2.54221 -1.75474 4.9314e-19)
(-2.96361 -2.34136 1.12826e-18)
(-3.19442 -2.5459 -1.41629e-19)
(-3.52439 -2.76429 -5.38781e-19)
(-3.80444 -2.74457 1.09399e-18)
(0.43249 -2.77133 4.29394e-19)
(0.228408 -2.37404 -4.63332e-19)
(-0.060542 -2.43872 5.19607e-19)
(-0.548877 -2.51714 -7.00093e-20)
(-1.36361 -2.58366 -6.35256e-19)
(-2.17245 -2.93628 -1.33257e-19)
(-2.71894 -3.09016 -7.75985e-19)
(-2.96127 -3.13473 -2.0849e-18)
(-3.035 -3.18609 3.21119e-18)
(-3.10382 -3.20258 -7.15576e-19)
(-3.23462 -3.20654 7.6565e-19)
(-3.34315 -3.19204 5.2179e-19)
(0.347469 -3.06016 -3.2857e-19)
(-0.123711 -2.79224 0)
(-0.78342 -2.92465 0)
(-1.54635 -3.11938 -1.00816e-18)
(-2.20656 -3.24559 0)
(-2.66106 -3.29887 -1.06638e-18)
(-2.92734 -3.23402 7.71141e-19)
(-3.0899 -3.13625 2.5001e-18)
(-3.15579 -3.06923 -1.1695e-18)
(-3.2357 -3.00065 -1.80994e-18)
(-3.32609 -2.93136 -3.3215e-18)
(-3.4109 -2.85506 3.13359e-18)
(0.125217 -3.3268 -1.96737e-18)
(-0.462107 -3.24276 -1.36799e-18)
(-1.1719 -3.39117 1.78203e-18)
(-1.86246 -3.47045 6.97938e-19)
(-2.37621 -3.44489 0)
(-2.68006 -3.3632 -4.36306e-18)
(-2.8805 -3.24328 3.18657e-18)
(-2.99651 -3.12884 0)
(-3.05882 -3.03484 2.58784e-18)
(-3.12346 -2.94724 -3.83367e-18)
(-3.18556 -2.85974 2.68166e-18)
(-3.25067 -2.77406 3.50566e-19)
(-0.146531 -3.48888 2.69367e-18)
(-0.741335 -3.52755 2.42974e-18)
(-1.39354 -3.6155 5.72164e-19)
(-1.98578 -3.59366 0)
(-2.38381 -3.49449 -2.85198e-18)
(-2.63381 -3.36033 3.85162e-18)
(-2.77753 -3.22033 0)
(-2.8639 -3.08605 -2.23713e-18)
(-2.9258 -2.96898 -2.0367e-18)
(-2.98711 -2.86203 3.16695e-18)
(-3.04937 -2.76042 0)
(-3.11407 -2.66311 -2.50171e-18)
(-0.37562 -3.62731 1.19617e-18)
(-0.933833 -3.7375 4.89717e-19)
(-1.50948 -3.75528 -1.66049e-18)
(-2.00555 -3.66562 -7.22962e-18)
(-2.33402 -3.51709 -1.87441e-19)
(-2.52842 -3.35528 5.77014e-18)
(-2.64759 -3.19215 0)
(-2.72996 -3.04091 6.63011e-18)
(-2.7943 -2.90634 -3.89222e-18)
(-2.85505 -2.78452 3.47838e-18)
(-2.91543 -2.6719 2.16653e-19)
(-2.97685 -2.56655 -3.19706e-20)
(-0.545978 -3.78226 -1.35709e-18)
(-1.05503 -3.94106 -1.16696e-18)
(-1.54663 -3.89246 0)
(-1.95721 -3.75449 7.72368e-18)
(-2.23007 -3.56445 -1.08951e-17)
(-2.39699 -3.36839 -1.75991e-19)
(-2.50799 -3.18042 -1.09118e-17)
(-2.59006 -3.00904 3.90917e-19)
(-2.65752 -2.8558 -4.18223e-18)
(-2.71989 -2.71807 -4.10894e-18)
(-2.78037 -2.59293 4.07409e-18)
(-2.84042 -2.47822 -3.41292e-18)
(-0.67338 -3.96611 -1.1911e-19)
(-1.1197 -4.16027 -1.5411e-18)
(-1.52591 -4.05338 0)
(-1.86324 -3.8723 4.75436e-18)
(-2.0956 -3.64094 3.29964e-18)
(-2.25011 -3.40721 2.85488e-18)
(-2.3602 -3.18906 -4.15685e-19)
(-2.44582 -2.99218 -8.03159e-20)
(-2.51775 -2.81701 -4.89605e-18)
(-2.58287 -2.66119 -4.72024e-19)
(-2.64425 -2.52181 1.97412e-19)
(-2.70361 -2.39631 0)
(-0.73146 -4.15318 2.22059e-18)
(-1.1409 -4.40163 0)
(-1.46132 -4.23255 0)
(-1.73018 -4.00468 -4.09518e-18)
(-1.93271 -3.73239 3.53085e-18)
(-2.08359 -3.46044 -6.96174e-18)
(-2.19954 -3.20896 0)
(-2.29275 -2.98353 5.41982e-18)
(-2.37111 -2.78426 -2.16609e-19)
(-2.44024 -2.60878 4.44792e-18)
(-2.50319 -2.45401 -4.56787e-18)
(-2.56224 -2.31678 8.71484e-18)
(-0.807033 -4.44998 4.79916e-18)
(-1.11835 -4.65939 -1.82654e-18)
(-1.328 -4.38374 -5.509e-18)
(-1.54778 -4.09152 -9.08864e-18)
(-1.73343 -3.78085 0)
(-1.88754 -3.47819 6.45566e-18)
(-2.01398 -3.20068 -1.26819e-17)
(-2.11815 -2.9528 5.54884e-18)
(-2.20564 -2.73432 5.76453e-18)
(-2.28105 -2.54298 0)
(-2.34738 -2.37577 -5.32985e-18)
(-2.40753 -2.22908 -8.99197e-18)
(-0.956977 -4.57598 -6.80785e-18)
(-0.978232 -4.68257 1.7194e-18)
(-1.08951 -4.32826 4.64427e-18)
(-1.28426 -3.98157 3.88477e-18)
(-1.47205 -3.6666 -4.13966e-20)
(-1.6387 -3.3653 -1.09346e-17)
(-1.78167 -3.08988 1.29563e-17)
(-1.90222 -2.84296 2.48387e-17)
(-2.00357 -2.62398 -1.71592e-17)
(-2.08981 -2.43141 -1.13993e-17)
(-2.16351 -2.26316 1.03431e-17)
(-2.22837 -2.11579 0)
(-0.388694 -4.18359 5.67869e-18)
(-0.592569 -4.12055 1.90598e-18)
(-0.735954 -3.79162 2.04351e-18)
(-0.937892 -3.49724 7.98919e-18)
(-1.14509 -3.25804 0)
(-1.3343 -3.02484 6.26805e-18)
(-1.49877 -2.80372 -1.2294e-17)
(-1.63959 -2.5984 -5.41898e-18)
(-1.75872 -2.41045 -5.46258e-18)
(-1.8602 -2.24151 1.02532e-17)
(-1.94581 -2.09179 5.2913e-18)
(-2.02007 -1.95905 1.51301e-17)
(-4.07023 -2.72971 2.5501e-19)
(-4.25397 -2.59037 4.69908e-19)
(-4.39591 -2.44648 5.01514e-19)
(-4.44568 -2.24649 -1.25707e-18)
(-4.45474 -2.03898 4.13714e-19)
(-4.37218 -1.80713 0)
(-4.22719 -1.57814 -5.00808e-19)
(-3.99021 -1.34614 3.78571e-19)
(-3.68123 -1.12042 0)
(-3.24854 -0.864248 1.01996e-19)
(-2.78654 -0.469334 0)
(-2.65098 0.0899048 -3.77675e-19)
(-3.46875 -3.13843 -3.64679e-18)
(-3.58994 -3.04517 2.74879e-18)
(-3.70886 -2.91818 2.02802e-18)
(-3.81521 -2.75204 -8.15301e-19)
(-3.88958 -2.57208 0)
(-3.91933 -2.38689 0)
(-3.89854 -2.20541 1.43312e-18)
(-3.82201 -2.04416 -1.57294e-18)
(-3.68946 -1.91527 0)
(-3.39774 -1.7964 5.90535e-19)
(-3.1148 -1.67682 -6.8135e-20)
(-3.21323 -1.27275 -1.08527e-18)
(-3.50076 -2.76874 1.27572e-18)
(-3.5909 -2.66908 -2.16454e-18)
(-3.67253 -2.55932 0)
(-3.73686 -2.4451 -2.29922e-18)
(-3.77584 -2.32918 -2.47339e-18)
(-3.78447 -2.2217 5.43246e-18)
(-3.7596 -2.13161 -4.86698e-18)
(-3.70072 -2.06753 0)
(-3.61351 -2.03786 0)
(-3.45539 -2.02945 0)
(-3.21215 -2.02684 -5.23704e-19)
(-3.39636 -1.93064 1.58444e-19)
(-3.32258 -2.68583 -1.03119e-18)
(-3.39516 -2.59178 -3.217e-19)
(-3.46235 -2.49347 0)
(-3.51799 -2.39521 -3.02918e-19)
(-3.55757 -2.30278 0)
(-3.57865 -2.22318 0)
(-3.57892 -2.16378 1.30764e-18)
(-3.56005 -2.13203 -1.61875e-18)
(-3.52497 -2.13533 1.77949e-18)
(-3.4486 -2.19144 0)
(-3.26108 -2.28523 -5.23703e-19)
(-3.55013 -2.39057 -6.23427e-19)
(-3.18065 -2.56762 5.60255e-18)
(-3.24601 -2.47283 -1.42157e-18)
(-3.30683 -2.38021 2.59942e-18)
(-3.35993 -2.29318 1.19576e-18)
(-3.4036 -2.21621 -4.1008e-18)
(-3.43716 -2.15491 0)
(-3.4595 -2.11846 -1.42632e-18)
(-3.47189 -2.11102 0)
(-3.47955 -2.144 0)
(-3.46889 -2.23123 9.90908e-19)
(-3.34798 -2.38353 3.57255e-20)
(-3.75124 -2.60741 7.0623e-19)
(-3.03889 -2.46667 -2.7577e-18)
(-3.10005 -2.37155 -2.0303e-19)
(-3.15877 -2.2822 0)
(-3.21375 -2.20119 0)
(-3.26473 -2.13213 -4.5712e-18)
(-3.31211 -2.07979 2.91417e-18)
(-3.35757 -2.05024 3.01369e-18)
(-3.40362 -2.04996 1.593e-18)
(-3.45275 -2.09011 -3.81057e-18)
(-3.50817 -2.18743 -1.00757e-18)
(-3.46093 -2.38167 0)
(-3.91996 -2.72466 8.10374e-19)
(-2.90024 -2.37222 -6.7646e-18)
(-2.9596 -2.27406 2.82471e-18)
(-3.01825 -2.18414 3.14178e-18)
(-3.07638 -2.10411 1.68491e-19)
(-3.13508 -2.0366 -3.52231e-19)
(-3.19617 -1.9853 -3.3041e-18)
(-3.26254 -1.95508 -4.87697e-18)
(-3.33818 -1.9518 -1.77256e-18)
(-3.42677 -1.98582 1.71278e-18)
(-3.53578 -2.07574 0)
(-3.56911 -2.26481 2.01851e-18)
(-4.06778 -2.67932 -5.20211e-19)
(-2.76183 -2.28265 7.12087e-18)
(-2.8197 -2.17937 -3.87238e-18)
(-2.87817 -2.08606 -3.62969e-18)
(-2.93864 -2.00339 -6.70844e-18)
(-3.00338 -1.93287 6.66488e-18)
(-3.07553 -1.87702 -1.74598e-19)
(-3.15943 -1.83926 1.03097e-17)
(-3.26101 -1.82439 1.66544e-18)
(-3.3861 -1.84137 2.00694e-18)
(-3.54776 -1.90991 0)
(-3.66645 -2.08405 -1.39001e-18)
(-4.17399 -2.5347 -6.77989e-19)
(-2.6189 -2.19446 0)
(-2.67493 -2.0847 3.78195e-18)
(-2.73225 -1.98624 3.70751e-18)
(-2.79326 -1.89859 -3.8177e-18)
(-2.86121 -1.82194 -1.43176e-19)
(-2.94035 -1.75755 -3.90456e-18)
(-3.03636 -1.70706 -3.59007e-18)
(-3.15734 -1.67343 0)
(-3.31189 -1.6629 -1.87823e-18)
(-3.51981 -1.69353 -1.17358e-18)
(-3.72267 -1.82754 4.5151e-18)
(-4.22755 -2.23879 -9.8611e-19)
(-2.4635 -2.09986 0)
(-2.51795 -1.98473 0)
(-2.57366 -1.8816 0)
(-2.63365 -1.7888 -1.29529e-17)
(-2.70192 -1.70524 8.32437e-18)
(-2.78322 -1.63057 8.14492e-18)
(-2.88464 -1.56445 0)
(-3.01562 -1.50716 -4.25083e-18)
(-3.18856 -1.4608 0)
(-3.43371 -1.44028 -2.46686e-18)
(-3.7019 -1.49706 -7.91242e-19)
(-4.21134 -1.78916 -1.27641e-18)
(-2.28645 -1.98658 0)
(-2.34128 -1.87114 0)
(-2.39624 -1.76715 9.7531e-18)
(-2.45466 -1.67195 1.37941e-17)
(-2.52109 -1.5834 3.62568e-19)
(-2.59986 -1.49962 4.66669e-18)
(-2.69919 -1.41809 -2.27666e-18)
(-2.82838 -1.33593 6.53317e-18)
(-3.00326 -1.24868 4.56148e-18)
(-3.2636 -1.16567 2.31261e-18)
(-3.56982 -1.09289 -1.85462e-18)
(-4.07167 -1.04338 -1.97647e-18)
(-2.08415 -1.84212 0)
(-2.14234 -1.73551 0)
(-2.19829 -1.63768 -9.27728e-18)
(-2.25521 -1.54557 4.88185e-18)
(-2.31787 -1.45642 -4.47545e-18)
(-2.3899 -1.36773 -4.55381e-18)
(-2.4793 -1.27498 4.77495e-18)
(-2.59331 -1.17273 0)
(-2.74981 -1.04774 -4.60513e-18)
(-2.9773 -0.899661 -2.44993e-18)
(-3.2934 -0.667051 2.32898e-18)
(-3.66409 0.0643242 -4.78067e-18)
(-2.22151 0.147283 9.55226e-20)
(-1.93111 0.21332 0)
(-1.76677 0.309301 0)
(-1.65301 0.410233 7.6143e-19)
(-1.64556 0.522228 -1.08909e-18)
(-1.82319 0.752414 0)
(-1.71791 1.4593 0)
(-1.74946 2.53777 4.93951e-19)
(-2.33799 2.96428 8.00069e-19)
(-2.54338 3.19318 4.46397e-19)
(-2.76249 3.52427 -1.11493e-18)
(-2.7431 3.80379 8.50626e-19)
(-2.7712 -0.432706 -5.84839e-19)
(-2.37382 -0.228762 0)
(-2.43779 0.0599632 0)
(-2.51652 0.546407 -9.9307e-19)
(-2.5814 1.35841 1.25295e-18)
(-2.93285 2.16971 -1.42748e-18)
(-3.0892 2.71867 7.37596e-19)
(-3.13288 2.96251 8.80876e-19)
(-3.18496 3.03677 -4.53077e-19)
(-3.20136 3.10452 7.44863e-19)
(-3.20562 3.2354 0)
(-3.19136 3.34351 -1.29702e-18)
(-3.06 -0.348426 3.28487e-19)
(-2.79169 0.121416 0)
(-2.92319 0.779825 0)
(-3.11699 1.54261 -6.23996e-19)
(-3.24418 2.20497 4.29491e-19)
(-3.2978 2.66119 -1.39315e-18)
(-3.23388 2.92814 0)
(-3.13574 3.09114 -3.46734e-18)
(-3.06863 3.15714 3.41752e-18)
(-3.00001 3.23662 -9.80862e-19)
(-2.93074 3.32694 -2.3284e-18)
(-2.85451 3.41156 3.13901e-18)
(-3.32689 -0.126999 -9.81763e-19)
(-3.24199 0.459297 1.3687e-18)
(-3.39024 1.16928 0)
(-3.46977 1.86091 6.97891e-19)
(-3.44476 2.3763 -6.52527e-19)
(-3.3631 2.68099 1.35054e-18)
(-3.24325 2.88161 0)
(-3.12859 2.99786 -1.90809e-18)
(-3.03451 3.06005 -4.30019e-18)
(-2.94689 3.12442 2.67984e-18)
(-2.8594 3.1864 2.68501e-18)
(-2.77372 3.25127 -5.37169e-18)
(-3.48939 0.144325 1.34954e-18)
(-3.52723 0.738729 -1.01082e-18)
(-3.61538 1.39156 1.927e-18)
(-3.59388 1.98513 0)
(-3.49485 2.38436 -5.98532e-18)
(-3.36048 2.63485 4.43555e-18)
(-3.22045 2.77877 2.52967e-18)
(-3.08601 2.86507 1.77609e-18)
(-2.96884 2.92682 0)
(-2.86185 2.98793 0)
(-2.76022 3.05003 0)
(-2.66291 3.11457 -5.42185e-19)
(-3.62793 0.373358 2.90942e-18)
(-3.73756 0.931618 0)
(-3.7557 1.50802 -1.6626e-18)
(-3.66616 2.00532 3.74475e-18)
(-3.51758 2.33469 2.6326e-18)
(-3.3556 2.52944 -5.52201e-18)
(-3.19235 2.64862 2.59908e-18)
(-3.04097 2.7309 -9.06117e-18)
(-2.90631 2.79512 -9.51893e-20)
(-2.78443 2.85572 -3.01794e-19)
(-2.6718 2.91597 2.1703e-19)
(-2.56644 2.97727 9.23327e-18)
(-3.78301 0.543893 -4.79267e-18)
(-3.9414 1.05321 3.12151e-18)
(-3.8932 1.54562 -4.88195e-18)
(-3.75525 1.95721 -3.61324e-18)
(-3.56504 2.23072 -6.86248e-18)
(-3.36879 2.39782 -3.63268e-18)
(-3.18065 2.5088 -5.39771e-18)
(-3.00914 2.59079 8.98612e-18)
(-2.85582 2.65814 0)
(-2.71805 2.7204 7.73901e-18)
(-2.59289 2.78079 -1.08596e-17)
(-2.47816 2.84076 3.64371e-18)
(-3.96686 0.671851 -2.80173e-18)
(-4.16089 1.11832 -4.63003e-18)
(-4.05437 1.52526 7.36453e-18)
(-3.87324 1.86332 0)
(-3.64165 2.09611 -4.02973e-18)
(-3.40767 2.25073 6.04226e-18)
(-3.18933 2.3608 -2.75835e-19)
(-2.99232 2.44637 8.04808e-20)
(-2.81708 2.51823 -4.58761e-18)
(-2.66121 2.58327 -8.50835e-18)
(-2.52181 2.64459 3.79032e-18)
(-2.3963 2.70388 -3.80753e-18)
(-4.15394 0.730528 2.22281e-18)
(-4.40247 1.14011 0)
(-4.23362 1.46096 0)
(-4.00574 1.73024 0)
(-3.7332 1.93305 3.53541e-18)
(-3.46101 2.08403 0)
(-3.20932 2.19999 -3.49055e-19)
(-2.98375 2.29316 1.08027e-17)
(-2.78439 2.37148 2.25223e-19)
(-2.60886 2.44055 4.45343e-18)
(-2.45405 2.50346 -4.41101e-18)
(-2.3168 2.56246 1.29287e-17)
(-4.45083 0.806877 6.88695e-20)
(-4.66027 1.11766 9.70797e-18)
(-4.38474 1.32766 -2.53669e-18)
(-4.09252 1.54774 0)
(-3.78168 1.7336 0)
(-3.47881 1.8878 0)
(-3.2011 2.01428 0)
(-2.95308 2.11844 5.77367e-18)
(-2.73451 2.20591 -2.1757e-17)
(-2.54311 2.28129 -1.05341e-17)
(-2.37585 2.34758 1.00215e-17)
(-2.22912 2.40769 5.27555e-18)
(-4.57618 0.957174 -6.80779e-18)
(-4.68294 0.978064 -5.24666e-18)
(-4.32883 1.0893 -2.76138e-18)
(-3.98227 1.28416 0)
(-3.66723 1.47207 0)
(-3.36581 1.63881 7.35805e-18)
(-3.09027 1.78183 -1.34e-17)
(-2.84323 1.9024 2.50673e-17)
(-2.62417 2.00374 1.74608e-17)
(-2.43155 2.08996 1.0793e-17)
(-2.26325 2.16363 -1.03528e-17)
(-2.11584 2.22846 5.48197e-19)
(-4.18354 0.38887 -1.91826e-18)
(-4.12043 0.592444 0)
(-3.79167 0.735743 3.92432e-18)
(-3.49746 0.937737 -1.188e-17)
(-3.25832 1.14502 1.06911e-17)
(-3.02512 1.3343 3.30102e-19)
(-2.80396 1.49882 5.8657e-18)
(-2.59857 1.63966 -5.42045e-18)
(-2.41058 1.75879 -2.71974e-17)
(-2.24159 1.86025 0)
(-2.09184 1.94583 0)
(-1.95907 2.02007 4.23831e-19)
(-2.72864 4.07016 -4.84287e-19)
(-2.58949 4.25369 -2.247e-19)
(-2.44585 4.39595 2.34316e-19)
(-2.24599 4.44559 -1.11143e-18)
(-2.03867 4.45482 3.53958e-19)
(-1.8069 4.37218 4.79277e-20)
(-1.57802 4.2273 -5.00558e-19)
(-1.3461 3.99024 1.38763e-18)
(-1.12044 3.68131 -6.97287e-19)
(-0.86434 3.24852 -1.01994e-19)
(-0.469396 2.78654 0)
(0.0898571 2.65096 0)
(-3.13798 3.46908 3.12034e-18)
(-3.04486 3.59012 -1.64293e-18)
(-2.91799 3.70902 -9.00019e-19)
(-2.75193 3.81531 0)
(-2.57201 3.88968 -1.30095e-18)
(-2.38685 3.91941 0)
(-2.2054 3.89862 -6.42793e-19)
(-2.04418 3.82206 1.57271e-18)
(-1.91533 3.68951 0)
(-1.79649 3.39773 1.45468e-18)
(-1.67692 3.1148 -1.97128e-18)
(-1.27266 3.21334 2.41567e-19)
(-2.76825 3.50128 1.21712e-18)
(-2.66867 3.59129 -3.33448e-18)
(-2.55898 3.67283 9.26428e-19)
(-2.44485 3.73708 0)
(-2.329 3.776 1.05938e-18)
(-2.22158 3.78458 2.76654e-18)
(-2.13156 3.75966 -3.79477e-18)
(-2.06755 3.70074 1.86559e-18)
(-2.03794 3.61353 -8.76425e-19)
(-2.02956 3.4554 0)
(-2.02695 3.21212 0)
(-1.93072 3.3965 -1.54062e-19)
(-2.68554 3.32303 -2.45925e-18)
(-2.59154 3.39547 2.05396e-18)
(-2.49328 3.46257 2.41328e-18)
(-2.39507 3.51814 -1.32694e-18)
(-2.30269 3.55767 -2.53528e-18)
(-2.22315 3.5787 0)
(-2.16379 3.57894 1.44186e-19)
(-2.13208 3.56006 3.27107e-18)
(-2.13541 3.52499 -2.587e-18)
(-2.19155 3.44861 8.04141e-19)
(-2.28534 3.26104 -5.98019e-20)
(-2.39061 3.55024 -5.63795e-19)
(-2.56743 3.18103 2.69313e-18)
(-2.47266 3.24629 -1.42355e-18)
(-2.38008 3.30703 2.603e-18)
(-2.29308 3.36007 -1.41792e-18)
(-2.21614 3.40369 0)
(-2.15488 3.43723 0)
(-2.11848 3.45953 -1.21425e-18)
(-2.11107 3.47191 -3.06696e-18)
(-2.14409 3.47957 1.80196e-18)
(-2.23135 3.46891 9.91461e-19)
(-2.38365 3.34794 -1.055e-18)
(-2.60751 3.75139 0)
(-2.46656 3.03921 -1.93049e-19)
(-2.37145 3.1003 -5.96383e-18)
(-2.28212 3.15895 0)
(-2.20113 3.21388 2.83942e-18)
(-2.1321 3.26483 -2.85952e-18)
(-2.07979 3.31218 0)
(-2.05027 3.35761 -1.13835e-19)
(-2.05002 3.40365 -1.27393e-19)
(-2.09021 3.45276 0)
(-2.18756 3.50819 -2.1933e-18)
(-2.38179 3.4609 1.0406e-18)
(-2.72477 3.92006 -5.8664e-19)
(-2.37216 2.90051 -3.49395e-18)
(-2.274 2.95981 9.57367e-18)
(-2.18409 3.01841 0)
(-2.10408 3.0765 -3.11562e-18)
(-2.03659 3.13517 3.11181e-18)
(-1.98532 3.19623 3.1282e-18)
(-1.95512 3.26258 -3.49441e-18)
(-1.95187 3.33821 -1.6782e-18)
(-1.98592 3.42678 0)
(-2.07586 3.5358 -1.39864e-18)
(-2.26494 3.56908 1.42341e-18)
(-2.67944 4.06788 0)
(-2.28263 2.76205 7.30747e-18)
(-2.17934 2.81988 -6.92304e-18)
(-2.08603 2.8783 7.12131e-18)
(-2.00337 2.93873 -6.88353e-18)
(-1.93287 3.00345 -4.78091e-21)
(-1.87703 3.07558 3.42017e-18)
(-1.8393 3.15945 3.26374e-18)
(-1.82446 3.26101 0)
(-1.84146 3.3861 -2.00893e-18)
(-1.91003 3.54775 4.5721e-18)
(-2.08417 3.66642 -1.39022e-18)
(-2.53483 4.17403 0)
(-2.19447 2.61909 4.06181e-18)
(-2.08469 2.67507 1.45067e-19)
(-1.98623 2.73235 -3.71234e-18)
(-1.89858 2.79332 0)
(-1.82195 2.86125 0)
(-1.75757 2.94036 0)
(-1.70709 3.03635 0)
(-1.67349 3.15731 -3.9591e-18)
(-1.66299 3.31185 1.88011e-18)
(-1.69363 3.51978 2.71475e-19)
(-1.82765 3.72263 0)
(-2.2389 4.22757 0)
(-2.09988 2.46362 -4.5105e-18)
(-1.98473 2.51804 -1.32891e-17)
(-1.8816 2.57371 0)
(-1.78879 2.63366 4.47791e-18)
(-1.70525 2.70189 8.49224e-18)
(-1.63058 2.78317 0)
(-1.56447 2.88456 0)
(-1.5072 3.01553 1.77349e-18)
(-1.46087 3.18846 -6.43337e-18)
(-1.44036 3.43363 2.20052e-19)
(-1.49714 3.70183 0)
(-1.78923 4.21129 0)
(-1.9866 2.2865 -5.23095e-18)
(-1.87114 2.34129 -5.37608e-18)
(-1.76714 2.39622 9.76385e-18)
(-1.67194 2.4546 -1.38095e-17)
(-1.5834 2.52099 4.94613e-18)
(-1.49963 2.59973 9.21871e-18)
(-1.4181 2.69904 -2.3519e-18)
(-1.33595 2.82821 2.10861e-18)
(-1.24871 3.00308 4.30178e-18)
(-1.16571 3.26346 -4.78683e-18)
(-1.09294 3.56971 -1.85552e-18)
(-1.04336 4.07157 0)
(-1.84211 2.08411 -4.21019e-19)
(-1.73549 2.14226 9.39561e-18)
(-1.63766 2.19817 -9.28187e-18)
(-1.54555 2.25505 0)
(-1.45641 2.31768 -9.15411e-18)
(-1.36772 2.38968 -1.40602e-17)
(-1.27497 2.47906 -1.93196e-19)
(-1.17273 2.59305 0)
(-1.04775 2.74954 0)
(-0.899654 2.97706 1.17916e-18)
(-0.667065 3.29319 1.68361e-20)
(0.0643953 3.66398 2.41106e-18)
(0.162986 2.50529 5.75231e-19)
(0.244792 2.61861 2.28854e-18)
(0.439374 2.66526 1.15581e-19)
(0.648023 2.64475 0)
(0.856627 2.58077 5.55993e-18)
(1.04818 2.4793 -5.19643e-18)
(1.21846 2.35678 -1.52626e-17)
(1.36857 2.22628 -1.00483e-17)
(1.49944 2.09643 -1.99234e-20)
(1.61407 1.97352 -4.74799e-18)
(1.71194 1.86109 9.46648e-18)
(1.79778 1.75849 -9.06359e-18)
(0.186346 2.06478 0)
(0.307329 2.05503 0)
(0.434135 2.05779 -2.24074e-18)
(0.565481 2.04448 4.51265e-18)
(0.709759 2.01666 -1.11202e-17)
(0.858003 1.96863 -6.64267e-18)
(1.00333 1.90443 8.63324e-18)
(1.14244 1.83081 2.15431e-17)
(1.27221 1.75365 -4.29612e-18)
(1.39258 1.67862 0)
(1.49821 1.60849 2.00665e-19)
(1.59348 1.54225 0)
(0.14698 1.78246 -4.49396e-19)
(0.247936 1.74325 4.60785e-19)
(0.360961 1.71092 3.7432e-18)
(0.475118 1.67558 2.07296e-20)
(0.597176 1.64042 3.77914e-18)
(0.724898 1.60113 -3.12337e-20)
(0.854915 1.55796 0)
(0.985221 1.51332 -3.79973e-18)
(1.11266 1.46905 -3.86699e-18)
(1.23554 1.42828 1.17622e-17)
(1.34364 1.39094 -1.17628e-17)
(1.44066 1.35496 8.08673e-18)
(0.105245 1.53052 -8.08158e-19)
(0.199353 1.494 1.64034e-18)
(0.301086 1.46057 1.51043e-20)
(0.404652 1.42938 -3.35578e-18)
(0.516465 1.40233 -6.81986e-18)
(0.637407 1.37722 -2.16551e-20)
(0.766185 1.35315 -6.98661e-18)
(0.900677 1.32943 3.536e-18)
(1.03642 1.30401 -3.58545e-18)
(1.16759 1.2778 -7.28073e-18)
(1.27854 1.24798 0)
(1.36648 1.21321 7.70137e-18)
(1.86959 1.66683 8.97684e-18)
(1.9321 1.57858 9.21668e-18)
(1.98868 1.49435 0)
(2.04218 1.41108 0)
(2.0972 1.32632 4.45005e-18)
(2.15704 1.23768 -4.38899e-18)
(2.22954 1.14004 2.10637e-18)
(2.31727 1.02705 6.54686e-18)
(2.43726 0.882492 0)
(2.57429 0.692928 0)
(2.7927 0.391864 6.10783e-19)
(2.64903 -0.286485 -1.57178e-18)
(1.66939 1.48193 -8.67131e-18)
(1.73128 1.41547 2.52423e-19)
(1.78225 1.34773 0)
(1.82504 1.27547 -4.21103e-18)
(1.86489 1.19776 -1.38159e-20)
(1.90517 1.11249 4.11681e-18)
(1.9553 1.0156 0)
(2.01414 0.900127 -4.11182e-18)
(2.10208 0.75562 0)
(2.18331 0.562666 -4.05998e-18)
(2.32773 0.325392 -1.96155e-18)
(2.24065 -0.133681 -1.52188e-26)
(1.50595 1.32017 -2.2397e-19)
(1.55127 1.26782 -7.91065e-18)
(1.58113 1.21125 0)
(1.59943 1.14648 7.98094e-18)
(1.61374 1.0751 3.88574e-18)
(1.62851 0.994529 8.42001e-21)
(1.65508 0.902026 -9.45992e-18)
(1.69063 0.788866 1.12035e-17)
(1.7576 0.651325 -1.83548e-18)
(1.81439 0.465947 8.23856e-18)
(1.91927 0.27761 2.59212e-18)
(1.89183 -0.03707 -4.48039e-19)
(1.3871 1.1723 2.38057e-17)
(1.38267 1.11451 0)
(1.36807 1.05805 0)
(1.34682 0.997458 -7.20516e-18)
(1.32974 0.935854 -7.20058e-18)
(1.32195 0.867972 7.05268e-18)
(1.33441 0.790542 1.37126e-17)
(1.36397 0.691386 -6.72301e-18)
(1.4271 0.569648 3.3263e-18)
(1.48591 0.401306 -3.30764e-18)
(1.5724 0.233443 -1.60406e-18)
(1.58906 0.0050883 -3.97434e-19)
(2.50513 -0.162782 -1.15041e-18)
(2.61836 -0.244665 0)
(2.66494 -0.439207 1.15537e-19)
(2.64449 -0.647785 0)
(2.58063 -0.856341 0)
(2.47929 -1.04789 5.19676e-18)
(2.35687 -1.21819 0)
(2.22646 -1.36833 9.74289e-18)
(2.09667 -1.49924 9.50448e-18)
(1.97378 -1.61391 9.59846e-18)
(1.86134 -1.7118 -4.67029e-18)
(1.75872 -1.79767 -4.75316e-18)
(2.06473 -0.186142 -5.43125e-19)
(2.05493 -0.307189 -5.52123e-19)
(2.05765 -0.433977 -1.1151e-18)
(2.04434 -0.56529 0)
(2.01656 -0.709538 -2.22308e-18)
(1.9686 -0.857765 1.10634e-17)
(1.90446 -1.00309 0)
(1.8309 -1.14221 4.31194e-18)
(1.75378 -1.27199 -4.29662e-18)
(1.67877 -1.39236 -8.44168e-18)
(1.60864 -1.498 -8.63012e-18)
(1.54238 -1.59327 8.43142e-18)
(1.78244 -0.14679 -9.01471e-19)
(1.74327 -0.247806 1.3779e-18)
(1.7109 -0.360811 -2.79885e-18)
(1.67559 -0.474947 1.8917e-18)
(1.64044 -0.59699 0)
(1.60117 -0.724698 -1.52077e-17)
(1.55803 -0.85471 0)
(1.51341 -0.985009 7.69002e-18)
(1.46915 -1.11244 -3.88498e-18)
(1.42839 -1.23529 7.86397e-18)
(1.39104 -1.34338 3.88078e-18)
(1.35504 -1.44039 -8.08744e-18)
(1.5305 -0.105094 1.21013e-18)
(1.49404 -0.199264 1.64026e-18)
(1.46061 -0.30095 0)
(1.42944 -0.404499 0)
(1.40241 -0.5163 0)
(1.37732 -0.637233 1.37826e-17)
(1.35327 -0.766003 6.98709e-18)
(1.32955 -0.90048 -1.06009e-17)
(1.30413 -1.0362 1.07737e-17)
(1.27791 -1.16733 -7.28138e-18)
(1.24808 -1.27824 0)
(1.21328 -1.36616 7.48433e-18)
(1.66702 -1.86951 -9.29797e-18)
(1.57871 -1.93206 -9.21911e-18)
(1.49443 -1.98868 8.82452e-18)
(1.4111 -2.04222 -9.07106e-18)
(1.32628 -2.0973 0)
(1.23757 -2.15721 -8.93537e-18)
(1.13986 -2.22976 1.11339e-17)
(1.02681 -2.31753 -2.19685e-18)
(0.882187 -2.43754 4.3814e-18)
(0.692588 -2.57456 -1.13511e-18)
(0.391569 -2.79297 1.16454e-18)
(-0.286604 -2.64934 -8.17672e-19)
(1.48203 -1.6692 8.42549e-18)
(1.41553 -1.73113 8.39353e-18)
(1.34774 -1.78217 0)
(1.27544 -1.82504 4.0689e-18)
(1.19768 -1.86497 8.34596e-18)
(1.11235 -1.90534 4.01677e-18)
(1.01541 -1.95555 -1.63439e-17)
(0.899878 -2.01445 -4.11271e-18)
(0.755325 -2.10242 -4.08022e-18)
(0.562341 -2.18363 -1.01867e-18)
(0.3251 -2.32803 9.7777e-19)
(-0.133874 -2.24097 5.20948e-19)
(1.32022 -1.5057 0)
(1.26781 -1.55107 -1.21497e-17)
(1.21121 -1.58102 3.97905e-18)
(1.1464 -1.59943 4.04265e-18)
(1.07499 -1.61386 7.76784e-18)
(0.994369 -1.62875 -3.82245e-18)
(0.90182 -1.65541 9.35665e-18)
(0.788617 -1.69103 9.3313e-18)
(0.651047 -1.75802 1.84279e-18)
(0.465661 -1.81479 -1.82273e-18)
(0.277337 -1.91961 -4.34281e-19)
(-0.0372693 -1.89215 -5.29563e-21)
(1.17237 -1.38681 0)
(1.11452 -1.38246 -1.40543e-19)
(1.05804 -1.36802 0)
(0.997415 -1.34693 -1.45527e-17)
(0.935769 -1.33002 3.57216e-18)
(0.867835 -1.32236 -1.05617e-17)
(0.790351 -1.3349 0)
(0.69115 -1.3645 -6.72268e-18)
(0.569384 -1.42762 3.31816e-18)
(0.401048 -1.48637 -3.29535e-18)
(0.233202 -1.57278 -1.19378e-18)
(0.004904 -1.58937 -4.00176e-19)
(-0.162898 -2.50557 -1.15055e-18)
(-0.244846 -2.6189 1.12381e-19)
(-0.439481 -2.6654 0)
(-0.648094 -2.6448 -2.65826e-18)
(-0.856636 -2.5808 5.51377e-18)
(-1.04814 -2.47935 -8.07723e-18)
(-1.21838 -2.35687 -1.91889e-19)
(-1.36846 -2.22642 9.92047e-18)
(-1.49933 -2.09662 -4.84775e-18)
(-1.61395 -1.97374 0)
(-1.71183 -1.86132 -1.86345e-17)
(-1.79769 -1.75873 3.0691e-19)
(-0.186275 -2.06513 1.09138e-18)
(-0.307362 -2.05538 -5.42986e-19)
(-0.4342 -2.05809 4.52231e-18)
(-0.565538 -2.04473 -8.97262e-18)
(-0.709791 -2.01689 4.47597e-18)
(-0.858007 -1.96887 -1.15401e-19)
(-1.00331 -1.90468 0)
(-1.1424 -1.83109 1.29936e-17)
(-1.27217 -1.75396 -4.29568e-18)
(-1.39253 -1.67894 0)
(-1.49818 -1.60881 8.42706e-18)
(-1.59346 -1.54256 -8.42874e-18)
(-0.146951 -1.78278 -4.48828e-19)
(-0.247989 -1.74364 1.63011e-20)
(-0.361022 -1.71127 -3.71888e-18)
(-0.475177 -1.67594 3.75568e-18)
(-0.597225 -1.64079 -3.77884e-18)
(-0.724932 -1.60151 1.14063e-17)
(-0.854942 -1.55836 1.14776e-17)
(-0.985236 -1.51373 -3.79939e-18)
(-1.11267 -1.46947 3.88703e-18)
(-1.23554 -1.4287 0)
(-1.34366 -1.39135 -7.9693e-18)
(-1.44069 -1.35532 0)
(-0.105253 -1.5308 -1.61611e-18)
(-0.199439 -1.49435 -3.27033e-18)
(-0.301157 -1.46093 3.32746e-18)
(-0.404727 -1.42976 -1.67388e-18)
(-0.516536 -1.40273 3.39952e-18)
(-0.637471 -1.37764 -1.20372e-17)
(-0.766243 -1.35359 -6.9527e-18)
(-0.900719 -1.32988 7.06914e-18)
(-1.03645 -1.30447 -1.07433e-17)
(-1.16759 -1.27825 0)
(-1.27853 -1.2484 7.40121e-18)
(-1.36643 -1.21358 -1.51826e-17)
(-1.86954 -1.66705 1.38703e-17)
(-1.9321 -1.57876 -4.53292e-18)
(-1.98874 -1.4945 0)
(-2.0423 -1.41118 -8.75262e-18)
(-2.09739 -1.32638 0)
(-2.15731 -1.23768 0)
(-2.22987 -1.13998 -4.32147e-18)
(-2.31765 -1.02693 0)
(-2.43766 -0.882319 0)
(-2.5747 -0.692736 -3.36506e-20)
(-2.79306 -0.39168 2.35161e-18)
(-2.64941 0.286582 1.63502e-18)
(-1.6694 -1.4822 -8.4226e-18)
(-1.73134 -1.41569 0)
(-1.78238 -1.34789 0)
(-1.82525 -1.27559 -4.21017e-18)
(-1.86518 -1.19783 4.16435e-18)
(-1.90554 -1.11251 0)
(-1.95574 -1.01556 -6.20222e-18)
(-2.01465 -0.900029 -2.03012e-18)
(-2.10261 -0.755471 0)
(-2.18386 -0.562506 -1.02502e-18)
(-2.32823 -0.325229 -2.45286e-18)
(-2.24114 0.133796 -5.19996e-19)
(-1.506 -1.32047 8.1561e-18)
(-1.55138 -1.26804 -4.01242e-18)
(-1.58133 -1.21142 -8.0831e-18)
(-1.59973 -1.1466 3.93491e-18)
(-1.61413 -1.07518 -7.85703e-18)
(-1.62901 -0.994551 0)
(-1.65567 -0.901994 1.50502e-17)
(-1.69129 -0.788786 0)
(-1.75827 -0.651201 1.85506e-18)
(-1.81506 -0.465821 9.22649e-19)
(-1.91988 -0.277478 1.29816e-18)
(-1.8924 0.0371735 -1.15654e-21)
(-1.3871 -1.17265 -7.82902e-18)
(-1.38277 -1.11476 0)
(-1.36833 -1.05827 7.32388e-18)
(-1.34723 -0.997629 -1.09929e-17)
(-1.33029 -0.93597 1.78479e-17)
(-1.32262 -0.868027 -7.05113e-18)
(-1.33514 -0.790531 -1.37098e-17)
(-1.36475 -0.691321 0)
(-1.42787 -0.569535 0)
(-1.48664 -0.401192 0)
(-1.57306 -0.233338 -1.59344e-18)
(-1.58963 -0.00500694 -1.20465e-18)
(-2.50556 0.162899 -5.50251e-20)
(-2.61881 0.244819 5.94624e-19)
(-2.66536 0.439402 0)
(-2.64485 0.648019 5.57519e-18)
(-2.5809 0.856588 -2.64169e-18)
(-2.47946 1.04812 -7.85643e-18)
(-2.35697 1.21838 -5.0965e-18)
(-2.2265 1.36847 4.97481e-18)
(-2.09666 1.49932 9.50316e-18)
(-1.97375 1.61393 9.59719e-18)
(-1.86131 1.71177 -9.46715e-18)
(-1.75869 1.7976 -9.06448e-18)
(-2.06524 0.186264 -1.67417e-26)
(-2.05545 0.307324 2.23334e-18)
(-2.05815 0.434135 4.52178e-18)
(-2.0448 0.565481 0)
(-2.01697 0.709752 4.47574e-18)
(-1.96894 0.857983 0)
(-1.90474 1.00329 4.34746e-18)
(-1.83113 1.14239 -1.78163e-20)
(-1.75397 1.27213 -1.29311e-17)
(-1.67892 1.39246 -8.44049e-18)
(-1.60876 1.49807 8.42828e-18)
(-1.54249 1.5933 8.65521e-18)
(-1.78299 0.146901 4.52057e-19)
(-1.74379 0.247938 -4.58498e-18)
(-1.7114 0.360964 -6.52562e-18)
(-1.67605 0.475127 -1.88134e-18)
(-1.64088 0.597194 -1.13597e-17)
(-1.60158 0.724915 5.72857e-18)
(-1.55842 0.854929 1.56201e-20)
(-1.51377 0.98522 3.84594e-18)
(-1.46948 1.11263 -7.43832e-20)
(-1.42869 1.23545 0)
(-1.3913 1.34351 0)
(-1.35525 1.44048 1.90745e-19)
(-1.53103 0.105181 4.06029e-19)
(-1.49453 0.199371 1.63009e-18)
(-1.46107 0.30108 3.31216e-18)
(-1.42988 0.40466 -3.36917e-18)
(-1.40284 0.516491 1.3615e-17)
(-1.37773 0.637448 -6.8797e-18)
(-1.35366 0.766227 0)
(-1.32991 0.900691 7.08268e-18)
(-1.30448 1.03638 7.15892e-18)
(-1.27821 1.16746 0)
(-1.24833 1.27832 0)
(-1.21349 1.36617 -2.26677e-17)
(-1.667 1.86941 8.97792e-18)
(-1.57871 1.93193 -9.21794e-18)
(-1.49445 1.98853 -1.36469e-17)
(-1.41114 2.04206 -1.26001e-20)
(-1.32634 2.09712 8.99092e-18)
(-1.23765 2.15701 2.19693e-17)
(-1.13997 2.22956 4.32331e-18)
(-1.02693 2.31731 -4.47544e-18)
(-0.882312 2.43731 0)
(-0.692701 2.57432 -3.36663e-20)
(-0.391643 2.79272 0)
(0.286701 2.64906 -8.17653e-19)
(-1.48212 1.6692 0)
(-1.41562 1.7311 -2.52368e-19)
(-1.34783 1.78211 8.34421e-18)
(-1.27554 1.82494 -1.27365e-17)
(-1.19778 1.86485 -1.24943e-17)
(-1.11247 1.90518 -8.13351e-18)
(-1.01553 1.95537 1.03202e-17)
(-0.90001 2.01424 6.1198e-18)
(-0.755462 2.10218 -4.07997e-18)
(-0.562463 2.18338 2.01665e-18)
(-0.325192 2.32774 0)
(0.13394 2.24069 0)
(-1.32039 1.50575 -8.15729e-18)
(-1.26798 1.55109 3.89715e-18)
(-1.21136 1.581 -4.10097e-18)
(-1.14654 1.59936 3.83132e-18)
(-1.07513 1.61374 1.15505e-17)
(-0.994506 1.62858 0)
(-0.90196 1.65521 1.21518e-19)
(-0.788761 1.69079 -3.70482e-18)
(-0.651193 1.75774 -1.27764e-20)
(-0.465788 1.8145 -3.6551e-18)
(-0.277433 1.9193 4.34295e-19)
(0.0373182 1.89193 -4.49244e-19)
(-1.17254 1.3868 -8.13066e-18)
(-1.11467 1.38242 0)
(-1.05817 1.36792 7.325e-18)
(-0.997536 1.34678 -1.09947e-17)
(-0.935885 1.32979 3.58137e-18)
(-0.867953 1.32208 0)
(-0.790479 1.33457 8.66826e-20)
(-0.691291 1.36414 6.77629e-18)
(-0.569539 1.42724 3.31852e-18)
(-0.401199 1.486 1.21402e-20)
(-0.233305 1.57243 0)
(-0.00484258 1.58923 8.01228e-19)
(0.0822418 1.28791 1.16608e-18)
(0.171715 1.27687 1.42182e-20)
(0.273994 1.27097 -5.04014e-18)
(0.384498 1.27321 0)
(0.509093 1.28124 8.14108e-18)
(0.646317 1.29068 1.97218e-17)
(0.791105 1.29673 2.84275e-17)
(0.935441 1.29365 0)
(1.06754 1.27514 0)
(1.17175 1.24084 -5.54059e-18)
(1.22774 1.19218 5.6796e-18)
(1.22472 1.13134 -2.27917e-17)
(0.070689 1.09425 -5.85879e-19)
(0.161745 1.10472 1.83825e-18)
(0.265357 1.1214 -6.35076e-18)
(0.381013 1.14738 0)
(0.511678 1.17799 1.10385e-17)
(0.653804 1.207 -1.13948e-17)
(0.798304 1.22688 -5.74461e-18)
(0.932625 1.22925 -4.65226e-21)
(1.04262 1.20796 -5.64627e-18)
(1.10777 1.16204 0)
(1.11219 1.0975 0)
(1.05791 1.02965 2.40145e-17)
(0.0734203 0.938021 0)
(0.166423 0.962112 -2.42068e-18)
(0.27279 0.992103 5.02513e-18)
(0.392285 1.02972 2.62263e-18)
(0.524664 1.06937 -1.6524e-17)
(0.663307 1.10424 8.68763e-18)
(0.795005 1.12603 -1.78682e-17)
(0.904824 1.12478 5.92256e-18)
(0.976009 1.09782 5.7536e-21)
(0.996435 1.04731 2.77048e-20)
(0.954497 0.983427 -3.34663e-17)
(0.872151 0.929642 -2.80152e-17)
(0.0833086 0.808051 0)
(0.177491 0.838038 4.8186e-18)
(0.284978 0.872193 0)
(0.404347 0.91082 1.04276e-17)
(0.532304 0.948575 0)
(0.658997 0.979355 5.876e-18)
(0.768247 0.994302 2.39391e-17)
(0.841224 0.985297 -6.557e-18)
(0.87306 0.95123 0)
(0.844315 0.893147 0)
(0.756276 0.81431 -8.59441e-18)
(0.65676 0.776348 8.73766e-18)
(1.13838 1.05743 -2.29392e-17)
(1.08136 0.965343 -5.73563e-18)
(1.0385 0.912118 2.86177e-17)
(1.00469 0.85697 -1.67344e-17)
(0.993281 0.806579 2.1549e-17)
(1.0054 0.750162 -2.08692e-17)
(1.04506 0.680876 -2.51497e-17)
(1.10714 0.586829 0)
(1.18801 0.466162 -4.68191e-18)
(1.25955 0.311284 0)
(1.32131 0.159402 0)
(1.32552 -0.00203517 -1.12789e-18)
(0.915556 0.947753 0)
(0.850103 0.826773 0)
(0.809256 0.778096 -2.19933e-17)
(0.779803 0.731611 5.34444e-18)
(0.777399 0.691087 5.19e-18)
(0.800182 0.645464 -4.19043e-20)
(0.848567 0.58704 1.21139e-17)
(0.915563 0.506244 7.09544e-18)
(0.991871 0.401251 0)
(1.05604 0.270154 0)
(1.10049 0.14123 -5.60764e-19)
(1.10697 0.0113625 2.8358e-18)
(0.68369 0.874551 0)
(0.63957 0.722075 -5.74874e-18)
(0.618658 0.67935 -1.63903e-17)
(0.603792 0.642099 2.10764e-17)
(0.613283 0.60679 2.04207e-17)
(0.644725 0.564753 4.92441e-18)
(0.696804 0.509379 -7.20057e-18)
(0.76195 0.434114 -6.96828e-18)
(0.830022 0.338855 9.1378e-18)
(0.88484 0.225588 0)
(0.920599 0.115192 5.61779e-19)
(0.932608 0.00768555 1.71041e-18)
(0.450647 0.799343 -3.72986e-17)
(0.449641 0.616903 -2.51226e-17)
(0.460365 0.586861 2.22422e-17)
(0.464617 0.564099 -2.63275e-17)
(0.485209 0.535409 5.12848e-18)
(0.522515 0.496742 0)
(0.575003 0.444041 -2.41499e-18)
(0.635697 0.373747 2.15835e-21)
(0.69556 0.287288 -6.82156e-18)
(0.7429 0.188246 0)
(0.774684 0.0916464 -3.94548e-18)
(0.791903 -0.00241879 -5.12421e-18)
(1.28796 -0.0821945 -2.33751e-18)
(1.27688 -0.171642 -2.4236e-18)
(1.27103 -0.273861 0)
(1.27331 -0.38435 0)
(1.28137 -0.508932 8.22094e-18)
(1.29083 -0.646147 -8.39513e-18)
(1.29688 -0.79092 8.37826e-20)
(1.29378 -0.935224 1.69966e-17)
(1.27525 -1.06727 -5.46148e-18)
(1.24095 -1.17142 5.54246e-18)
(1.19226 -1.2274 -2.85194e-17)
(1.13143 -1.22442 0)
(1.09428 -0.0706951 1.75703e-18)
(1.10472 -0.161704 1.83211e-18)
(1.12147 -0.265253 -5.08115e-18)
(1.1475 -0.380884 -2.63291e-18)
(1.17815 -0.51153 -8.20434e-18)
(1.20718 -0.653637 0)
(1.22705 -0.798107 -1.73108e-17)
(1.2294 -0.932381 -5.82499e-18)
(1.20809 -1.04232 -1.12622e-17)
(1.16215 -1.10745 0)
(1.09761 -1.11189 2.36713e-17)
(1.02978 -1.05772 0)
(0.938069 -0.0734925 1.17419e-18)
(0.962114 -0.166415 -4.85092e-18)
(0.992179 -0.272717 5.02623e-18)
(1.02984 -0.392173 2.62332e-18)
(1.06954 -0.524525 -5.52008e-18)
(1.10444 -0.663135 2.90662e-18)
(1.12622 -0.794789 0)
(1.12494 -0.904554 5.89833e-18)
(1.09796 -0.975708 6.31798e-18)
(1.04745 -0.996127 6.41147e-18)
(0.983567 -0.954277 -3.34636e-17)
(0.929816 -0.872108 0)
(0.808124 -0.0834168 -2.33406e-18)
(0.838048 -0.177505 7.22269e-18)
(0.872268 -0.284926 0)
(0.910943 -0.404249 -1.04307e-17)
(0.948746 -0.53217 0)
(0.979545 -0.658814 -5.87805e-18)
(0.994481 -0.768006 -6.00529e-18)
(0.985457 -0.840937 3.27202e-17)
(0.951372 -0.872748 6.62439e-22)
(0.893276 -0.844041 -7.47186e-18)
(0.814451 -0.756152 3.45788e-17)
(0.776543 -0.656855 -3.47607e-17)
(1.05753 -1.13822 0)
(0.965425 -1.08143 -1.1499e-17)
(0.912187 -1.03879 0)
(0.85701 -1.00516 5.51066e-18)
(0.806562 -0.993863 5.40785e-18)
(0.750081 -1.00604 2.60499e-17)
(0.68073 -1.04569 7.5653e-18)
(0.586643 -1.10771 -2.43267e-18)
(0.465958 -1.18849 4.71705e-18)
(0.311099 -1.25994 -2.22893e-20)
(0.159248 -1.32161 2.22428e-18)
(-0.00217217 -1.32578 0)
(0.947904 -0.91556 6.04244e-18)
(0.82691 -0.850372 -1.13577e-17)
(0.77823 -0.809737 5.48264e-18)
(0.73172 -0.78042 0)
(0.691139 -0.778079 1.03842e-17)
(0.645444 -0.800862 -1.00132e-17)
(0.586951 -0.849194 -1.94125e-17)
(0.506106 -0.9161 0)
(0.40109 -0.992301 -4.56968e-18)
(0.270004 -1.05636 -3.04582e-20)
(0.141094 -1.10075 -5.60438e-19)
(0.0112428 -1.1072 5.68011e-19)
(0.874721 -0.683852 0)
(0.722212 -0.639985 -7.27647e-20)
(0.679482 -0.619241 -2.18065e-17)
(0.642214 -0.604457 2.10543e-17)
(0.606864 -0.613966 -1.01709e-17)
(0.564765 -0.645371 -4.93389e-18)
(0.509333 -0.697374 1.19507e-17)
(0.434024 -0.762421 9.33459e-18)
(0.338745 -0.830386 2.28014e-18)
(0.225479 -0.885116 4.49697e-18)
(0.115095 -0.920816 0)
(0.0075879 -0.932801 1.1394e-18)
(0.799522 -0.450947 -3.72691e-17)
(0.617007 -0.450123 1.86673e-17)
(0.586967 -0.460975 5.00557e-17)
(0.564198 -0.465259 -2.62953e-17)
(0.535483 -0.485834 -1.52425e-17)
(0.496772 -0.523083 -1.47711e-17)
(0.444026 -0.575486 -4.77459e-18)
(0.373694 -0.636085 -9.28207e-18)
(0.287216 -0.695853 0)
(0.188173 -0.743113 1.12569e-18)
(0.0915752 -0.774848 -1.12635e-18)
(-0.0024877 -0.792046 -2.27539e-18)
(-0.0823357 -1.28823 2.33083e-18)
(-0.171817 -1.27716 2.42241e-18)
(-0.274056 -1.27131 -5.03765e-18)
(-0.384554 -1.27356 0)
(-0.509124 -1.2816 2.71301e-18)
(-0.646322 -1.29105 8.47375e-18)
(-0.791076 -1.2971 0)
(-0.935368 -1.29401 1.13887e-17)
(-1.06742 -1.2755 0)
(-1.17159 -1.24119 2.76293e-17)
(-1.2276 -1.19249 -1.14184e-17)
(-1.22463 -1.13163 2.84556e-17)
(-0.0708267 -1.09452 -5.85498e-19)
(-0.161859 -1.10495 3.05158e-18)
(-0.265423 -1.12169 -5.07776e-18)
(-0.381051 -1.14767 -7.95074e-18)
(-0.511675 -1.17829 -1.5365e-20)
(-0.653756 -1.20729 -1.42569e-17)
(-0.798202 -1.22716 -1.73838e-17)
(-0.93246 -1.22951 -1.73748e-17)
(-1.04239 -1.20823 -2.26319e-17)
(-1.10755 -1.1623 -2.30376e-17)
(-1.11201 -1.09776 0)
(-1.05786 -1.0299 0)
(-0.0735992 -0.938259 2.34671e-18)
(-0.166536 -0.962286 -3.62871e-18)
(-0.27284 -0.992312 6.28384e-18)
(-0.392286 -1.02992 -4.72529e-20)
(-0.524609 -1.06957 1.10524e-17)
(-0.663192 -1.10443 5.82654e-18)
(-0.794824 -1.12621 1.78104e-17)
(-0.904579 -1.12496 4.14554e-17)
(-0.975732 -1.09802 1.88924e-17)
(-0.99618 -1.04754 -2.5567e-17)
(-0.954344 -0.983658 0)
(-0.872162 -0.929854 0)
(-0.0834926 -0.80825 -4.6645e-18)
(-0.177586 -0.838149 1.20004e-18)
(-0.284999 -0.872318 -1.24775e-18)
(-0.404305 -0.91093 1.29855e-17)
(-0.532193 -0.948676 -1.37371e-17)
(-0.658818 -0.979439 -5.8008e-18)
(-0.767998 -0.994377 2.64531e-20)
(-0.840923 -0.985387 6.57499e-18)
(-0.872744 -0.951368 -2.72712e-17)
(-0.844072 -0.893332 2.99003e-17)
(-0.756178 -0.814518 -3.44963e-17)
(-0.656854 -0.776512 0)
(-1.1385 -1.05772 -2.30252e-17)
(-1.08172 -0.96563 -5.73227e-18)
(-1.03905 -0.912376 5.71153e-18)
(-1.00538 -0.857185 -5.6446e-18)
(-0.99406 -0.80673 -5.327e-18)
(-1.00622 -0.750241 -8.85708e-20)
(-1.04587 -0.680886 1.25129e-17)
(-1.1079 -0.58679 -2.43243e-18)
(-1.1887 -0.466095 0)
(-1.26015 -0.31123 0)
(-1.32183 -0.15937 2.22408e-18)
(-1.32598 0.00206818 2.25382e-18)
(-0.915777 -0.948012 4.83087e-17)
(-0.85057 -0.827049 0)
(-0.80989 -0.778364 0)
(-0.780531 -0.731842 1.06851e-17)
(-0.778169 -0.691256 -5.20422e-18)
(-0.800949 -0.64556 4.99242e-18)
(-0.849293 -0.587068 0)
(-0.916219 -0.506222 -7.09469e-18)
(-0.992439 -0.401202 -2.29771e-18)
(-1.05652 -0.270111 4.5309e-18)
(-1.1009 -0.141205 -2.80791e-18)
(-1.10734 -0.0113426 -5.65133e-19)
(-0.684001 -0.874728 -2.74898e-17)
(-0.640086 -0.722277 1.72375e-17)
(-0.619289 -0.679561 5.43415e-18)
(-0.604471 -0.642286 5.25924e-18)
(-0.613969 -0.606932 5.08038e-18)
(-0.645382 -0.564836 0)
(-0.697405 -0.509409 2.39374e-18)
(-0.762476 -0.434106 4.63599e-18)
(-0.830466 -0.338829 2.28077e-18)
(-0.885208 -0.225568 -4.49817e-18)
(-0.920912 -0.115185 2.24295e-18)
(-0.932887 -0.00768013 -1.1397e-18)
(-0.451029 -0.799442 3.72721e-17)
(-0.45015 -0.617015 -2.49259e-17)
(-0.460942 -0.587001 -5.56706e-18)
(-0.465202 -0.56423 -3.09177e-21)
(-0.485777 -0.535512 -1.52519e-17)
(-0.523041 -0.496804 -4.91714e-18)
(-0.575468 -0.444065 1.43395e-17)
(-0.636091 -0.373744 0)
(-0.69588 -0.287275 9.12302e-18)
(-0.743157 -0.18824 0)
(-0.774898 -0.0916521 -4.50607e-18)
(-0.792089 0.00241138 2.27623e-18)
(-1.28839 0.082248 1.17667e-18)
(-1.27729 0.171723 0)
(-1.27141 0.273968 5.06893e-18)
(-1.27366 0.384483 5.23205e-18)
(-1.2817 0.509083 -1.08521e-17)
(-1.29112 0.646295 5.6848e-18)
(-1.29713 0.791036 1.14247e-17)
(-1.29398 0.935282 4.35343e-20)
(-1.27542 1.06726 5.57526e-18)
(-1.24107 1.17134 -1.65558e-17)
(-1.19233 1.22727 -5.67771e-18)
(-1.13147 1.22424 2.27897e-17)
(-1.09463 0.0707319 -1.7557e-18)
(-1.10503 0.161763 -6.10442e-19)
(-1.12176 0.265332 -5.05098e-18)
(-1.14775 0.380977 0)
(-1.17837 0.511622 -1.37799e-17)
(-1.20735 0.6537 -8.52434e-18)
(-1.22716 0.79811 8.22369e-20)
(-1.22944 0.932299 5.80357e-18)
(-1.20808 1.04215 -1.69131e-17)
(-1.1621 1.1072 2.30434e-17)
(-1.09754 1.11158 0)
(-1.02968 1.05738 2.40141e-17)
(-0.938321 0.0735111 -2.93228e-18)
(-0.962338 0.166449 6.07414e-19)
(-0.992371 0.272761 0)
(-1.02999 0.392215 -1.05355e-17)
(-1.06964 0.524546 1.37556e-17)
(-1.10448 0.663103 1.44861e-17)
(-1.1262 0.794675 -1.78158e-17)
(-1.12486 0.904344 -2.37269e-17)
(-1.09784 0.97541 -2.52735e-17)
(-1.0473 0.99575 3.19879e-17)
(-0.983381 0.953847 -6.67591e-18)
(-0.929595 0.871632 -5.59944e-17)
(-0.808285 0.0834172 4.08389e-18)
(-0.838179 0.177513 6.02557e-19)
(-0.872362 0.284931 0)
(-0.910989 0.404236 1.29907e-17)
(-0.948738 0.532117 -1.49575e-20)
(-0.979479 0.65869 -2.90198e-18)
(-0.994361 0.767791 0)
(-0.9853 0.840633 6.51681e-18)
(-0.951188 0.872356 2.04547e-17)
(-0.893078 0.843572 -3.94651e-20)
(-0.814225 0.755638 3.45115e-17)
(-0.776246 0.65629 6.98685e-17)
(-1.05756 1.13805 2.29366e-17)
(-0.96547 1.08118 5.73477e-18)
(-0.912215 1.03845 -5.71442e-18)
(-0.857033 1.00474 1.10836e-17)
(-0.806592 0.993392 0)
(-0.750128 1.00554 1.56819e-17)
(-0.680803 1.04519 -2.26376e-17)
(-0.586738 1.10724 -1.21107e-17)
(-0.466063 1.18808 0)
(-0.311174 1.25961 4.5806e-18)
(-0.159209 1.32142 0)
(0.00222296 1.32567 -1.1273e-18)
(-0.947805 0.915241 0)
(-0.826867 0.849948 0)
(-0.77818 0.809214 0)
(-0.731665 0.779829 -5.34729e-18)
(-0.691094 0.777457 4.96704e-21)
(-0.645422 0.800241 -4.99537e-18)
(-0.58696 0.848608 9.68678e-18)
(-0.506144 0.915581 -9.45647e-18)
(-0.401141 0.991884 0)
(-0.270033 1.05607 3.40488e-18)
(-0.141058 1.10058 1.68429e-18)
(-0.0111989 1.10714 -5.68529e-19)
(-0.874515 0.683437 0)
(-0.722115 0.639438 1.72472e-17)
(-0.679397 0.618602 -1.45883e-20)
(-0.642126 0.603775 -3.13871e-21)
(-0.60678 0.613277 5.09747e-18)
(-0.564698 0.644707 4.9579e-18)
(-0.50929 0.696766 7.19001e-18)
(-0.434001 0.761898 4.63934e-18)
(-0.338726 0.829978 2.28267e-18)
(-0.225434 0.88483 -4.50217e-18)
(-0.115006 0.920647 -2.25298e-18)
(-0.00756702 0.932725 0)
(-0.799228 0.450467 9.2022e-18)
(-0.616907 0.449532 -6.08517e-18)
(-0.586882 0.460294 0)
(-0.56411 0.464563 0)
(-0.53539 0.485151 -5.07799e-18)
(-0.496685 0.522442 1.39974e-20)
(-0.443948 0.57491 -1.4348e-17)
(-0.373624 0.635595 0)
(-0.287139 0.695471 -9.13049e-18)
(-0.188067 0.742838 0)
(-0.0914431 0.774665 -2.26004e-18)
(0.00251151 0.791939 0)
(0.0955397 0.695975 -1.16102e-18)
(0.189433 0.725149 -4.76771e-18)
(0.295339 0.755798 0)
(0.410132 0.786955 -1.02606e-17)
(0.52792 0.814457 -2.72035e-18)
(0.636207 0.833065 -1.40751e-17)
(0.712048 0.833226 5.52931e-18)
(0.743948 0.816303 0)
(0.722254 0.772343 0)
(0.620745 0.701371 9.32939e-18)
(0.416061 0.574358 4.00917e-17)
(0.1542 0.429617 0)
(0.106733 0.596684 1.15144e-18)
(0.198383 0.619664 0)
(0.299775 0.640986 -9.73489e-18)
(0.405948 0.658738 2.5198e-18)
(0.508946 0.670131 -2.65598e-18)
(0.59053 0.670088 1.58617e-17)
(0.629546 0.656649 1.17922e-17)
(0.620732 0.62858 -7.42264e-18)
(0.537462 0.582728 0)
(0.361724 0.520499 0)
(0.0572492 0.412658 0)
(-0.257315 0.385879 0)
(0.114637 0.507261 -1.14812e-18)
(0.201936 0.520391 -5.86547e-18)
(0.296071 0.528439 1.08265e-17)
(0.390264 0.529416 0)
(0.474194 0.521141 0)
(0.526482 0.502808 -5.00493e-17)
(0.534606 0.475636 3.19377e-17)
(0.482946 0.44465 0)
(0.35412 0.408275 -9.01435e-18)
(0.14441 0.380587 2.39252e-17)
(-0.121825 0.351632 -2.09807e-17)
(-0.333023 0.371172 0)
(0.118029 0.425979 1.1505e-18)
(0.198983 0.427401 4.6727e-18)
(0.283604 0.420181 -9.552e-18)
(0.363514 0.403169 7.35469e-18)
(0.42635 0.37542 -7.74413e-18)
(0.453833 0.340013 -5.53611e-18)
(0.431544 0.30407 -4.35285e-17)
(0.349039 0.274954 -7.17503e-18)
(0.197531 0.258757 8.7098e-18)
(-0.00668385 0.274017 4.44243e-17)
(-0.215984 0.317168 0)
(-0.372087 0.37444 0)
(0.116508 0.351948 0)
(0.189421 0.34119 0)
(0.2629 0.318454 9.54259e-18)
(0.327492 0.283882 -9.72239e-18)
(0.370396 0.238521 -1.27023e-17)
(0.374883 0.189205 5.1841e-17)
(0.329764 0.146864 1.20893e-17)
(0.228123 0.123436 3.46441e-17)
(0.0718301 0.129471 0)
(-0.11264 0.180717 -4.17531e-17)
(-0.283395 0.266806 -6.59924e-17)
(-0.402663 0.346197 0)
(0.110239 0.284757 0)
(0.173817 0.262314 1.19284e-18)
(0.235156 0.225079 -1.20953e-18)
(0.284318 0.174505 2.43324e-18)
(0.308915 0.113954 3.79896e-17)
(0.294511 0.0530669 -2.69257e-17)
(0.233338 0.00613593 5.9414e-18)
(0.122305 -0.0112253 -2.69243e-17)
(-0.028871 0.0130876 -7.99256e-18)
(-0.191387 0.091314 1.01636e-17)
(-0.333076 0.205732 6.20654e-17)
(-0.404021 0.309512 0)
(0.0997391 0.22419 0)
(0.153092 0.191184 1.24162e-18)
(0.201824 0.141203 -1.24917e-18)
(0.236088 0.0767272 0)
(0.244482 0.00330973 -2.31735e-17)
(0.215129 -0.0673985 -2.67937e-18)
(0.14364 -0.118421 -1.18391e-17)
(0.0300147 -0.131811 -3.35637e-17)
(-0.111166 -0.0954665 3.19549e-17)
(-0.251477 0.00125873 0)
(-0.365371 0.136423 1.25382e-16)
(-0.390275 0.258379 0)
(0.0856925 0.170028 0)
(0.128271 0.127972 1.33836e-18)
(0.164305 0.0673318 9.32445e-18)
(0.184489 -0.008773 2.6501e-18)
(0.1788 -0.0930283 1.89997e-17)
(0.137826 -0.172448 -5.65969e-18)
(0.060484 -0.228123 3.0822e-17)
(-0.0514547 -0.240739 5.57606e-17)
(-0.179942 -0.198697 3.35118e-17)
(-0.297424 -0.0907402 1.09979e-17)
(-0.38149 0.0607486 -1.65771e-17)
(-0.357349 0.200927 0)
(0.0687673 0.121877 0)
(0.100267 0.0724847 0)
(0.123687 0.00336512 -1.21109e-17)
(0.130653 -0.082171 0)
(0.112633 -0.175533 2.29701e-20)
(0.0627109 -0.263169 -6.32344e-18)
(-0.0173253 -0.324535 6.87654e-18)
(-0.124958 -0.339907 -3.09983e-17)
(-0.238823 -0.297824 -9.32091e-18)
(-0.331874 -0.185119 1.12705e-16)
(-0.382331 -0.0199775 -1.55132e-16)
(-0.310873 0.138033 2.48817e-16)
(0.0499776 0.0788518 0)
(0.0703209 0.023868 8.0032e-18)
(0.0813344 -0.0516781 -1.56419e-17)
(0.0757645 -0.14471 3.84165e-18)
(0.0466198 -0.245811 -3.89097e-17)
(-0.0105402 -0.341631 2.84048e-17)
(-0.0912158 -0.40978 -3.46431e-17)
(-0.193194 -0.431456 9.52619e-18)
(-0.290949 -0.393621 -9.01907e-17)
(-0.357157 -0.281006 -1.05754e-16)
(-0.36956 -0.103347 -2.48027e-17)
(-0.250882 0.0715513 -3.17461e-16)
(0.0321757 0.038224 0)
(0.0420261 -0.0208372 -4.18975e-17)
(0.0412873 -0.101101 2.70978e-17)
(0.0237023 -0.200238 0)
(-0.0160351 -0.308151 -6.49362e-18)
(-0.080272 -0.412335 -3.18406e-17)
(-0.161999 -0.488106 -5.17022e-17)
(-0.256724 -0.520036 -2.72547e-17)
(-0.338634 -0.48564 1.57447e-16)
(-0.373015 -0.375475 1.43376e-16)
(-0.338074 -0.195614 0)
(-0.184198 -0.00247162 0)
(0.0173619 -0.0101722 -2.56294e-17)
(0.0180377 -0.0708724 -5.05761e-20)
(0.00723209 -0.152694 0)
(-0.0200599 -0.255517 1.68711e-17)
(-0.0670595 -0.368753 -1.48204e-17)
(-0.135457 -0.480979 -1.33184e-16)
(-0.211412 -0.569429 4.24664e-16)
(-0.308318 -0.607012 0)
(-0.34727 -0.561022 -2.0619e-16)
(-0.341148 -0.451063 -2.42157e-16)
(-0.288125 -0.279343 -3.52164e-16)
(-0.154005 -0.0561722 8.57884e-16)
(0.187357 0.495553 9.30374e-17)
(0.299303 0.474064 2.80172e-17)
(0.330009 0.488871 -2.23971e-17)
(0.353413 0.489935 0)
(0.382961 0.471649 -2.55316e-17)
(0.424107 0.437803 -1.48456e-17)
(0.475716 0.38858 1.19829e-17)
(0.531755 0.323391 7.01494e-18)
(0.584779 0.244958 0)
(0.626509 0.157261 1.12878e-18)
(0.655842 0.0708444 3.37573e-18)
(0.675732 -0.0148399 2.27212e-18)
(0.214318 0.164876 1.6039e-16)
(0.216644 0.333829 -8.28402e-18)
(0.236346 0.396888 2.94357e-17)
(0.265523 0.419611 0)
(0.300445 0.413605 0)
(0.343573 0.385866 2.50011e-17)
(0.393928 0.340943 1.4561e-17)
(0.445982 0.280959 -1.17851e-17)
(0.493677 0.209714 2.30747e-18)
(0.531075 0.131116 1.02293e-17)
(0.558008 0.0524851 -1.1313e-18)
(0.577646 -0.0272087 1.13568e-18)
(0.233961 0.0124207 -1.86541e-16)
(0.162944 0.214001 0)
(0.169055 0.315482 0)
(0.196159 0.354878 0)
(0.23284 0.360294 0)
(0.276647 0.339332 2.55637e-17)
(0.325757 0.299313 -4.69398e-17)
(0.374691 0.244622 1.19946e-17)
(0.418281 0.179919 0)
(0.452059 0.108943 -9.18668e-18)
(0.476138 0.036799 -3.9851e-18)
(0.493126 -0.037734 -1.70659e-18)
(0.240857 -0.0830914 1.72133e-16)
(0.124227 0.122899 5.05606e-17)
(0.118013 0.244233 -3.37314e-17)
(0.139742 0.295692 2.34542e-17)
(0.17611 0.310882 0)
(0.219953 0.296831 5.29599e-18)
(0.268068 0.262127 1.77888e-17)
(0.314713 0.212859 -1.47562e-17)
(0.355138 0.154344 2.39359e-18)
(0.385688 0.09017 -1.16915e-18)
(0.406383 0.0239966 5.7717e-18)
(0.419002 -0.0453243 0)
(0.236897 -0.144544 -3.06846e-19)
(0.0914624 0.0528954 -4.4407e-17)
(0.0756536 0.181198 3.64478e-17)
(0.0915959 0.240934 -5.61112e-17)
(0.127019 0.264362 2.32533e-17)
(0.170818 0.257156 1.4787e-20)
(0.218356 0.228087 -2.65177e-18)
(0.263455 0.184431 2.55626e-17)
(0.301439 0.132013 -2.47664e-18)
(0.329019 0.0743261 0)
(0.345953 0.0141183 5.90931e-19)
(0.353223 -0.0494879 -2.92628e-18)
(0.222226 -0.182453 -1.5722e-16)
(0.0596135 -0.00321986 0)
(0.0370499 0.123949 0)
(0.0482424 0.189168 3.37188e-17)
(0.0830633 0.219628 -5.61287e-17)
(0.12719 0.219245 -2.95407e-17)
(0.174692 0.196133 2.82426e-18)
(0.218906 0.158358 -2.16074e-17)
(0.255015 0.112157 2.60505e-18)
(0.279851 0.0609789 -1.26036e-18)
(0.29289 0.00703212 1.84813e-18)
(0.294459 -0.0501791 -6.06562e-19)
(0.196789 -0.203478 -3.24798e-16)
(0.0257392 -0.0499224 -1.2717e-16)
(-0.00104839 0.0703184 1.78935e-17)
(0.0072251 0.138916 2.24165e-17)
(0.0423698 0.175563 5.49614e-17)
(0.0875376 0.182152 6.47921e-18)
(0.135647 0.165406 -6.15231e-18)
(0.179575 0.133882 0)
(0.214263 0.0941677 0)
(0.236583 0.0497308 9.4609e-18)
(0.245818 0.00247077 1.31264e-18)
(0.241823 -0.0476566 2.5602e-18)
(0.158327 -0.209611 3.48283e-16)
(-0.0105784 -0.0895445 -6.45476e-20)
(-0.0407673 0.0186416 -8.2746e-17)
(-0.0331205 0.0887731 -1.02792e-16)
(0.00355304 0.131038 -3.1468e-17)
(0.0507296 0.144966 7.39238e-18)
(0.100183 0.135159 -1.04541e-17)
(0.144381 0.110382 3.29604e-18)
(0.178004 0.0775549 2.50601e-17)
(0.198035 0.0402031 -2.54992e-17)
(0.203732 8.9494e-05 2.16995e-18)
(0.194653 -0.0423456 -3.50682e-18)
(0.109092 -0.203767 -3.50306e-16)
(-0.0496208 -0.121919 1.46117e-16)
(-0.0833656 -0.0319039 1.00788e-16)
(-0.0739562 0.0376453 -5.02781e-21)
(-0.0345664 0.0849446 0)
(0.0158019 0.10674 3.60942e-17)
(0.0674821 0.104643 4.2139e-18)
(0.112483 0.0873078 -6.56315e-21)
(0.145284 0.0618796 -6.33705e-17)
(0.163217 0.0320338 1.41741e-17)
(0.16576 -0.000493682 0)
(0.152292 -0.0347239 3.26578e-18)
(0.049859 -0.190169 1.01522e-15)
(-0.090129 -0.147814 0)
(-0.129019 -0.080989 1.70186e-17)
(-0.116736 -0.0149129 2.1619e-16)
(-0.0740065 0.0364187 1.21111e-16)
(-0.018961 0.0665945 -2.84964e-20)
(0.0362733 0.0732172 -1.74648e-17)
(0.0827836 0.0642297 4.8498e-17)
(0.114938 0.0467811 4.02605e-17)
(0.130956 0.0247986 1.65951e-17)
(0.130811 0.000179189 2.25569e-18)
(0.113757 -0.0255359 0)
(-0.0175124 -0.155198 -5.86223e-16)
(-0.135907 -0.159267 0)
(-0.176523 -0.125897 0)
(-0.164147 -0.0688829 -2.0796e-16)
(-0.119893 -0.0159233 -1.95572e-16)
(-0.0583992 0.0236082 -9.13266e-17)
(0.0029493 0.040737 -8.39874e-17)
(0.0524034 0.0413353 -1.46318e-16)
(0.0841046 0.0321367 -8.94016e-18)
(0.0984655 0.0179358 -3.77515e-17)
(0.0962602 0.000861792 4.00337e-18)
(0.0764005 -0.0167748 0)
(-0.0557864 -0.119475 -7.88097e-16)
(-0.150081 -0.168509 0)
(-0.211223 -0.16966 0)
(-0.209935 -0.126275 5.32515e-17)
(-0.175229 -0.0757343 -5.48952e-17)
(-0.107879 -0.0217898 6.90268e-17)
(-0.038826 0.00885619 -7.08842e-17)
(0.0117809 0.0180742 2.70539e-16)
(0.0426883 0.0167226 0)
(0.0553132 0.00997168 -1.28142e-16)
(0.0515866 -8.96874e-05 -9.91136e-17)
(0.0296853 -0.0101798 2.68985e-17)
(0.696065 -0.0956641 -2.05959e-21)
(0.725171 -0.189458 -4.76857e-18)
(0.755863 -0.295302 0)
(0.787059 -0.410043 7.7015e-18)
(0.814605 -0.527784 1.36609e-17)
(0.833229 -0.636008 5.65162e-18)
(0.833385 -0.71178 5.53049e-18)
(0.816454 -0.743637 -2.52403e-17)
(0.772466 -0.721922 0)
(0.701456 -0.620486 -2.78184e-17)
(0.574416 -0.415986 3.98286e-17)
(0.429669 -0.154322 8.23209e-17)
(0.596775 -0.10685 2.30438e-18)
(0.619686 -0.198406 0)
(0.64103 -0.299742 9.73721e-18)
(0.658812 -0.40586 0)
(0.670241 -0.508804 6.79071e-21)
(0.670213 -0.590304 2.11304e-17)
(0.656781 -0.629259 5.87689e-18)
(0.628711 -0.620392 -3.69836e-17)
(0.582833 -0.537128 0)
(0.520558 -0.36149 3.39384e-17)
(0.412642 -0.0572217 -5.56051e-17)
(0.385808 0.257258 0)
(0.507334 -0.114733 -1.14725e-18)
(0.520405 -0.201948 4.69528e-18)
(0.528452 -0.296032 -9.623e-18)
(0.52945 -0.390172 1.24198e-17)
(0.521201 -0.47404 -5.14202e-18)
(0.502889 -0.526243 -1.39344e-17)
(0.475741 -0.5343 -3.8311e-17)
(0.44477 -0.482599 3.70577e-17)
(0.408383 -0.353806 0)
(0.380652 -0.144227 -3.57745e-17)
(0.351589 0.121832 -2.09844e-17)
(0.371044 0.332936 0)
(0.426017 -0.118094 -5.74513e-19)
(0.427392 -0.198977 -5.2543e-18)
(0.420156 -0.283552 1.19661e-18)
(0.40316 -0.363413 8.29262e-23)
(0.375431 -0.426184 -1.03452e-17)
(0.340053 -0.453584 0)
(0.304152 -0.431233 3.1112e-17)
(0.27507 -0.348704 -7.22341e-18)
(0.25888 -0.197258 0)
(0.274101 0.00680813 8.89285e-17)
(0.31713 0.215942 0)
(0.374309 0.371929 0)
(0.351937 -0.116537 -2.33162e-18)
(0.341151 -0.189396 0)
(0.318389 -0.262833 7.1657e-18)
(0.283827 -0.32738 -9.70873e-18)
(0.238487 -0.370222 2.00513e-20)
(0.189209 -0.374631 2.45705e-17)
(0.146926 -0.329461 -6.01494e-18)
(0.123552 -0.227813 -2.07403e-17)
(0.129608 -0.0716037 8.26446e-18)
(0.180817 0.112713 -4.17426e-17)
(0.266785 0.283309 -3.30006e-17)
(0.346057 0.402481 2.30998e-17)
(0.284688 -0.110232 2.39515e-18)
(0.262238 -0.173774 0)
(0.224974 -0.235074 -9.65584e-18)
(0.174409 -0.284198 2.4336e-18)
(0.113881 -0.308736 -2.54293e-18)
(0.0530403 -0.294265 -2.69302e-17)
(0.0061811 -0.23305 2.37057e-17)
(-0.0111138 -0.122025 3.36854e-17)
(0.0132278 0.0290553 0)
(0.09142 0.191417 1.0188e-17)
(0.205724 0.332958 -1.54922e-17)
(0.309377 0.403821 0)
(0.224061 -0.0997018 6.27697e-19)
(0.191073 -0.153035 -5.60226e-18)
(0.141062 -0.201728 0)
(0.0765925 -0.235961 0)
(0.00320275 -0.244304 0)
(-0.067453 -0.214895 -5.40968e-18)
(-0.118394 -0.143374 -1.7739e-17)
(-0.13171 -0.029767 -2.68356e-17)
(-0.0953328 0.111313 7.98853e-18)
(0.0013652 0.251474 2.92592e-20)
(0.136432 0.365232 -1.4103e-16)
(0.258254 0.390073 -1.92672e-16)
(0.169844 -0.0856304 2.73462e-18)
(0.127828 -0.128209 6.70405e-18)
(0.0671597 -0.164201 -1.33532e-18)
(-0.0089401 -0.184361 2.65042e-18)
(-0.0931636 -0.178627 1.62992e-17)
(-0.172528 -0.13761 1.99515e-17)
(-0.228117 -0.0602465 -2.45983e-17)
(-0.240654 0.0516672 6.27669e-17)
(-0.198577 0.180051 0)
(-0.0906335 0.297393 0)
(0.0607753 0.381342 1.18216e-16)
(0.200819 0.35716 2.5962e-17)
(0.121643 -0.0686957 -3.15911e-18)
(0.0723184 -0.1002 -1.53459e-18)
(0.00317228 -0.123584 1.5178e-18)
(-0.082365 -0.130525 0)
(-0.175692 -0.11247 -4.87928e-17)
(-0.263272 -0.0625183 -3.17306e-17)
(-0.324548 0.0175294 2.74292e-17)
(-0.339839 0.125133 -3.09628e-17)
(-0.297717 0.238895 9.43109e-18)
(-0.185007 0.331819 1.25568e-17)
(-0.0199304 0.382179 -1.9358e-17)
(0.137955 0.310706 2.48464e-16)
(0.0785882 -0.0499093 -4.13909e-18)
(0.0236961 -0.0702494 0)
(-0.0518847 -0.0812492 -1.56438e-17)
(-0.144925 -0.0756456 3.84209e-18)
(-0.245991 -0.0464772 2.33449e-17)
(-0.341753 0.0107011 -3.98966e-18)
(-0.409813 0.0913797 -1.73697e-17)
(-0.431403 0.193324 6.64953e-17)
(-0.393523 0.290982 -7.90357e-17)
(-0.280882 0.357083 5.99973e-20)
(-0.103278 0.369411 -2.48083e-17)
(0.0715119 0.250744 0)
(0.0379469 -0.0321098 5.44591e-18)
(-0.0209948 -0.0419689 -2.27133e-17)
(-0.10131 -0.0412368 5.08516e-17)
(-0.200469 -0.0236107 0)
(-0.308347 0.0161482 -6.49387e-18)
(-0.412471 0.0803909 6.40251e-18)
(-0.488159 0.162116 3.85405e-17)
(-0.519992 0.256797 -2.04224e-16)
(-0.485541 0.338623 1.25793e-16)
(-0.375336 0.372921 0)
(-0.195516 0.337941 0)
(-0.0024613 0.184097 0)
(-0.0104349 -0.0173089 5.12627e-17)
(-0.0709747 -0.0180016 9.29656e-17)
(-0.152881 -0.00722895 -1.58282e-16)
(-0.255746 0.0201096 1.68671e-17)
(-0.368955 0.0671315 -2.95234e-17)
(-0.481111 0.135519 -6.67174e-17)
(-0.569505 0.211482 -4.99951e-17)
(-0.606944 0.308304 3.32428e-17)
(-0.560892 0.347204 -1.80581e-16)
(-0.450923 0.341054 -3.0277e-17)
(-0.279217 0.288018 0)
(-0.0561177 0.153908 -8.58258e-16)
(0.495711 -0.187716 9.29857e-17)
(0.474125 -0.29981 2.81829e-17)
(0.488939 -0.330589 -2.23023e-17)
(0.490004 -0.353985 -2.6731e-17)
(0.471711 -0.383493 2.54984e-17)
(0.437838 -0.424571 2.46614e-17)
(0.388582 -0.476097 -2.39864e-18)
(0.323365 -0.532048 -4.66718e-18)
(0.244914 -0.58499 2.28655e-18)
(0.157213 -0.626656 0)
(0.0708 -0.655945 0)
(-0.0148836 -0.67581 -1.58544e-21)
(0.164841 -0.214759 0)
(0.333829 -0.217138 6.99449e-20)
(0.396912 -0.236862 0)
(0.419641 -0.265996 2.14733e-17)
(0.413645 -0.300867 -5.18127e-18)
(0.385896 -0.343922 9.99403e-18)
(0.340954 -0.394199 -2.66563e-17)
(0.280948 -0.446176 2.35742e-18)
(0.209688 -0.493802 0)
(0.131087 -0.531145 -9.0865e-18)
(0.052458 -0.558041 0)
(-0.0272273 -0.577658 2.26843e-18)
(0.012253 -0.23443 0)
(0.213927 -0.163397 -4.61123e-17)
(0.315457 -0.169483 6.28914e-18)
(0.354868 -0.196526 0)
(0.360307 -0.233144 2.12621e-17)
(0.33935 -0.276879 5.10235e-18)
(0.299324 -0.325917 1.72582e-17)
(0.244618 -0.374785 -1.43751e-17)
(0.179904 -0.418317 2.33823e-18)
(0.108924 -0.452051 1.83643e-17)
(0.0367879 -0.476098 4.5498e-18)
(-0.037733 -0.49307 -1.13623e-18)
(-0.0833508 -0.241326 -1.71829e-16)
(0.122757 -0.124619 0)
(0.244159 -0.118346 0)
(0.295642 -0.139999 2.92679e-17)
(0.310864 -0.176298 -2.75458e-17)
(0.296833 -0.22007 5.26983e-18)
(0.262133 -0.26812 -5.08139e-18)
(0.212855 -0.314709 9.82559e-18)
(0.154332 -0.355089 9.5601e-18)
(0.0901584 -0.385603 4.55164e-21)
(0.0239946 -0.406274 -4.61251e-18)
(-0.0453077 -0.418884 1.14726e-18)
(-0.144865 -0.237344 1.59712e-16)
(0.0526966 -0.0917795 0)
(0.181077 -0.0758902 7.2777e-18)
(0.240845 -0.0917445 -5.60181e-17)
(0.264313 -0.127095 0)
(0.257139 -0.170827 -2.7626e-17)
(0.228082 -0.218308 2.91549e-17)
(0.184423 -0.26336 -2.29829e-17)
(0.132001 -0.30131 -7.41687e-18)
(0.0743163 -0.328863 -2.16871e-17)
(0.0141226 -0.345782 0)
(-0.0494614 -0.353049 -2.33854e-18)
(-0.182812 -0.222635 3.91376e-17)
(-0.00346527 -0.0598509 -6.16843e-17)
(0.123785 -0.0371925 0)
(0.189043 -0.048288 -1.28356e-20)
(0.219548 -0.0830347 0)
(0.219207 -0.1271 5.8866e-18)
(0.196116 -0.174553 -2.81577e-17)
(0.158344 -0.218731 1.88905e-17)
(0.112141 -0.254817 1.30051e-17)
(0.060968 -0.279634 1.00849e-17)
(0.00703832 -0.292665 -4.92369e-18)
(-0.0501475 -0.294239 1.20958e-18)
(-0.203851 -0.197133 0)
(-0.0502051 -0.0258928 1.69292e-16)
(0.0701132 0.000995186 8.04039e-17)
(0.138757 -0.0071747 2.23669e-17)
(0.175454 -0.0422456 0)
(0.182091 -0.0873592 3.23527e-17)
(0.165376 -0.135429 -3.07571e-18)
(0.133858 -0.179333 -4.66445e-21)
(0.0941453 -0.214008 -1.40062e-17)
(0.049716 -0.236317 0)
(0.00247694 -0.24555 -8.61195e-22)
(-0.0476233 -0.241568 3.80749e-26)
(-0.209984 -0.158589 -3.4776e-16)
(-0.0898587 0.0105059 -2.84013e-16)
(0.0183998 0.0407996 -7.22588e-17)
(0.0885868 0.0332582 -6.84121e-17)
(0.130902 -0.00334345 0)
(0.144883 -0.0504743 7.38077e-18)
(0.135113 -0.0999006 -1.04401e-17)
(0.110349 -0.144086 5.41527e-21)
(0.0775246 -0.177706 3.13241e-18)
(0.0401833 -0.197733 0)
(9.24274e-05 -0.203434 5.78057e-18)
(-0.0423127 -0.194375 2.80328e-18)
(-0.204127 -0.109253 -1.46432e-19)
(-0.1223 0.0495721 1.67052e-16)
(-0.0321798 0.0834668 0)
(0.0374312 0.0741727 1.04101e-17)
(0.0847825 0.03485 -2.76461e-21)
(0.106633 -0.0154816 -3.60454e-17)
(0.104581 -0.06715 2.94704e-17)
(0.0872626 -0.112151 -3.55203e-17)
(0.0618416 -0.144961 0)
(0.0320068 -0.162894 -1.41644e-17)
(-0.000494544 -0.165447 0)
(-0.0346929 -0.152005 -6.52917e-18)
(-0.19045 -0.049859 5.07179e-16)
(-0.148473 0.0897874 -2.84869e-17)
(-0.0811807 0.129298 1.70521e-16)
(-0.0151289 0.117077 1.00734e-16)
(0.0362321 0.0743696 -9.40373e-17)
(0.0664617 0.0193379 5.02911e-17)
(0.0731363 -0.0359074 -1.16505e-17)
(0.0641736 -0.0824342 3.76938e-17)
(0.0467366 -0.114609 5.03239e-18)
(0.0247629 -0.13063 3.55336e-17)
(0.000172773 -0.130499 -6.75564e-18)
(-0.0255108 -0.113475 4.30566e-18)
(-0.154991 0.0167056 0)
(-0.161044 0.13521 0)
(-0.125879 0.177435 -2.30141e-16)
(-0.069042 0.164781 0)
(-0.016128 0.120379 2.19657e-16)
(0.023446 0.058836 -2.27888e-16)
(0.040638 -0.0025619 -5.24651e-17)
(0.041272 -0.052056 6.81929e-17)
(0.0320873 -0.0837922 0)
(0.0178923 -0.0981545 -4.79596e-22)
(0.000850892 -0.0959649 4.79765e-17)
(-0.0167622 -0.0761402 0)
(-0.125606 0.0466741 -6.58885e-16)
(-0.168503 0.151487 -7.46785e-16)
(-0.164467 0.218776 7.11594e-17)
(-0.125279 0.211924 0)
(-0.0758586 0.176002 -5.46296e-17)
(-0.0219792 0.108384 6.89622e-16)
(0.00873673 0.0392275 -7.08857e-17)
(0.0180073 -0.0114509 -3.04181e-16)
(0.0166745 -0.0424215 2.96391e-17)
(0.00992443 -0.055037 -1.13878e-16)
(-0.000102733 -0.05132 -2.26462e-16)
(-0.0101777 -0.0294615 2.68893e-17)
(-0.095705 -0.696125 1.156e-18)
(-0.189495 -0.725198 -1.19014e-18)
(-0.295322 -0.755837 1.23271e-18)
(-0.410044 -0.786973 1.0275e-17)
(-0.527754 -0.814459 1.09143e-17)
(-0.63597 -0.833048 -1.12717e-17)
(-0.711743 -0.833208 -5.49552e-18)
(-0.743615 -0.816306 -1.89014e-17)
(-0.721919 -0.772411 6.18341e-17)
(-0.620521 -0.701506 0)
(-0.416005 -0.574542 5.33583e-17)
(-0.154264 -0.429794 0)
(-0.10686 -0.596767 1.15059e-18)
(-0.198403 -0.61965 0)
(-0.299715 -0.640944 0)
(-0.405815 -0.658671 1.03632e-20)
(-0.508731 -0.670045 -1.05817e-17)
(-0.590249 -0.669987 -2.63748e-17)
(-0.629213 -0.656553 -1.76324e-17)
(-0.62038 -0.628514 0)
(-0.537138 -0.582733 -3.4778e-17)
(-0.361529 -0.520576 1.13026e-17)
(-0.0572142 -0.412808 3.67919e-17)
(0.25741 -0.385985 2.08665e-16)
(-0.114715 -0.507262 -1.14731e-18)
(-0.201911 -0.520313 1.17022e-18)
(-0.295967 -0.528321 8.4171e-18)
(-0.390092 -0.529277 -1.73888e-17)
(-0.473941 -0.520984 -1.5414e-17)
(-0.526183 -0.502645 -2.7255e-18)
(-0.534255 -0.47549 3.83201e-17)
(-0.482608 -0.444535 2.2114e-17)
(-0.353826 -0.408238 -3.60074e-17)
(-0.144242 -0.380615 0)
(0.121897 -0.351721 -8.41718e-17)
(0.33319 -0.371259 -1.26301e-19)
(-0.118055 -0.425889 2.30011e-18)
(-0.198916 -0.427255 0)
(-0.28346 -0.419994 -9.54386e-18)
(-0.363314 -0.402972 2.43962e-18)
(-0.426071 -0.375211 1.03179e-17)
(-0.45353 -0.339809 4.74157e-17)
(-0.431194 -0.303893 -3.11005e-17)
(-0.34873 -0.274807 -3.59528e-17)
(-0.197265 -0.258693 7.81682e-17)
(0.0068527 -0.273991 -4.43858e-17)
(0.216112 -0.317187 0)
(0.372258 -0.374495 -9.66446e-17)
(-0.116484 -0.351761 -2.32971e-18)
(-0.189319 -0.340978 0)
(-0.262726 -0.318205 0)
(-0.327274 -0.283639 7.29691e-18)
(-0.370104 -0.238275 2.54223e-17)
(-0.37459 -0.188975 -2.45701e-17)
(-0.329424 -0.146673 2.41551e-17)
(-0.227851 -0.123266 -2.76715e-17)
(-0.071582 -0.129383 -6.60898e-17)
(0.112817 -0.180649 1.54457e-20)
(0.283536 -0.266778 6.59347e-17)
(0.402827 -0.346213 0)
(-0.110172 -0.284473 1.19686e-18)
(-0.173691 -0.262039 -4.78009e-18)
(-0.23496 -0.224775 0)
(-0.284096 -0.174226 0)
(-0.308616 -0.113683 -2.27807e-17)
(-0.294245 -0.0528227 -1.8836e-17)
(-0.233006 -0.00594316 0)
(-0.122072 0.011419 2.69077e-17)
(0.0291074 -0.0129893 2.39666e-17)
(0.191564 -0.0912086 5.07791e-17)
(0.333208 -0.205672 -1.24093e-16)
(0.404138 -0.309506 1.84374e-16)
(-0.099639 -0.223817 -3.75147e-26)
(-0.152955 -0.190855 6.21627e-18)
(-0.20162 -0.140853 -1.24866e-18)
(-0.235871 -0.076424 -2.49482e-18)
(-0.244191 -0.00301936 5.14796e-18)
(-0.21489 0.0676476 1.90027e-17)
(-0.143329 0.11861 0)
(-0.029812 0.132021 0)
(0.111384 0.0955639 3.19364e-17)
(0.251645 -0.00112546 0)
(0.365486 -0.136346 4.68321e-17)
(0.390359 -0.258336 -1.68129e-16)
(-0.0855684 -0.169579 2.73325e-18)
(-0.128136 -0.127599 5.36477e-18)
(-0.164102 -0.0669465 1.06559e-17)
(-0.184293 0.00909097 0)
(-0.178515 0.0933259 2.70175e-18)
(-0.137634 0.172701 -8.51226e-18)
(-0.0601799 0.228292 1.23193e-17)
(0.0516131 0.240966 -4.18235e-17)
(0.180145 0.198775 -2.50439e-17)
(0.297584 0.0908844 0)
(0.381568 -0.0606522 1.35326e-16)
(0.357397 -0.200889 2.11977e-16)
(-0.0686426 -0.121368 -6.31682e-18)
(-0.100133 -0.072087 -6.14815e-18)
(-0.123515 -0.00295054 -1.21075e-17)
(-0.130454 0.0824785 2.99292e-18)
(-0.11241 0.175849 -2.50711e-20)
(-0.0625075 0.263396 -3.18928e-18)
(0.0175469 0.324699 0)
(0.125131 0.340127 -3.78467e-20)
(0.238961 0.297877 -9.41619e-18)
(0.332029 0.185278 1.12639e-16)
(0.382398 0.0200637 -1.54982e-16)
(0.310851 -0.137991 -2.4825e-16)
(-0.0498735 -0.0783153 4.13432e-18)
(-0.0701939 -0.0234636 -8.00112e-18)
(-0.081213 0.0521004 1.56379e-17)
(-0.0755511 0.145001 0)
(-0.0464987 0.246133 0)
(0.0107886 0.341817 -2.43355e-17)
(0.0913059 0.409955 2.59976e-17)
(0.193401 0.431625 1.13912e-16)
(0.291006 0.393685 9.02739e-17)
(0.357284 0.28114 1.53147e-17)
(0.369631 0.103405 -2.47873e-17)
(0.250853 -0.0714808 0)
(-0.0320891 -0.0376856 0)
(-0.0419338 0.0212172 1.39517e-17)
(-0.0411954 0.101516 -2.70932e-17)
(-0.0235336 0.200503 6.63612e-18)
(0.0161109 0.308453 -6.54389e-18)
(0.0804769 0.412507 5.09174e-17)
(0.162033 0.488244 -5.13235e-17)
(0.256893 0.520183 -1.08799e-16)
(0.338642 0.485677 -1.25729e-16)
(0.373107 0.375568 -1.63604e-16)
(0.338112 0.195661 2.93823e-16)
(0.184172 0.00247149 -5.30526e-17)
(-0.0173051 0.0106753 5.12476e-17)
(-0.0179783 0.0711667 -9.29745e-17)
(-0.00718189 0.153092 0)
(0.0201847 0.255711 -1.35382e-16)
(0.0670677 0.36902 -1.18115e-16)
(0.135623 0.48112 0)
(0.211384 0.569504 2.48785e-17)
(0.308405 0.607093 -6.67316e-17)
(0.347278 0.561037 4.53593e-20)
(0.341185 0.45109 3.02713e-17)
(0.288148 0.279361 -7.04022e-16)
(0.153988 0.0561311 0)
(-0.187853 -0.495619 -9.29859e-17)
(-0.299771 -0.474092 -3.521e-17)
(-0.330498 -0.488939 2.79797e-17)
(-0.353883 -0.490007 0)
(-0.383399 -0.47171 2.04104e-17)
(-0.424497 -0.43784 4.93938e-18)
(-0.476045 -0.388593 -1.43778e-17)
(-0.532018 -0.323388 -7.01436e-18)
(-0.584979 -0.244951 -1.14232e-17)
(-0.626658 -0.157262 0)
(-0.655956 -0.0708569 4.50251e-18)
(-0.675823 0.0148224 -1.13568e-18)
(-0.214823 -0.164718 0)
(-0.217044 -0.333769 4.14202e-17)
(-0.236736 -0.396887 -2.94139e-17)
(-0.265869 -0.41962 0)
(-0.300754 -0.413621 1.55753e-17)
(-0.343829 -0.385875 5.00244e-18)
(-0.394126 -0.340941 -1.94045e-17)
(-0.44612 -0.28095 -1.28619e-20)
(-0.493761 -0.209706 0)
(-0.531118 -0.131118 0)
(-0.558023 -0.0525005 0)
(-0.577642 0.0271837 -1.13536e-18)
(-0.234458 -0.01213 0)
(-0.163272 -0.213847 2.77081e-17)
(-0.16934 -0.315414 3.14371e-17)
(-0.196386 -0.35483 0)
(-0.233025 -0.360266 -1.59414e-17)
(-0.276777 -0.339311 1.02286e-17)
(-0.325832 -0.299293 2.71553e-17)
(-0.374711 -0.244603 -4.80291e-18)
(-0.418254 -0.179906 -7.01584e-18)
(-0.451998 -0.108942 0)
(-0.476054 -0.0368144 -4.5523e-18)
(-0.493028 0.0377038 1.13683e-18)
(-0.24132 0.0834641 0)
(-0.124474 -0.122668 -4.04661e-17)
(-0.118197 -0.244102 -5.39136e-17)
(-0.139857 -0.295591 0)
(-0.176176 -0.310811 -5.51649e-18)
(-0.219965 -0.29678 -1.58201e-17)
(-0.268026 -0.262088 2.0344e-17)
(-0.314621 -0.212828 9.83353e-18)
(-0.355006 -0.154322 -5.51509e-21)
(-0.385528 -0.0901638 1.16889e-18)
(-0.406205 -0.0240093 4.03604e-18)
(-0.418815 0.0452915 -5.74547e-19)
(-0.237311 0.144959 3.97879e-17)
(-0.0916228 -0.0526072 -2.22098e-17)
(-0.0757378 -0.18101 2.91536e-17)
(-0.0916024 -0.240782 6.23399e-18)
(-0.126974 -0.264248 2.90512e-17)
(-0.17072 -0.257076 -5.53163e-18)
(-0.218206 -0.228028 -3.97877e-17)
(-0.263258 -0.184386 -3.65288e-21)
(-0.301207 -0.131981 9.88963e-18)
(-0.328764 -0.0743121 -1.20586e-17)
(-0.345687 -0.0141266 0)
(-0.352952 0.0494549 2.34016e-18)
(-0.222577 0.182887 0)
(-0.0596863 0.00355274 -1.2347e-17)
(-0.0370374 -0.123709 7.99132e-18)
(-0.0481455 -0.18897 0)
(-0.0829142 -0.219472 -1.8696e-17)
(-0.126989 -0.219135 -2.36398e-17)
(-0.174441 -0.196053 1.69055e-17)
(-0.218612 -0.158299 -2.69897e-18)
(-0.254692 -0.112113 2.60451e-18)
(-0.279511 -0.0609556 1.00914e-17)
(-0.292542 -0.00703412 0)
(-0.294111 0.0501482 -2.42043e-18)
(-0.197053 0.203897 3.24338e-16)
(-0.0257317 0.0502882 9.89098e-17)
(0.00115468 -0.0700311 1.66718e-21)
(-0.00702946 -0.138672 7.46956e-18)
(-0.042122 -0.175364 2.74734e-17)
(-0.0872405 -0.18201 3.23907e-17)
(-0.135303 -0.165305 -6.15036e-18)
(-0.179194 -0.133807 0)
(-0.213858 -0.0941115 0)
(-0.236166 -0.0496971 0)
(-0.245397 -0.00246525 4.5898e-18)
(-0.241407 0.0476298 6.40862e-19)
(-0.1585 0.21 -3.0442e-16)
(0.0106586 0.0899233 -1.50614e-16)
(0.0409646 -0.0183144 0)
(0.0334093 -0.0884878 0)
(-0.00321277 -0.130796 -5.50501e-17)
(-0.0503433 -0.144792 2.95691e-17)
(-0.0997555 -0.135037 -3.13564e-17)
(-0.143921 -0.110292 -3.29272e-17)
(-0.177527 -0.0774857 3.13471e-18)
(-0.197551 -0.0401585 -1.49822e-18)
(-0.203249 -7.55114e-05 -4.33607e-18)
(-0.194179 0.0423247 -2.80464e-18)
(-0.109176 0.20411 0)
(0.0497626 0.122293 -2.08859e-17)
(0.0836493 0.0322595 1.26028e-17)
(0.0743301 -0.0373231 1.04295e-17)
(0.0349926 -0.0846633 3.84864e-17)
(-0.0153327 -0.106532 -3.60891e-17)
(-0.0669783 -0.1045 2.52902e-17)
(-0.111955 -0.0872007 6.31974e-17)
(-0.144748 -0.0617979 0)
(-0.16268 -0.0319772 1.7697e-18)
(-0.165227 0.000516916 -1.69804e-18)
(-0.151772 0.0347104 3.26558e-18)
(-0.049837 0.190455 0)
(0.0903151 0.148172 -2.768e-17)
(0.129378 0.0813599 1.52154e-20)
(0.117182 0.0152642 1.29651e-16)
(0.0745102 -0.0361026 -1.2105e-16)
(0.0195097 -0.0663498 7.55102e-17)
(-0.0357008 -0.0730496 -5.83022e-18)
(-0.0822 -0.0641027 -5.38833e-17)
(-0.114358 -0.0466871 5.03575e-18)
(-0.130381 -0.0247283 1.89606e-17)
(-0.130242 -0.000145809 0)
(-0.113204 0.0255307 4.30943e-18)
(0.0175302 0.155382 0)
(0.136168 0.159569 0)
(0.176931 0.126266 0)
(0.164642 0.0692482 -2.07862e-16)
(0.120458 0.0162686 4.15304e-16)
(0.0590329 -0.0233182 -1.14123e-16)
(-0.00231178 -0.0405378 1.04918e-17)
(-0.0517739 -0.0411866 -9.7592e-18)
(-0.0835007 -0.0320298 0)
(-0.0978691 -0.0178526 -7.12985e-17)
(-0.0956701 -0.00081775 3.80009e-17)
(-0.0758295 0.0167775 -9.50723e-18)
(0.055863 0.11962 7.87311e-16)
(0.150277 0.16877 0)
(0.211611 0.170013 -6.8106e-17)
(0.21041 0.126625 4.78675e-16)
(0.175811 0.0761194 -3.83507e-16)
(0.108608 0.0221671 -1.37779e-16)
(0.0395157 -0.00861797 3.90011e-16)
(-0.0111119 -0.0179063 -6.76608e-17)
(-0.0420933 -0.016611 2.96733e-17)
(-0.0547235 -0.0098787 2.27916e-16)
(-0.0509968 0.000139707 -1.13267e-16)
(-0.029117 0.0101873 -5.37952e-17)
(-0.696133 0.0956471 -1.15652e-18)
(-0.725211 0.189439 -1.19065e-18)
(-0.755864 0.295266 1.23322e-18)
(-0.787013 0.409975 0)
(-0.814507 0.527663 -1.36396e-17)
(-0.83308 0.635807 -8.44558e-18)
(-0.833202 0.711488 2.75372e-17)
(-0.816257 0.743279 1.89108e-17)
(-0.772269 0.721491 0)
(-0.701284 0.620009 -1.51718e-19)
(-0.574296 0.415531 -5.33855e-17)
(-0.429568 0.153938 -8.23478e-17)
(-0.596752 0.106818 -2.30372e-18)
(-0.619639 0.19836 -1.1803e-18)
(-0.640948 0.299668 -8.51498e-18)
(-0.65869 0.405743 2.51956e-18)
(-0.670076 0.508627 7.9305e-18)
(-0.670013 0.590045 -2.6385e-17)
(-0.656569 0.628936 -1.76741e-17)
(-0.628507 0.620008 0)
(-0.582656 0.536717 0)
(-0.520441 0.361102 -3.39393e-17)
(-0.412636 0.0569722 -1.84233e-17)
(-0.3858 -0.257301 -1.67006e-16)
(-0.507221 0.114688 5.74137e-19)
(-0.520274 0.20188 5.28157e-18)
(-0.528297 0.295927 9.61989e-18)
(-0.529267 0.390016 0)
(-0.52099 0.473822 -7.71962e-18)
(-0.502666 0.525959 3.6168e-17)
(-0.475526 0.53396 -1.91081e-17)
(-0.444581 0.482229 0)
(-0.408243 0.353454 0)
(-0.380582 0.143953 0)
(-0.351616 -0.121951 0)
(-0.371072 -0.332957 1.07329e-16)
(-0.42582 0.118039 0)
(-0.427185 0.198892 -3.5064e-18)
(-0.419937 0.283424 -1.1963e-18)
(-0.402928 0.36323 2.4408e-18)
(-0.375193 0.425943 5.17405e-18)
(-0.339821 0.45329 -2.51097e-17)
(-0.303947 0.430904 6.28616e-18)
(-0.274906 0.34837 0)
(-0.258773 0.196971 -3.47221e-17)
(-0.274051 -0.00700278 3.32899e-17)
(-0.31713 -0.216034 -5.53561e-17)
(-0.374309 -0.371981 -9.66746e-17)
(-0.351663 0.116476 1.74954e-18)
(-0.340874 0.1893 5.87818e-19)
(-0.318113 0.26269 0)
(-0.283556 0.327182 -2.42176e-18)
(-0.238229 0.369973 -1.52619e-17)
(-0.188977 0.374342 -2.74069e-18)
(-0.146734 0.329155 2.58946e-20)
(-0.123409 0.227522 -2.76866e-17)
(-0.129519 0.0713707 2.48172e-17)
(-0.18077 -0.112865 -3.13156e-17)
(-0.266765 -0.283389 6.59903e-17)
(-0.34605 -0.402508 -5.30685e-20)
(-0.284343 0.110169 -2.99267e-18)
(-0.261899 0.173672 1.79164e-18)
(-0.224648 0.234923 -1.20952e-18)
(-0.174104 0.283995 2.4332e-18)
(-0.113607 0.308489 2.02486e-17)
(-0.0528075 0.293991 2.65681e-18)
(-0.00599972 0.232772 1.772e-17)
(0.0112428 0.121774 4.71217e-17)
(-0.0131461 -0.0292479 8.00993e-18)
(-0.0913708 -0.191541 0)
(-0.205695 -0.333025 0)
(-0.309358 -0.403846 9.21428e-17)
(-0.223654 0.0996394 -1.87663e-26)
(-0.19068 0.152932 -3.73684e-18)
(-0.140693 0.201578 -1.12215e-17)
(-0.0762593 0.235763 0)
(-0.00291459 0.244067 0)
(0.0676875 0.214642 -5.40894e-18)
(0.118568 0.143126 5.94858e-18)
(0.131832 0.0295508 -5.36543e-17)
(0.0954115 -0.111473 -3.99426e-17)
(-0.00131388 -0.251575 2.06131e-17)
(-0.136399 -0.365285 1.09775e-16)
(-0.258232 -0.390082 1.92678e-16)
(-0.169385 0.085572 2.05219e-18)
(-0.12739 0.12811 7.37571e-18)
(-0.0667535 0.164057 1.99815e-17)
(0.00929804 0.184173 -2.12885e-17)
(0.0934645 0.178407 -1.90235e-17)
(0.172765 0.137383 -8.51612e-18)
(0.228287 0.0600294 6.18863e-18)
(0.24077 -0.0518509 2.78709e-17)
(0.198652 -0.180184 1.00391e-16)
(0.0906836 -0.297474 8.78177e-17)
(-0.0607431 -0.381382 2.86314e-19)
(-0.200791 -0.357159 4.62194e-19)
(-0.121143 0.0686439 -3.15901e-18)
(-0.0718447 0.100108 -6.15433e-18)
(-0.0027367 0.123452 -1.2112e-17)
(0.0827424 0.130354 4.51014e-17)
(0.176004 0.112274 2.44094e-17)
(0.263512 0.0623191 3.1909e-18)
(0.324716 -0.0177142 -2.74002e-17)
(0.33995 -0.125286 0)
(0.297788 -0.239 9.90538e-20)
(0.185052 -0.33188 -2.0027e-16)
(0.0199572 -0.382204 -1.74622e-16)
(-0.13793 -0.310695 3.15173e-17)
(-0.0780588 0.0498661 0)
(-0.0231971 0.0701685 9.991e-18)
(0.0523407 0.0811313 -1.76016e-17)
(0.145316 0.0754939 -3.08332e-17)
(0.24631 0.0463079 -2.7311e-17)
(0.341993 -0.0108699 -1.21155e-17)
(0.409978 -0.0915311 1.04715e-20)
(0.431507 -0.193447 -6.64924e-17)
(0.393585 -0.29106 -1.91826e-16)
(0.280917 -0.357125 1.36071e-16)
(0.103296 -0.369424 0)
(-0.0714937 -0.250727 -6.35914e-16)
(-0.0374013 0.0320747 0)
(0.0215068 0.0418967 -2.44619e-17)
(0.101776 0.0411309 2.37054e-17)
(0.200865 0.0234775 -6.63851e-18)
(0.308668 -0.0162926 1.10894e-16)
(0.412706 -0.0805294 5.10605e-17)
(0.488318 -0.162238 5.13412e-17)
(0.520082 -0.256888 1.08844e-16)
(0.485587 -0.338674 1.25791e-16)
(0.375355 -0.372943 0)
(0.195518 -0.337944 0)
(0.00246031 -0.184083 4.25666e-16)
(0.0109767 0.0172803 -2.56316e-17)
(0.0714781 0.0179358 1.97474e-16)
(0.153341 0.00713421 6.92267e-17)
(0.256131 -0.0202229 1.35348e-16)
(0.369266 -0.0672486 -1.17976e-16)
(0.481325 -0.135622 -2.63897e-17)
(0.569652 -0.211574 2.51085e-17)
(0.606998 -0.308352 -3.3268e-17)
(0.560906 -0.347227 2.58562e-17)
(0.450923 -0.341064 0)
(0.279204 -0.288019 0)
(0.0560984 -0.153894 8.58299e-16)
(-0.495509 0.187312 0)
(-0.474073 0.299217 -3.50379e-17)
(-0.488889 0.329933 5.60261e-18)
(-0.489945 0.353337 0)
(-0.471635 0.382875 0)
(-0.437754 0.424004 4.94159e-18)
(-0.388492 0.475596 7.18411e-18)
(-0.323268 0.531626 -2.33762e-18)
(-0.244797 0.584659 9.14251e-18)
(-0.157064 0.626408 0)
(-0.0706356 0.655765 4.50647e-18)
(0.0149202 0.675686 1.13809e-18)
(-0.164884 0.214252 0)
(-0.333859 0.216563 0)
(-0.396919 0.236273 -2.35735e-17)
(-0.419633 0.265443 0)
(-0.413608 0.300356 -5.18779e-18)
(-0.385836 0.343468 1.00063e-17)
(-0.340873 0.393808 -2.42647e-17)
(-0.280845 0.445853 -2.35773e-18)
(-0.209554 0.493551 2.30829e-18)
(-0.130916 0.53095 9.09877e-18)
(-0.0522735 0.557892 0)
(0.0272857 0.577539 -1.13498e-18)
(-0.0124787 0.233876 0)
(-0.21406 0.162876 -9.21899e-18)
(-0.315533 0.168996 3.7698e-17)
(-0.354922 0.196095 -5.58379e-18)
(-0.360323 0.232768 0)
(-0.33933 0.276563 -1.53426e-17)
(-0.299268 0.325662 3.45833e-17)
(-0.244527 0.374588 0)
(-0.179772 0.418173 0)
(-0.108751 0.451938 -8.04267e-18)
(-0.036596 0.476011 3.41583e-18)
(0.0378151 0.492984 1.13837e-18)
(0.0829928 0.240766 0)
(-0.122987 0.12418 0)
(-0.244309 0.117979 -2.69741e-17)
(-0.295765 0.13971 5.85947e-18)
(-0.310943 0.176073 -5.5189e-18)
(-0.296862 0.219909 4.74996e-17)
(-0.262114 0.268019 -5.07133e-18)
(-0.212792 0.314656 1.23019e-17)
(-0.15422 0.355072 -1.19654e-17)
(-0.089999 0.385595 9.36901e-18)
(-0.0238074 0.406274 -4.61813e-18)
(0.045414 0.418855 -1.14802e-18)
(0.144421 0.236813 0)
(-0.0530088 0.0914434 4.4374e-17)
(-0.1813 0.0756526 2.91505e-17)
(-0.241037 0.0916037 0)
(-0.264458 0.127028 -1.74376e-17)
(-0.257224 0.170828 -3.31775e-17)
(-0.228109 0.218367 -3.44862e-17)
(-0.184398 0.263462 7.67273e-18)
(-0.131921 0.301435 9.89762e-18)
(-0.0741835 0.328977 -9.64681e-18)
(-0.0139514 0.345889 0)
(0.0495875 0.353097 0)
(0.182316 0.222159 0)
(0.00308522 0.0596258 -4.94001e-17)
(-0.124076 0.0370859 7.98784e-18)
(-0.189301 0.0482964 -6.74477e-18)
(-0.219757 0.0831263 2.49312e-17)
(-0.219349 0.127262 5.90561e-18)
(-0.196192 0.174773 1.69073e-17)
(-0.158361 0.21899 -4.59257e-17)
(-0.112101 0.255088 2.60524e-18)
(-0.0608712 0.279878 -1.26064e-18)
(-0.00689279 0.29289 1.23346e-18)
(0.0502869 0.294376 0)
(0.203347 0.196754 0)
(0.0497714 0.0257794 -1.12997e-16)
(-0.0704655 -0.000974087 0)
(-0.139073 0.00732682 -2.98789e-17)
(-0.175723 0.0424888 2.06098e-17)
(-0.182288 0.0876751 3.8884e-17)
(-0.1655 0.135804 -3.07915e-18)
(-0.133921 0.179743 2.04865e-17)
(-0.0941497 0.214423 0)
(-0.0496612 0.236693 -1.34997e-18)
(-0.00236554 0.245896 1.31299e-18)
(0.0477682 0.241799 0)
(0.20949 0.158324 0)
(0.0893886 -0.0105149 -1.67877e-17)
(-0.018804 -0.0406551 1.03379e-17)
(-0.0889499 -0.0329725 -3.42634e-17)
(-0.131223 0.00372778 -6.29224e-17)
(-0.145132 0.0509338 -2.21823e-17)
(-0.135283 0.100418 -6.97078e-18)
(-0.110455 0.144636 -2.96356e-17)
(-0.0775739 0.178255 3.13531e-18)
(-0.0401735 0.198233 -1.35011e-17)
(-2.14981e-05 0.203897 1.44809e-18)
(0.0424547 0.194697 0)
(0.203661 0.109116 -4.00361e-16)
(0.121769 -0.0495415 1.66918e-16)
(0.0317344 -0.0832188 -8.817e-17)
(-0.0378339 -0.0737658 -1.04385e-17)
(-0.0851483 -0.034339 3.84981e-17)
(-0.106929 0.0160723 9.01735e-18)
(-0.104794 0.0677946 -8.43735e-18)
(-0.0874092 0.112824 2.58554e-21)
(-0.0619341 0.145626 0)
(-0.0320424 0.163506 1.4176e-17)
(0.000518675 0.166016 0)
(0.0348247 0.152408 0)
(0.190088 0.0499163 5.07556e-16)
(0.147678 -0.0900457 -2.49045e-16)
(0.0808205 -0.128847 1.53136e-16)
(0.0147203 -0.116512 1.15285e-16)
(-0.0366338 -0.0737335 1.34545e-17)
(-0.0668001 -0.0186256 5.03381e-17)
(-0.0733887 0.0366615 -5.23807e-17)
(-0.0643565 0.0832096 3.23383e-17)
(-0.0468674 0.115366 5.03699e-18)
(-0.0248405 0.131335 1.89668e-17)
(-0.000194479 0.131162 -9.01768e-18)
(0.0256221 0.113954 0)
(0.155149 -0.0175164 0)
(0.159155 -0.135809 2.87804e-16)
(0.125735 -0.176347 -2.56082e-16)
(0.0686933 -0.163913 5.19776e-17)
(0.0157048 -0.119592 -4.88727e-17)
(-0.0238333 -0.0580016 -9.12941e-17)
(-0.0409298 0.00341218 1.15527e-16)
(-0.0414863 0.0529125 -9.76078e-18)
(-0.0322454 0.0846095 0)
(-0.017999 0.0989269 -3.35739e-17)
(-0.00090426 0.0967108 4.80194e-17)
(0.0168473 0.0766818 0)
(0.119445 -0.0557887 -7.88195e-16)
(0.168423 -0.15003 4.63064e-16)
(0.169524 -0.211079 5.45465e-16)
(0.126107 -0.209735 0)
(0.0755097 -0.174937 -4.39514e-16)
(0.0215224 -0.107424 -4.84374e-16)
(-0.00907025 -0.0383052 2.12701e-16)
(-0.0182368 0.0123661 -3.3759e-17)
(-0.0168328 0.0432409 2.96024e-17)
(-0.010038 0.0558225 0)
(4.04411e-05 0.0521347 1.08112e-20)
(0.0102386 0.0300431 2.69069e-17)
)
;

boundaryField
{
    rotor
    {
        type            fixedValue;
        value           nonuniform List<vector> 
192
(
(0.0684902 2.09216 -0)
(0.205177 2.0832 -0)
(0.340986 2.06532 -0)
(0.475334 2.0386 -0)
(0.607647 2.00314 -0)
(0.737357 1.95911 -0)
(0.863911 1.90669 -0)
(0.986765 1.84611 -0)
(1.10539 1.77762 -0)
(1.21929 1.70151 -0)
(1.32796 1.61813 -0)
(1.43095 1.52781 -0)
(1.52781 1.43095 -0)
(1.61813 1.32796 -0)
(1.70151 1.21929 -0)
(1.77762 1.10539 -0)
(1.84611 0.986765 -0)
(1.90669 0.863911 -0)
(1.95911 0.737358 -0)
(2.00314 0.607647 -0)
(2.0386 0.475334 -0)
(2.06532 0.340986 -0)
(2.0832 0.205177 -0)
(2.09216 0.0684902 -0)
(2.09216 -0.0684902 0)
(2.0832 -0.205177 0)
(2.06532 -0.340986 0)
(2.0386 -0.475334 0)
(2.00314 -0.607647 0)
(1.95911 -0.737357 0)
(1.90669 -0.863911 0)
(1.84611 -0.986765 0)
(1.77762 -1.10539 0)
(1.70151 -1.21929 0)
(1.61813 -1.32796 0)
(1.52781 -1.43095 0)
(1.43095 -1.52781 0)
(1.32796 -1.61813 0)
(1.21929 -1.70151 0)
(1.10539 -1.77762 0)
(0.986765 -1.84611 0)
(0.863911 -1.90669 0)
(0.737357 -1.95911 0)
(0.607647 -2.00314 0)
(0.475334 -2.0386 0)
(0.340986 -2.06532 0)
(0.205177 -2.0832 0)
(0.0684901 -2.09216 0)
(-0.0684902 -2.09216 0)
(-0.205177 -2.0832 0)
(-0.340986 -2.06532 0)
(-0.475334 -2.0386 0)
(-0.607647 -2.00314 0)
(-0.737358 -1.95911 0)
(-0.863911 -1.90669 0)
(-0.986765 -1.84611 0)
(-1.10539 -1.77762 0)
(-1.21929 -1.70151 0)
(-1.32796 -1.61813 0)
(-1.43095 -1.52781 0)
(-1.52781 -1.43095 0)
(-1.61813 -1.32796 0)
(-1.70151 -1.21929 0)
(-1.77762 -1.10539 0)
(-1.84611 -0.986765 0)
(-1.90669 -0.863911 0)
(-1.95911 -0.737357 0)
(-2.00314 -0.607647 0)
(-2.0386 -0.475334 0)
(-2.06532 -0.340986 0)
(-2.0832 -0.205177 0)
(-2.09216 -0.0684902 0)
(-2.09216 0.0684902 0)
(-2.0832 0.205177 0)
(-2.06532 0.340986 0)
(-2.0386 0.475334 0)
(-2.00314 0.607647 0)
(-1.95911 0.737358 0)
(-1.90669 0.863911 0)
(-1.84611 0.986765 0)
(-1.77762 1.10539 0)
(-1.70151 1.21929 0)
(-1.61813 1.32796 0)
(-1.52781 1.43095 0)
(-1.43095 1.52781 0)
(-1.32796 1.61813 0)
(-1.21929 1.70151 0)
(-1.10539 1.77762 0)
(-0.986765 1.84611 0)
(-0.863911 1.90669 0)
(-0.737357 1.95911 0)
(-0.607647 2.00314 0)
(-0.475334 2.0386 0)
(-0.340986 2.06532 0)
(-0.205177 2.0832 0)
(-0.0684902 2.09216 0)
(0 2.2253 0)
(0 2.4871 0)
(0 2.7489 0)
(0 3.0107 0)
(0 3.2725 0)
(0 3.5343 0)
(0 3.7961 0)
(0 4.0579 0)
(0 4.3197 0)
(0 4.5815 0)
(0 4.8433 0)
(0 5.1051 0)
(0 2.2253 0)
(0 2.4871 0)
(0 2.7489 0)
(0 3.0107 0)
(0 3.2725 0)
(0 3.5343 0)
(0 3.7961 0)
(0 4.0579 0)
(0 4.3197 0)
(0 4.5815 0)
(0 4.8433 0)
(0 5.1051 0)
(2.2253 3.99418e-09 -0)
(2.4871 4.46409e-09 -0)
(2.7489 4.93399e-09 -0)
(3.0107 5.4039e-09 -0)
(3.2725 5.8738e-09 -0)
(3.5343 6.3437e-09 -0)
(3.7961 6.81361e-09 -0)
(4.0579 7.28351e-09 -0)
(4.3197 7.75342e-09 -0)
(4.5815 8.22332e-09 -0)
(4.8433 8.69322e-09 -0)
(5.1051 9.16313e-09 -0)
(2.2253 3.99418e-09 -0)
(2.4871 4.46409e-09 -0)
(2.7489 4.93399e-09 -0)
(3.0107 5.4039e-09 -0)
(3.2725 5.8738e-09 -0)
(3.5343 6.3437e-09 -0)
(3.7961 6.81361e-09 -0)
(4.0579 7.28351e-09 -0)
(4.3197 7.75342e-09 -0)
(4.5815 8.22332e-09 -0)
(4.8433 8.69322e-09 -0)
(5.1051 9.16313e-09 -0)
(-7.98837e-09 -2.2253 0)
(-8.92818e-09 -2.4871 0)
(-9.86798e-09 -2.7489 0)
(-1.08078e-08 -3.0107 0)
(-1.17476e-08 -3.2725 0)
(-1.26874e-08 -3.5343 0)
(-1.36272e-08 -3.7961 0)
(-1.4567e-08 -4.0579 0)
(-1.55068e-08 -4.3197 0)
(-1.64466e-08 -4.5815 0)
(-1.73864e-08 -4.8433 0)
(-1.83263e-08 -5.1051 0)
(-7.98837e-09 -2.2253 0)
(-8.92818e-09 -2.4871 0)
(-9.86798e-09 -2.7489 0)
(-1.08078e-08 -3.0107 0)
(-1.17476e-08 -3.2725 0)
(-1.26874e-08 -3.5343 0)
(-1.36272e-08 -3.7961 0)
(-1.4567e-08 -4.0579 0)
(-1.55068e-08 -4.3197 0)
(-1.64466e-08 -4.5815 0)
(-1.73864e-08 -4.8433 0)
(-1.83263e-08 -5.1051 0)
(-2.2253 3.99418e-09 0)
(-2.4871 4.46409e-09 0)
(-2.7489 4.93399e-09 0)
(-3.0107 5.4039e-09 0)
(-3.2725 5.8738e-09 0)
(-3.5343 6.3437e-09 0)
(-3.7961 6.81361e-09 0)
(-4.0579 7.28351e-09 0)
(-4.3197 7.75342e-09 0)
(-4.5815 8.22332e-09 0)
(-4.8433 8.69322e-09 0)
(-5.1051 9.16313e-09 0)
(-2.2253 3.99418e-09 0)
(-2.4871 4.46409e-09 0)
(-2.7489 4.93399e-09 0)
(-3.0107 5.4039e-09 0)
(-3.2725 5.8738e-09 0)
(-3.5343 6.3437e-09 0)
(-3.7961 6.81361e-09 0)
(-4.0579 7.28351e-09 0)
(-4.3197 7.75342e-09 0)
(-4.5815 8.22332e-09 0)
(-4.8433 8.69322e-09 0)
(-5.1051 9.16313e-09 0)
)
;
    }
    stator
    {
        type            noSlip;
    }
    front
    {
        type            empty;
    }
    back
    {
        type            empty;
    }
}


// ************************************************************************* //
