/*--------------------------------*- C++ -*----------------------------------*\
  =========                 |
  \\      /  F ield         | OpenFOAM: The Open Source CFD Toolbox
   \\    /   O peration     | Website:  https://openfoam.org
    \\  /    A nd           | Version:  6
     \\/     M anipulation  |
\*---------------------------------------------------------------------------*/
FoamFile
{
    version     2.0;
    format      ascii;
    class       surfaceScalarField;
    location    "350";
    object      phi;
}
// * * * * * * * * * * * * * * * * * * * * * * * * * * * * * * * * * * * * * //

dimensions      [0 3 -1 0 0 0 0];

internalField   nonuniform List<scalar> 
5952
(
5.3865e-06
-5.41034e-06
8.9973e-06
-3.61278e-06
1.16522e-05
-2.65237e-06
1.2958e-05
-1.30664e-06
1.26979e-05
2.62046e-07
1.00645e-05
2.63576e-06
4.87443e-06
5.19135e-06
-4.19254e-06
9.0694e-06
-1.87267e-05
1.45345e-05
-3.19198e-05
1.31934e-05
-4.18499e-05
9.93005e-06
7.61577e-06
-4.94658e-05
1.6122e-06
-7.01934e-06
3.64663e-06
-5.64703e-06
3.42666e-06
-2.4301e-06
1.0064e-06
1.1143e-06
-4.36308e-06
5.63288e-06
-1.38307e-05
1.21044e-05
-2.59549e-05
1.73161e-05
-3.56956e-05
1.88107e-05
-3.97088e-05
1.85479e-05
-4.2146e-05
1.56308e-05
-4.46443e-05
1.24284e-05
9.7265e-06
-4.67551e-05
7.21412e-07
-7.73933e-06
-1.35709e-07
-4.78922e-06
-3.22144e-06
6.56461e-07
-9.67777e-06
7.57078e-06
-1.8985e-05
1.49405e-05
-2.68934e-05
2.00133e-05
-3.1355e-05
2.1778e-05
-3.37253e-05
2.11814e-05
-3.45583e-05
1.93812e-05
-3.52335e-05
1.63061e-05
-3.60984e-05
1.32934e-05
1.043e-05
-3.68019e-05
-2.36066e-06
-5.37763e-06
-6.13586e-06
-1.01357e-06
-1.15496e-05
6.0704e-06
-1.78406e-05
1.38619e-05
-2.28712e-05
1.99714e-05
-2.5649e-05
2.27914e-05
-2.67871e-05
2.29165e-05
-2.71669e-05
2.15615e-05
-2.71389e-05
1.93532e-05
-2.72365e-05
1.64038e-05
-2.7404e-05
1.34609e-05
1.05584e-05
-2.75324e-05
-4.0556e-06
-1.32053e-06
-9.15688e-06
4.08839e-06
-1.40229e-05
1.09369e-05
-1.77923e-05
1.76317e-05
-1.97672e-05
2.19467e-05
-2.02216e-05
2.32463e-05
-1.99432e-05
2.26382e-05
-1.93247e-05
2.09433e-05
-1.86146e-05
1.86432e-05
-1.81515e-05
1.59407e-05
-1.78586e-05
1.31678e-05
1.03712e-05
-1.76714e-05
-4.95677e-06
3.63815e-06
-9.49677e-06
8.62972e-06
-1.28494e-05
1.42906e-05
-1.45069e-05
1.92901e-05
-1.45369e-05
2.19777e-05
-1.36485e-05
2.23583e-05
-1.24041e-05
2.13943e-05
-1.11391e-05
1.96784e-05
-1.00268e-05
1.75311e-05
-9.18956e-06
1.51034e-05
-8.5877e-06
1.2566e-05
9.95661e-06
-8.17321e-06
-4.8324e-06
8.47359e-06
-8.53339e-06
1.23327e-05
-1.04217e-05
1.61803e-05
-1.03499e-05
1.92197e-05
-8.93382e-06
2.05624e-05
-6.99379e-06
2.04192e-05
-4.99816e-06
1.93991e-05
-3.18278e-06
1.78635e-05
-1.65498e-06
1.60034e-05
-4.61973e-07
1.39106e-05
4.31579e-07
1.16725e-05
9.31589e-06
1.07239e-06
-4.64339e-06
1.3119e-05
-7.2705e-06
1.49613e-05
-7.61991e-06
1.6531e-05
-6.04111e-06
1.76418e-05
-3.43196e-06
1.79541e-05
-5.70704e-07
1.75586e-05
2.14273e-06
1.66862e-05
4.52403e-06
1.54826e-05
6.50577e-06
1.4022e-05
8.0781e-06
1.23385e-05
9.28359e-06
1.04671e-05
8.42523e-06
1.01743e-05
-4.05962e-06
1.71806e-05
-5.53604e-06
1.64389e-05
-4.217e-06
1.52129e-05
-1.24306e-06
1.46687e-05
2.43602e-06
1.42758e-05
6.13631e-06
1.38589e-05
9.51461e-06
1.33084e-05
1.24281e-05
1.25695e-05
1.48398e-05
1.16105e-05
1.67664e-05
1.04121e-05
1.82637e-05
8.96995e-06
7.29571e-06
1.93933e-05
-3.75979e-06
2.09408e-05
-2.61353e-06
1.52932e-05
1.19569e-06
1.14041e-05
5.67197e-06
1.01929e-05
1.02728e-05
9.67547e-06
1.45686e-05
9.56355e-06
1.83482e-05
9.52929e-06
2.15446e-05
9.37345e-06
2.41658e-05
8.98962e-06
2.62572e-05
8.32087e-06
2.78927e-05
7.33451e-06
6.04596e-06
2.91426e-05
5.14139e-07
2.04277e-05
6.19192e-06
9.61588e-06
1.2231e-05
5.36542e-06
1.77224e-05
4.702e-06
2.25533e-05
4.84504e-06
2.66977e-05
5.41967e-06
3.01899e-05
6.03743e-06
3.30768e-05
6.48693e-06
3.54163e-05
6.65039e-06
3.7272e-05
6.4654e-06
3.87271e-05
5.87961e-06
4.92487e-06
3.98483e-05
2.02969e-05
1.30579e-07
2.86482e-05
1.26454e-06
3.3855e-05
1.58686e-07
3.79006e-05
6.5652e-07
4.10503e-05
1.69555e-06
4.36355e-05
2.83471e-06
4.57983e-05
3.87495e-06
4.75828e-05
4.70261e-06
4.90217e-05
5.21168e-06
5.01481e-05
5.3391e-06
5.10295e-05
4.99838e-06
5.17118e-05
4.24267e-06
-5.48566e-05
5.39071e-06
-5.81934e-05
3.33668e-06
-5.96647e-05
1.47132e-06
-5.93369e-05
-3.27943e-07
-5.73341e-05
-2.00278e-06
-5.35936e-05
-3.74073e-06
-4.79722e-05
-5.62141e-06
-4.04018e-05
-7.57028e-06
-3.07293e-05
-9.67255e-06
-1.91504e-05
-1.15788e-05
-7.53815e-06
-1.16124e-05
-7.53814e-06
-4.81691e-05
6.80481e-06
-4.89847e-05
4.1522e-06
-4.91407e-05
1.62741e-06
-4.86704e-05
-7.98324e-07
-4.744e-05
-3.23307e-06
-4.53138e-05
-5.8671e-06
-4.21555e-05
-8.77953e-06
-3.76781e-05
-1.20475e-05
-3.16668e-05
-1.56837e-05
-2.38705e-05
-1.93751e-05
-1.33147e-05
-2.2168e-05
-2.08528e-05
-3.74857e-05
7.48857e-06
-3.79736e-05
4.64006e-06
-3.81747e-05
1.8286e-06
-3.79465e-05
-1.02667e-06
-3.71369e-05
-4.04258e-06
-3.56787e-05
-7.32537e-06
-3.34581e-05
-1.09999e-05
-3.03531e-05
-1.51524e-05
-2.62742e-05
-1.97625e-05
-2.0715e-05
-2.49343e-05
-1.27218e-05
-3.01611e-05
-3.35745e-05
-2.76593e-05
7.6154e-06
-2.77118e-05
4.69251e-06
-2.76185e-05
1.73527e-06
-2.72989e-05
-1.34636e-06
-2.66827e-05
-4.65879e-06
-2.57045e-05
-8.30353e-06
-2.4279e-05
-1.24253e-05
-2.22848e-05
-1.71465e-05
-1.95193e-05
-2.25278e-05
-1.55072e-05
-2.89463e-05
-9.46817e-06
-3.61999e-05
-4.30426e-05
-1.75789e-05
7.52281e-06
-1.75161e-05
4.62955e-06
-1.74216e-05
1.64075e-06
-1.72451e-05
-1.52288e-06
-1.69457e-05
-4.9583e-06
-1.64758e-05
-8.77334e-06
-1.57783e-05
-1.31228e-05
-1.47886e-05
-1.81361e-05
-1.33048e-05
-2.40115e-05
-1.11234e-05
-3.11277e-05
-7.38589e-06
-3.99374e-05
-5.04285e-05
-7.91448e-06
7.26408e-06
-7.76325e-06
4.47822e-06
-7.67776e-06
1.55524e-06
-7.62844e-06
-1.57227e-06
-7.59483e-06
-4.99191e-06
-7.55665e-06
-8.81151e-06
-7.50898e-06
-1.31703e-05
-7.4117e-06
-1.82333e-05
-7.15751e-06
-2.42659e-05
-6.56912e-06
-3.1716e-05
-4.85438e-06
-4.16521e-05
-5.5283e-05
1.49955e-06
6.83688e-06
1.7516e-06
4.22619e-06
1.85568e-06
1.45114e-06
1.82371e-06
-1.54028e-06
1.65333e-06
-4.82153e-06
1.33132e-06
-8.48944e-06
8.31639e-07
-1.26706e-05
1.39716e-07
-1.75415e-05
-7.21176e-07
-2.34048e-05
-1.63778e-06
-3.07997e-05
-2.16966e-06
-4.11204e-05
-5.74526e-05
1.07972e-05
6.21406e-06
1.1187e-05
3.8364e-06
1.13626e-05
1.27554e-06
1.13225e-05
-1.50013e-06
1.1045e-05
-4.54399e-06
1.04876e-05
-7.93202e-06
9.57946e-06
-1.17624e-05
8.23246e-06
-1.61943e-05
6.35383e-06
-2.15265e-05
3.91817e-06
-2.8364e-05
1.28565e-06
-3.8488e-05
-5.61671e-05
2.02138e-05
5.39366e-06
2.07612e-05
3.28901e-06
2.10523e-05
9.8447e-07
2.10771e-05
-1.52487e-06
2.07993e-05
-4.26606e-06
2.01522e-05
-7.28481e-06
1.90166e-05
-1.06268e-05
1.7222e-05
-1.43997e-05
1.45288e-05
-1.8833e-05
1.0679e-05
-2.45141e-05
5.74931e-06
-3.35583e-05
-5.04177e-05
3.00793e-05
4.45697e-06
3.07404e-05
2.628e-06
3.1145e-05
5.79926e-07
3.12796e-05
-1.65946e-06
3.10973e-05
-4.08368e-06
3.05135e-05
-6.70088e-06
2.93665e-05
-9.4796e-06
2.74097e-05
-1.24427e-05
2.42397e-05
-1.56629e-05
1.93535e-05
-1.96278e-05
1.19306e-05
-2.61351e-05
-3.84868e-05
4.07219e-05
3.58342e-06
4.13775e-05
1.97256e-06
4.18372e-05
1.20284e-07
4.20866e-05
-1.90876e-06
4.20721e-05
-4.06903e-06
4.16988e-05
-6.32739e-06
4.07778e-05
-8.55845e-06
3.90198e-05
-1.06845e-05
3.58764e-05
-1.25192e-05
3.06135e-05
-1.43645e-05
2.07225e-05
-1.62438e-05
-1.77638e-05
5.23e-05
2.99528e-06
5.28014e-05
1.47121e-06
5.32395e-05
-3.17763e-07
5.35941e-05
-2.26327e-06
5.38029e-05
-4.2777e-06
5.37638e-05
-6.28812e-06
5.32865e-05
-8.08098e-06
5.21061e-05
-9.50377e-06
4.96964e-05
-1.01091e-05
4.51083e-05
-9.77641e-06
3.46946e-05
-5.82952e-06
1.6931e-05
5.40104e-06
-5.39897e-06
9.00887e-06
-3.60941e-06
1.16606e-05
-2.65198e-06
1.29666e-05
-1.30754e-06
1.27073e-05
2.58308e-07
1.00789e-05
2.62955e-06
4.89009e-06
5.18772e-06
-4.1658e-06
9.05764e-06
-1.87005e-05
1.45342e-05
-3.19016e-05
1.32015e-05
-4.18358e-05
9.93401e-06
7.62043e-06
-4.94562e-05
1.61863e-06
-7.01567e-06
3.65954e-06
-5.6499e-06
3.44203e-06
-2.43441e-06
1.02472e-06
1.10876e-06
-4.34054e-06
5.6228e-06
-1.38024e-05
1.20915e-05
-2.59294e-05
1.73147e-05
-3.56841e-05
1.88126e-05
-3.97038e-05
1.85539e-05
-4.21413e-05
1.56391e-05
-4.46415e-05
1.24341e-05
9.73174e-06
-4.67529e-05
7.27038e-07
-7.74068e-06
-1.25667e-07
-4.79657e-06
-3.2061e-06
6.46148e-07
-9.65451e-06
7.55677e-06
-1.89614e-05
1.49295e-05
-2.6882e-05
2.00122e-05
-3.13503e-05
2.17829e-05
-3.37248e-05
2.11872e-05
-3.45592e-05
1.93882e-05
-3.52335e-05
1.63133e-05
-3.60985e-05
1.3299e-05
1.04347e-05
-3.68016e-05
-2.35646e-06
-5.38285e-06
-6.12574e-06
-1.02663e-06
-1.15354e-05
6.05598e-06
-1.78289e-05
1.38503e-05
-2.28671e-05
1.99677e-05
-2.56498e-05
2.2795e-05
-2.67893e-05
2.29223e-05
-2.71696e-05
2.15677e-05
-2.71414e-05
1.93597e-05
-2.72382e-05
1.641e-05
-2.74054e-05
1.34659e-05
1.05626e-05
-2.75334e-05
-4.05264e-06
-1.32834e-06
-9.1525e-06
4.0742e-06
-1.40202e-05
1.09244e-05
-1.77939e-05
1.76241e-05
-1.97721e-05
2.19466e-05
-2.02273e-05
2.32501e-05
-1.9948e-05
2.26434e-05
-1.93293e-05
2.09487e-05
-1.86179e-05
1.86486e-05
-1.81538e-05
1.59456e-05
-1.786e-05
1.3172e-05
1.03746e-05
-1.76723e-05
-4.95562e-06
3.63073e-06
-9.49804e-06
8.6181e-06
-1.28541e-05
1.42815e-05
-1.45142e-05
1.92858e-05
-1.45454e-05
2.1978e-05
-1.36555e-05
2.23614e-05
-1.24102e-05
2.1398e-05
-1.11435e-05
1.96826e-05
-1.00302e-05
1.7535e-05
-9.19153e-06
1.51072e-05
-8.589e-06
1.25692e-05
9.9593e-06
-8.17364e-06
-4.83446e-06
8.46737e-06
-8.53883e-06
1.23246e-05
-1.043e-05
1.61739e-05
-1.03596e-05
1.92166e-05
-8.94264e-06
2.05625e-05
-7.00134e-06
2.04207e-05
-5.00393e-06
1.94013e-05
-3.18717e-06
1.78661e-05
-1.65787e-06
1.60061e-05
-4.6381e-07
1.39131e-05
4.30707e-07
1.16748e-05
9.31781e-06
1.07211e-06
-4.64697e-06
1.31169e-05
-7.27782e-06
1.49566e-05
-7.62927e-06
1.65271e-05
-6.05091e-06
1.76393e-05
-3.4408e-06
1.79533e-05
-5.78014e-07
1.75587e-05
2.13703e-06
1.66868e-05
4.51988e-06
1.54836e-05
6.503e-06
1.40232e-05
8.07647e-06
1.23399e-05
9.28283e-06
1.04685e-05
8.42648e-06
1.01742e-05
-4.06396e-06
1.7182e-05
-5.54284e-06
1.6437e-05
-4.22555e-06
1.52102e-05
-1.25195e-06
1.46666e-05
2.42786e-06
1.42742e-05
6.12948e-06
1.38577e-05
9.50926e-06
1.33076e-05
1.24242e-05
1.25691e-05
1.48372e-05
1.16105e-05
1.67649e-05
1.04124e-05
1.8263e-05
8.97045e-06
7.2963e-06
1.93933e-05
-3.76176e-06
2.09455e-05
-2.61736e-06
1.5293e-05
1.19028e-06
1.14038e-05
5.66565e-06
1.01917e-05
1.02667e-05
9.67367e-06
1.45634e-05
9.56152e-06
1.83441e-05
9.52739e-06
2.15416e-05
9.37192e-06
2.41638e-05
8.98852e-06
2.62561e-05
8.32025e-06
2.78924e-05
7.33428e-06
6.04602e-06
2.91427e-05
5.15197e-07
2.04313e-05
6.19129e-06
9.618e-06
1.22286e-05
5.36623e-06
1.77194e-05
4.70146e-06
2.25503e-05
4.84329e-06
2.6695e-05
5.41725e-06
3.01879e-05
6.03496e-06
3.30754e-05
6.48475e-06
3.54155e-05
6.6487e-06
3.72717e-05
6.46423e-06
3.87271e-05
5.87895e-06
4.92463e-06
3.98486e-05
2.02976e-05
1.34375e-07
2.86484e-05
1.26712e-06
3.38549e-05
1.6061e-07
3.79002e-05
6.5635e-07
4.10497e-05
1.6939e-06
4.3635e-05
2.83222e-06
4.57979e-05
3.87228e-06
4.75826e-05
4.70021e-06
4.90217e-05
5.20978e-06
5.01483e-05
5.33776e-06
5.10297e-05
4.9976e-06
5.17121e-05
4.24234e-06
-5.48495e-05
5.39334e-06
-5.8189e-05
3.33944e-06
-5.9662e-05
1.47309e-06
-5.93358e-05
-3.26387e-07
-5.73338e-05
-2.00186e-06
-5.35942e-05
-3.73996e-06
-4.7973e-05
-5.62112e-06
-4.04029e-05
-7.57014e-06
-3.07302e-05
-9.67276e-06
-1.9151e-05
-1.15791e-05
-7.53828e-06
-1.16129e-05
-7.53832e-06
-4.81681e-05
6.80854e-06
-4.89842e-05
4.15534e-06
-4.91407e-05
1.62971e-06
-4.86707e-05
-7.96601e-07
-4.74407e-05
-3.23185e-06
-4.53145e-05
-5.86634e-06
-4.21563e-05
-8.7792e-06
-3.76789e-05
-1.20475e-05
-3.16676e-05
-1.5684e-05
-2.38711e-05
-1.93758e-05
-1.33153e-05
-2.21688e-05
-2.08536e-05
-3.74856e-05
7.49233e-06
-3.79736e-05
4.64314e-06
-3.81749e-05
1.83094e-06
-3.79467e-05
-1.02496e-06
-3.71372e-05
-4.04145e-06
-3.56789e-05
-7.32476e-06
-3.34584e-05
-1.09998e-05
-3.03534e-05
-1.51525e-05
-2.62745e-05
-1.97629e-05
-2.07153e-05
-2.4935e-05
-1.2722e-05
-3.01621e-05
-3.35756e-05
-2.766e-05
7.6187e-06
-2.77122e-05
4.6951e-06
-2.76185e-05
1.73716e-06
-2.72987e-05
-1.34497e-06
-2.66824e-05
-4.65786e-06
-2.57043e-05
-8.30301e-06
-2.42789e-05
-1.24252e-05
-2.22847e-05
-1.71467e-05
-1.95194e-05
-2.25283e-05
-1.55073e-05
-2.89471e-05
-9.46831e-06
-3.6201e-05
-4.3044e-05
-1.75792e-05
7.52553e-06
-1.7516e-05
4.63156e-06
-1.74212e-05
1.6423e-06
-1.72446e-05
-1.52179e-06
-1.6945e-05
-4.95751e-06
-1.64753e-05
-8.77291e-06
-1.57778e-05
-1.31227e-05
-1.47883e-05
-1.81363e-05
-1.33046e-05
-2.4012e-05
-1.11234e-05
-3.11284e-05
-7.38606e-06
-3.99386e-05
-5.04301e-05
-7.91454e-06
7.26612e-06
-7.76283e-06
4.47984e-06
-7.67718e-06
1.55642e-06
-7.62767e-06
-1.57135e-06
-7.59408e-06
-4.99128e-06
-7.5559e-06
-8.81111e-06
-7.50843e-06
-1.31702e-05
-7.41122e-06
-1.82334e-05
-7.15717e-06
-2.42662e-05
-6.56909e-06
-3.17168e-05
-4.85441e-06
-4.16532e-05
-5.52849e-05
1.4998e-06
6.83844e-06
1.75213e-06
4.22741e-06
1.85643e-06
1.45209e-06
1.82453e-06
-1.53954e-06
1.65417e-06
-4.82096e-06
1.33206e-06
-8.48905e-06
8.32265e-07
-1.26704e-05
1.40185e-07
-1.75415e-05
-7.20965e-07
-2.34052e-05
-1.63754e-06
-3.08002e-05
-2.16994e-06
-4.11217e-05
-5.74548e-05
1.07975e-05
6.21512e-06
1.11876e-05
3.83729e-06
1.13634e-05
1.27629e-06
1.13233e-05
-1.4995e-06
1.10458e-05
-4.54345e-06
1.04883e-05
-7.93157e-06
9.58005e-06
-1.17621e-05
8.23284e-06
-1.61942e-05
6.3542e-06
-2.15265e-05
3.9181e-06
-2.83646e-05
1.28565e-06
-3.84889e-05
-5.61694e-05
2.02142e-05
5.39428e-06
2.07619e-05
3.28959e-06
2.10531e-05
9.85045e-07
2.10779e-05
-1.52432e-06
2.08e-05
-4.26549e-06
2.01528e-05
-7.28428e-06
1.90172e-05
-1.06263e-05
1.72224e-05
-1.43994e-05
1.45289e-05
-1.8833e-05
1.06791e-05
-2.45143e-05
5.7491e-06
-3.35593e-05
-5.04201e-05
3.00798e-05
4.45721e-06
3.0741e-05
2.62837e-06
3.11457e-05
5.80387e-07
3.12803e-05
-1.65892e-06
3.1098e-05
-4.08308e-06
3.05141e-05
-6.70024e-06
2.9367e-05
-9.47901e-06
2.74101e-05
-1.24422e-05
2.42399e-05
-1.56626e-05
1.93536e-05
-1.96279e-05
1.19306e-05
-2.6136e-05
-3.84889e-05
4.07225e-05
3.58347e-06
4.13781e-05
1.97286e-06
4.18378e-05
1.20724e-07
4.20872e-05
-1.90819e-06
4.20726e-05
-4.06838e-06
4.16992e-05
-6.32668e-06
4.07782e-05
-8.55779e-06
3.90201e-05
-1.06839e-05
3.58766e-05
-1.25188e-05
3.06136e-05
-1.43645e-05
2.07227e-05
-1.62442e-05
-1.77662e-05
5.23003e-05
2.99534e-06
5.28017e-05
1.47154e-06
5.32398e-05
-3.17242e-07
5.35943e-05
-2.26264e-06
5.38031e-05
-4.277e-06
5.3764e-05
-6.28742e-06
5.32868e-05
-8.08033e-06
5.21064e-05
-9.50325e-06
4.96967e-05
-1.01088e-05
4.51089e-05
-9.77615e-06
3.46946e-05
-5.83013e-06
1.69295e-05
5.20133e-06
-5.19959e-06
8.83499e-06
-3.6343e-06
1.15618e-05
-2.72532e-06
1.29087e-05
-1.34633e-06
1.26674e-05
2.43261e-07
1.00432e-05
2.62844e-06
4.8596e-06
5.18533e-06
-4.19923e-06
9.06245e-06
-1.87283e-05
1.45294e-05
-3.19182e-05
1.31907e-05
-4.18468e-05
9.92837e-06
7.61477e-06
-4.94616e-05
1.52516e-06
-6.72311e-06
3.53701e-06
-5.64621e-06
3.34227e-06
-2.52907e-06
9.67887e-07
1.02939e-06
-4.37355e-06
5.58608e-06
-1.3832e-05
1.20882e-05
-2.59525e-05
1.73065e-05
-3.56928e-05
1.88034e-05
-3.97061e-05
1.85429e-05
-4.21426e-05
1.56274e-05
-4.46403e-05
1.24261e-05
9.72498e-06
-4.67507e-05
1.03584e-06
-7.75804e-06
8.9248e-08
-4.69939e-06
-3.11873e-06
6.79387e-07
-9.64388e-06
7.55494e-06
-1.89794e-05
1.4922e-05
-2.68907e-05
2e-05
-3.13516e-05
2.17676e-05
-3.37218e-05
2.11739e-05
-3.45544e-05
1.93756e-05
-3.52293e-05
1.63023e-05
-3.6094e-05
1.32907e-05
1.04282e-05
-3.67974e-05
-2.39922e-06
-5.35805e-06
-6.10833e-06
-9.90151e-07
-1.1515e-05
6.08631e-06
-1.78211e-05
1.38613e-05
-2.28612e-05
1.99625e-05
-2.56421e-05
2.27813e-05
-2.67816e-05
2.29075e-05
-2.71619e-05
2.15545e-05
-2.7134e-05
1.93479e-05
-2.72316e-05
1.64e-05
-2.73991e-05
1.34582e-05
1.05566e-05
-2.75276e-05
-4.06038e-06
-1.2968e-06
-9.15152e-06
4.10147e-06
-1.40103e-05
1.09455e-05
-1.77801e-05
1.76317e-05
-1.97577e-05
2.19406e-05
-2.02142e-05
2.32385e-05
-1.99373e-05
2.26309e-05
-1.93196e-05
2.09373e-05
-1.86099e-05
1.86385e-05
-1.8147e-05
1.59372e-05
-1.78541e-05
1.31653e-05
1.03696e-05
-1.76671e-05
-4.95427e-06
3.6589e-06
-9.49236e-06
8.64055e-06
-1.28419e-05
1.42961e-05
-1.44987e-05
1.92894e-05
-1.45299e-05
2.19729e-05
-1.36428e-05
2.23523e-05
-1.23995e-05
2.13885e-05
-1.11351e-05
1.96734e-05
-1.00231e-05
1.7527e-05
-9.18586e-06
1.51003e-05
-8.58401e-06
1.25638e-05
9.95515e-06
-8.16952e-06
-4.82924e-06
8.49046e-06
-8.52959e-06
1.23423e-05
-1.04167e-05
1.61845e-05
-1.03448e-05
1.92189e-05
-8.92962e-06
2.05587e-05
-6.99055e-06
2.04143e-05
-4.99545e-06
1.93942e-05
-3.1803e-06
1.78591e-05
-1.65249e-06
1.59997e-05
-4.59377e-07
1.39077e-05
4.34297e-07
1.16704e-05
9.31453e-06
1.07519e-06
-4.64141e-06
1.3133e-05
-7.26748e-06
1.49696e-05
-7.61652e-06
1.65344e-05
-6.03818e-06
1.76415e-05
-3.42992e-06
1.79513e-05
-5.693e-07
1.75545e-05
2.14382e-06
1.66817e-05
4.52514e-06
1.54784e-05
6.50705e-06
1.40183e-05
8.07962e-06
1.23355e-05
9.28534e-06
1.0465e-05
8.42387e-06
1.01762e-05
-4.0578e-06
1.71923e-05
-5.53295e-06
1.64456e-05
-4.21404e-06
1.52161e-05
-1.24093e-06
1.4669e-05
2.43726e-06
1.42736e-05
6.13695e-06
1.38553e-05
9.51501e-06
1.33041e-05
1.24285e-05
1.25653e-05
1.48404e-05
1.16068e-05
1.67673e-05
1.0409e-05
1.82648e-05
8.96773e-06
7.29433e-06
1.93946e-05
-3.75721e-06
2.095e-05
-2.60991e-06
1.52986e-05
1.19922e-06
1.14074e-05
5.67472e-06
1.01937e-05
1.02748e-05
9.67385e-06
1.457e-05
9.56026e-06
1.83492e-05
9.52522e-06
2.15455e-05
9.3693e-06
2.41667e-05
8.9859e-06
2.62581e-05
8.31788e-06
2.78937e-05
7.33237e-06
6.0447e-06
2.91435e-05
5.17326e-07
2.04334e-05
6.19613e-06
9.62014e-06
1.22354e-05
5.36837e-06
1.77265e-05
4.70277e-06
2.25569e-05
4.84359e-06
2.67007e-05
5.4166e-06
3.01925e-05
6.03362e-06
3.3079e-05
6.48304e-06
3.54182e-05
6.64697e-06
3.72735e-05
6.46275e-06
3.87282e-05
5.87785e-06
4.924e-06
3.98491e-05
2.02994e-05
1.3396e-07
2.86522e-05
1.26726e-06
3.38596e-05
1.60901e-07
3.79055e-05
6.56809e-07
4.10551e-05
1.69393e-06
4.364e-05
2.83175e-06
4.58022e-05
3.87141e-06
4.75861e-05
4.69917e-06
4.90243e-05
5.20882e-06
5.01501e-05
5.3371e-06
5.10307e-05
4.99731e-06
5.17124e-05
4.24248e-06
-5.4852e-05
5.39017e-06
-5.81887e-05
3.33649e-06
-5.96601e-05
1.47131e-06
-5.93325e-05
-3.27808e-07
-5.733e-05
-2.00257e-06
-5.359e-05
-3.74036e-06
-4.79691e-05
-5.62097e-06
-4.03994e-05
-7.56971e-06
-3.07276e-05
-9.6719e-06
-1.91496e-05
-1.15781e-05
-7.53807e-06
-1.16118e-05
-7.53813e-06
-4.81645e-05
6.80399e-06
-4.89801e-05
4.15183e-06
-4.91361e-05
1.62736e-06
-4.8666e-05
-7.98131e-07
-4.74359e-05
-3.23264e-06
-4.531e-05
-5.86645e-06
-4.21523e-05
-8.77869e-06
-3.76754e-05
-1.20465e-05
-3.16648e-05
-1.56825e-05
-2.38692e-05
-1.93738e-05
-1.33142e-05
-2.21668e-05
-2.08523e-05
-3.7481e-05
7.48754e-06
-3.79689e-05
4.63956e-06
-3.81701e-05
1.82856e-06
-3.79421e-05
-1.02631e-06
-3.71329e-05
-4.04186e-06
-3.56751e-05
-7.32434e-06
-3.34551e-05
-1.09986e-05
-3.03507e-05
-1.51509e-05
-2.62723e-05
-1.97608e-05
-2.07135e-05
-2.49325e-05
-1.27209e-05
-3.01594e-05
-3.35731e-05
-2.76545e-05
7.61439e-06
-2.77072e-05
4.69213e-06
-2.76142e-05
1.73542e-06
-2.72948e-05
-1.34574e-06
-2.6679e-05
-4.65775e-06
-2.57013e-05
-8.30213e-06
-2.42763e-05
-1.24236e-05
-2.22826e-05
-1.71446e-05
-1.95176e-05
-2.25257e-05
-1.5506e-05
-2.89441e-05
-9.46757e-06
-3.61977e-05
-4.30406e-05
-1.75747e-05
7.52193e-06
-1.75119e-05
4.62933e-06
-1.74177e-05
1.64111e-06
-1.72415e-05
-1.52202e-06
-1.69423e-05
-4.95698e-06
-1.64728e-05
-8.77161e-06
-1.57757e-05
-1.31207e-05
-1.47865e-05
-1.81337e-05
-1.33032e-05
-2.40089e-05
-1.11224e-05
-3.1125e-05
-7.38539e-06
-3.99347e-05
-5.0426e-05
-7.91084e-06
7.26335e-06
-7.7597e-06
4.47815e-06
-7.67436e-06
1.55578e-06
-7.62523e-06
-1.57119e-06
-7.59188e-06
-4.99035e-06
-7.55399e-06
-8.8095e-06
-7.50667e-06
-1.31679e-05
-7.40979e-06
-1.82306e-05
-7.15606e-06
-2.42628e-05
-6.56818e-06
-3.17129e-05
-4.85396e-06
-4.1649e-05
-5.52802e-05
1.50239e-06
6.83625e-06
1.75442e-06
4.22624e-06
1.85842e-06
1.45181e-06
1.82631e-06
-1.53904e-06
1.65575e-06
-4.81978e-06
1.3335e-06
-8.48721e-06
8.33542e-07
-1.2668e-05
1.41271e-07
-1.75384e-05
-7.19996e-07
-2.34015e-05
-1.63704e-06
-3.07962e-05
-2.16934e-06
-4.1117e-05
-5.74496e-05
1.07992e-05
6.21345e-06
1.1189e-05
3.8365e-06
1.13646e-05
1.2763e-06
1.13244e-05
-1.49877e-06
1.10468e-05
-4.54209e-06
1.04892e-05
-7.92963e-06
9.58085e-06
-1.17596e-05
8.2336e-06
-1.6191e-05
6.35466e-06
-2.15229e-05
3.91866e-06
-2.83602e-05
1.28584e-06
-3.84843e-05
-5.61639e-05
2.02151e-05
5.39308e-06
2.07625e-05
3.28917e-06
2.10536e-05
9.85326e-07
2.10783e-05
-1.52339e-06
2.08003e-05
-4.26403e-06
2.01531e-05
-7.28229e-06
1.90174e-05
-1.06238e-05
1.72226e-05
-1.43963e-05
1.45293e-05
-1.88292e-05
1.06792e-05
-2.45102e-05
5.7493e-06
-3.35546e-05
-5.04146e-05
3.00802e-05
4.45654e-06
3.07411e-05
2.62833e-06
3.11456e-05
5.80952e-07
3.12801e-05
-1.65782e-06
3.10977e-05
-4.0815e-06
3.05137e-05
-6.69824e-06
2.93666e-05
-9.47653e-06
2.74098e-05
-1.24392e-05
2.42397e-05
-1.56591e-05
1.93535e-05
-1.96238e-05
1.19305e-05
-2.61313e-05
-3.84839e-05
4.07225e-05
3.58336e-06
4.13777e-05
1.97323e-06
4.18372e-05
1.21601e-07
4.20864e-05
-1.90688e-06
4.20717e-05
-4.06668e-06
4.16982e-05
-6.32464e-06
4.07773e-05
-8.55534e-06
3.90192e-05
-1.0681e-05
3.58759e-05
-1.25155e-05
3.06131e-05
-1.43607e-05
2.07222e-05
-1.62401e-05
-1.77612e-05
5.23e-05
2.99582e-06
5.2801e-05
1.47239e-06
5.32387e-05
-3.16048e-07
5.35931e-05
-2.2611e-06
5.38017e-05
-4.27516e-06
5.37625e-05
-6.28527e-06
5.32852e-05
-8.07785e-06
5.21048e-05
-9.50034e-06
4.96953e-05
-1.01055e-05
4.51075e-05
-9.77291e-06
3.46942e-05
-5.82622e-06
1.69332e-05
5.40127e-06
-5.39914e-06
9.00922e-06
-3.60951e-06
1.1661e-05
-2.65202e-06
1.29671e-05
-1.30754e-06
1.27079e-05
2.58221e-07
1.00796e-05
2.62944e-06
4.89017e-06
5.18842e-06
-4.16726e-06
9.05919e-06
-1.87036e-05
1.4536e-05
-3.19056e-05
1.32023e-05
-4.18402e-05
9.93454e-06
7.62073e-06
-4.9461e-05
1.61892e-06
-7.01609e-06
3.66024e-06
-5.65038e-06
3.44302e-06
-2.43469e-06
1.02574e-06
1.10878e-06
-4.33996e-06
5.6232e-06
-1.38029e-05
1.20926e-05
-2.59311e-05
1.73166e-05
-3.56865e-05
1.88148e-05
-3.97062e-05
1.85556e-05
-4.21442e-05
1.56403e-05
-4.46446e-05
1.24349e-05
9.73219e-06
-4.67562e-05
7.27687e-07
-7.74175e-06
-1.24379e-07
-4.79769e-06
-3.2043e-06
6.45382e-07
-9.65254e-06
7.55662e-06
-1.89602e-05
1.49307e-05
-2.68825e-05
2.00149e-05
-3.13518e-05
2.17859e-05
-3.37268e-05
2.11899e-05
-3.45614e-05
1.93902e-05
-3.52359e-05
1.63147e-05
-3.61011e-05
1.33e-05
1.04353e-05
-3.68043e-05
-2.35559e-06
-5.38477e-06
-6.12397e-06
-1.02864e-06
-1.15333e-05
6.05492e-06
-1.78277e-05
1.3851e-05
-2.28675e-05
1.99704e-05
-2.5651e-05
2.27987e-05
-2.6791e-05
2.29257e-05
-2.71715e-05
2.15705e-05
-2.71434e-05
1.93619e-05
-2.72404e-05
1.64116e-05
-2.74075e-05
1.34669e-05
1.05632e-05
-2.75356e-05
-4.05179e-06
-1.33107e-06
-9.15135e-06
4.07195e-06
-1.40196e-05
1.09238e-05
-1.77942e-05
1.76259e-05
-1.97733e-05
2.19502e-05
-2.02287e-05
2.32541e-05
-1.99495e-05
2.26469e-05
-1.93307e-05
2.09515e-05
-1.86194e-05
1.86508e-05
-1.81553e-05
1.59471e-05
-1.78615e-05
1.31731e-05
1.03751e-05
-1.76738e-05
-4.95517e-06
3.62777e-06
-9.49789e-06
8.61617e-06
-1.28545e-05
1.42815e-05
-1.45152e-05
1.92881e-05
-1.45465e-05
2.19818e-05
-1.36566e-05
2.23653e-05
-1.24111e-05
2.14014e-05
-1.11443e-05
1.96854e-05
-1.00309e-05
1.75371e-05
-9.19224e-06
1.51087e-05
-8.58967e-06
1.25702e-05
9.95984e-06
-8.17431e-06
-4.83475e-06
8.46477e-06
-8.53951e-06
1.23231e-05
-1.04311e-05
1.61744e-05
-1.03606e-05
1.92189e-05
-8.94341e-06
2.05659e-05
-7.00175e-06
2.04243e-05
-5.00409e-06
1.94045e-05
-3.18717e-06
1.78687e-05
-1.65777e-06
1.60081e-05
-4.63653e-07
1.39146e-05
4.30891e-07
1.16758e-05
9.31835e-06
1.07231e-06
-4.6476e-06
1.31151e-05
-7.27902e-06
1.49558e-05
-7.63058e-06
1.65277e-05
-6.05178e-06
1.76412e-05
-3.44105e-06
1.79561e-05
-5.77768e-07
1.75617e-05
2.13761e-06
1.66897e-05
4.52066e-06
1.54861e-05
6.50389e-06
1.40252e-05
8.07742e-06
1.23413e-05
9.28381e-06
1.04695e-05
8.42702e-06
1.01752e-05
-4.0651e-06
1.71813e-05
-5.54434e-06
1.64366e-05
-4.22677e-06
1.52105e-05
-1.25254e-06
1.46679e-05
2.42795e-06
1.42763e-05
6.13011e-06
1.38602e-05
9.51026e-06
1.33101e-05
1.24254e-05
1.25713e-05
1.48386e-05
1.16123e-05
1.67664e-05
1.04137e-05
1.82646e-05
8.97137e-06
7.29683e-06
1.93948e-05
-3.76286e-06
2.09461e-05
-2.61849e-06
1.52926e-05
1.18946e-06
1.14038e-05
5.66531e-06
1.01925e-05
1.02669e-05
9.67527e-06
1.45641e-05
9.56355e-06
1.83451e-05
9.52952e-06
2.15429e-05
9.37388e-06
2.41653e-05
8.99014e-06
2.62577e-05
8.32146e-06
2.7894e-05
7.3351e-06
6.04649e-06
2.91444e-05
5.14905e-07
2.04321e-05
6.19088e-06
9.61776e-06
1.22283e-05
5.36623e-06
1.77193e-05
4.70213e-06
2.25504e-05
4.84467e-06
2.66953e-05
5.41905e-06
3.01884e-05
6.03684e-06
3.30761e-05
6.48647e-06
3.54164e-05
6.65009e-06
3.72729e-05
6.46524e-06
3.87285e-05
5.87959e-06
4.92495e-06
3.98502e-05
2.02977e-05
1.35016e-07
2.86482e-05
1.26721e-06
3.38543e-05
1.61033e-07
3.78992e-05
6.57353e-07
4.10487e-05
1.69536e-06
4.36341e-05
2.83391e-06
4.57972e-05
3.87395e-06
4.75822e-05
4.70164e-06
4.90216e-05
5.21085e-06
5.01485e-05
5.33843e-06
5.10303e-05
4.99792e-06
5.17129e-05
4.24239e-06
-5.48543e-05
5.39342e-06
-5.81938e-05
3.33936e-06
-5.96664e-05
1.47287e-06
-5.934e-05
-3.2669e-07
-5.73376e-05
-2.00223e-06
-5.35975e-05
-3.74038e-06
-4.79759e-05
-5.62154e-06
-4.04053e-05
-7.57058e-06
-3.07322e-05
-9.6732e-06
-1.91526e-05
-1.15796e-05
-7.53926e-06
-1.16135e-05
-7.53928e-06
-4.81714e-05
6.80867e-06
-4.89874e-05
4.15523e-06
-4.91439e-05
1.62939e-06
-4.86737e-05
-7.9707e-07
-4.74434e-05
-3.23246e-06
-4.53169e-05
-5.86705e-06
-4.21584e-05
-8.77997e-06
-3.76806e-05
-1.20484e-05
-3.16689e-05
-1.56849e-05
-2.38719e-05
-1.93766e-05
-1.33157e-05
-2.21697e-05
-2.08549e-05
-3.74883e-05
7.4925e-06
-3.79762e-05
4.64298e-06
-3.81774e-05
1.83052e-06
-3.79491e-05
-1.02561e-06
-3.71393e-05
-4.04229e-06
-3.56808e-05
-7.32576e-06
-3.34599e-05
-1.10009e-05
-3.03545e-05
-1.51537e-05
-2.62753e-05
-1.97641e-05
-2.07157e-05
-2.49362e-05
-1.27221e-05
-3.01633e-05
-3.3577e-05
-2.76622e-05
7.61885e-06
-2.77142e-05
4.69489e-06
-2.76205e-05
1.73664e-06
-2.73005e-05
-1.34577e-06
-2.6684e-05
-4.65889e-06
-2.57057e-05
-8.30425e-06
-2.42799e-05
-1.24266e-05
-2.22855e-05
-1.71481e-05
-1.95199e-05
-2.25297e-05
-1.55076e-05
-2.89484e-05
-9.46846e-06
-3.62024e-05
-4.30455e-05
-1.75806e-05
7.52565e-06
-1.75173e-05
4.63132e-06
-1.74225e-05
1.64171e-06
-1.72458e-05
-1.52267e-06
-1.69461e-05
-4.95868e-06
-1.64762e-05
-8.7743e-06
-1.57785e-05
-1.31242e-05
-1.47887e-05
-1.8138e-05
-1.33047e-05
-2.40136e-05
-1.11233e-05
-3.113e-05
-7.38585e-06
-3.994e-05
-5.04314e-05
-7.91517e-06
7.26625e-06
-7.76345e-06
4.47958e-06
-7.67776e-06
1.55582e-06
-7.6282e-06
-1.57228e-06
-7.59453e-06
-4.9925e-06
-7.55624e-06
-8.81257e-06
-7.50865e-06
-1.31719e-05
-7.41127e-06
-1.82352e-05
-7.15706e-06
-2.4268e-05
-6.56883e-06
-3.17184e-05
-4.85417e-06
-4.16546e-05
-5.52859e-05
1.5e-06
6.83857e-06
1.75233e-06
4.22716e-06
1.85661e-06
1.4515e-06
1.82472e-06
-1.54045e-06
1.65437e-06
-4.82217e-06
1.33228e-06
-8.49052e-06
8.32542e-07
-1.26721e-05
1.4054e-07
-1.75433e-05
-7.20504e-07
-2.3407e-05
-1.637e-06
-3.08018e-05
-2.16944e-06
-4.11228e-05
-5.74552e-05
1.07985e-05
6.21528e-06
1.11885e-05
3.83709e-06
1.13643e-05
1.27576e-06
1.13242e-05
-1.50034e-06
1.10466e-05
-4.54459e-06
1.04891e-05
-7.93298e-06
9.58077e-06
-1.17637e-05
8.23356e-06
-1.6196e-05
6.35494e-06
-2.15283e-05
3.91884e-06
-2.83661e-05
1.28624e-06
-3.84898e-05
-5.61691e-05
2.02157e-05
5.39446e-06
2.07633e-05
3.28945e-06
2.10545e-05
9.84596e-07
2.10793e-05
-1.52507e-06
2.08013e-05
-4.26652e-06
2.0154e-05
-7.28557e-06
1.90182e-05
-1.06278e-05
1.72234e-05
-1.4401e-05
1.45299e-05
-1.88347e-05
1.068e-05
-2.45157e-05
5.74986e-06
-3.35598e-05
-5.0419e-05
3.00815e-05
4.45738e-06
3.07428e-05
2.62826e-06
3.11474e-05
5.79999e-07
3.1282e-05
-1.65958e-06
3.10996e-05
-4.084e-06
3.05156e-05
-6.70139e-06
2.93683e-05
-9.48036e-06
2.74113e-05
-1.24437e-05
2.4241e-05
-1.56641e-05
1.93545e-05
-1.96291e-05
1.19314e-05
-2.61362e-05
-3.84869e-05
4.07241e-05
3.58355e-06
4.13797e-05
1.97271e-06
4.18395e-05
1.20339e-07
4.20889e-05
-1.90881e-06
4.20742e-05
-4.06921e-06
4.17007e-05
-6.32769e-06
4.07796e-05
-8.55895e-06
3.90213e-05
-1.06852e-05
3.58777e-05
-1.25201e-05
3.06145e-05
-1.43655e-05
2.07235e-05
-1.62442e-05
-1.7763e-05
5.23014e-05
2.99521e-06
5.28029e-05
1.47125e-06
5.32411e-05
-3.17718e-07
5.35957e-05
-2.26329e-06
5.38045e-05
-4.27779e-06
5.37653e-05
-6.28831e-06
5.32879e-05
-8.0813e-06
5.21074e-05
-9.50429e-06
4.96975e-05
-1.01098e-05
4.51094e-05
-9.77689e-06
3.46953e-05
-5.83e-06
1.69331e-05
6.61261e-05
3.88438e-06
-6.98793e-05
6.55443e-05
1.84636e-06
6.42678e-05
1.43511e-06
6.35997e-05
1.32467e-06
6.34467e-05
1.84869e-06
6.35913e-05
2.69023e-06
6.38556e-05
3.61079e-06
6.41146e-05
4.44383e-06
6.43008e-05
5.02564e-06
6.43922e-05
5.24786e-06
6.44359e-05
4.95473e-06
4.21598e-06
6.44628e-05
8.50769e-05
2.94056e-06
-8.41336e-05
8.48171e-05
2.10601e-06
8.42147e-05
2.0372e-06
8.34184e-05
2.12088e-06
8.26389e-05
2.62803e-06
8.18929e-05
3.43628e-06
8.11468e-05
4.35688e-06
8.03674e-05
5.22326e-06
7.95484e-05
5.84476e-06
7.87178e-05
6.07847e-06
7.79693e-05
5.70341e-06
4.80467e-06
7.73807e-05
9.83443e-05
1.93084e-06
-9.73345e-05
9.86885e-05
1.76155e-06
9.86799e-05
2.04561e-06
9.83173e-05
2.48328e-06
9.7682e-05
3.26328e-06
9.681e-05
4.30817e-06
9.57244e-05
5.44244e-06
9.44622e-05
6.48551e-06
9.30905e-05
7.21652e-06
9.17265e-05
7.44259e-06
9.05408e-05
6.88918e-06
5.60364e-06
8.97419e-05
0.000110325
-0.000109748
1.35329e-06
0.000110585
1.50128e-06
0.000110541
2.08894e-06
0.000110151
2.8734e-06
0.000109417
3.9969e-06
0.000108368
5.35724e-06
0.000107053
6.75731e-06
0.000105561
7.97676e-06
0.000104031
8.7471e-06
0.000102674
8.79938e-06
0.000101738
7.82507e-06
0.000101678
5.66372e-06
6.46285e-05
2.8297e-06
6.49043e-05
1.19552e-06
6.53132e-05
-7.26414e-07
6.58133e-05
-2.76325e-06
6.63184e-05
-4.78269e-06
6.67026e-05
-6.67207e-06
6.67895e-05
-8.16773e-06
6.63774e-05
-9.09135e-06
6.52407e-05
-8.97238e-06
6.31095e-05
-7.64472e-06
6.14556e-05
-4.17552e-06
8.51075e-06
6.98761e-05
7.72319e-05
2.97851e-06
7.74243e-05
1.00318e-06
7.79663e-05
-1.26834e-06
7.87589e-05
-3.5557e-06
7.96701e-05
-5.69383e-06
8.05257e-05
-7.52756e-06
8.11389e-05
-8.78078e-06
8.13021e-05
-9.25442e-06
8.09447e-05
-8.61473e-06
7.99192e-05
-6.61932e-06
7.96474e-05
-3.90364e-06
4.02671e-06
8.41314e-05
8.97717e-05
2.94898e-06
9.03183e-05
4.56779e-07
9.13362e-05
-2.286e-06
9.26246e-05
-4.84396e-06
9.39999e-05
-7.06902e-06
9.52412e-05
-8.76871e-06
9.61606e-05
-9.7e-06
9.65498e-05
-9.64352e-06
9.6406e-05
-8.47095e-06
9.57063e-05
-5.91935e-06
9.51977e-05
-3.39511e-06
1.89117e-06
9.73332e-05
0.00010286
1.76773e-06
0.000104329
-1.01223e-06
0.000106065
-4.02267e-06
0.000107805
-6.5832e-06
0.00010937
-8.63408e-06
0.000110567
-9.96551e-06
0.00011127
-1.0403e-05
0.000111357
-9.73078e-06
0.000110892
-8.00572e-06
0.000110055
-5.0833e-06
0.000109096
-2.4354e-06
0.000109747
1.2397e-06
6.61241e-05
3.88627e-06
6.55428e-05
1.84871e-06
6.42669e-05
1.43595e-06
6.35994e-05
1.32401e-06
6.34466e-05
1.84673e-06
6.35914e-05
2.68755e-06
6.38558e-05
3.60803e-06
6.41147e-05
4.44139e-06
6.43009e-05
5.02377e-06
6.43922e-05
5.24658e-06
6.44358e-05
4.95404e-06
4.21576e-06
6.44626e-05
8.50749e-05
2.94282e-06
8.48153e-05
2.10797e-06
8.42138e-05
2.03771e-06
8.3418e-05
2.11964e-06
8.2639e-05
2.62568e-06
8.1893e-05
3.43339e-06
8.11469e-05
4.3541e-06
8.03674e-05
5.22096e-06
7.95481e-05
5.8431e-06
7.87173e-05
6.07745e-06
7.79685e-05
5.70296e-06
4.80465e-06
7.73798e-05
9.83426e-05
1.93327e-06
9.86872e-05
1.7633e-06
9.86792e-05
2.04523e-06
9.83172e-05
2.4815e-06
9.76822e-05
3.2606e-06
9.68102e-05
4.30521e-06
9.57244e-05
5.43981e-06
9.44618e-05
6.48355e-06
9.30897e-05
7.21529e-06
9.17252e-05
7.44199e-06
9.05392e-05
6.88905e-06
5.60379e-06
8.97402e-05
0.000110324
1.3562e-06
0.000110584
1.50261e-06
0.000110541
2.08819e-06
0.000110151
2.87134e-06
0.000109417
3.9942e-06
0.000108368
5.35455e-06
0.000107052
6.75517e-06
0.00010556
7.97541e-06
0.000104029
8.74648e-06
0.000102672
8.79922e-06
0.000101736
7.82513e-06
0.000101676
5.66376e-06
6.46283e-05
2.82987e-06
6.4904e-05
1.19596e-06
6.53128e-05
-7.25807e-07
6.58129e-05
-2.7626e-06
6.63181e-05
-4.78202e-06
6.67023e-05
-6.67148e-06
6.67895e-05
-8.16726e-06
6.63776e-05
-9.09109e-06
6.52413e-05
-8.97225e-06
6.31103e-05
-7.64511e-06
6.14569e-05
-4.17588e-06
8.50911e-06
6.98767e-05
7.72309e-05
2.97882e-06
7.74233e-05
1.00374e-06
7.79653e-05
-1.26773e-06
7.87579e-05
-3.55512e-06
7.96693e-05
-5.69334e-06
8.05252e-05
-7.52721e-06
8.11387e-05
-8.78065e-06
8.13023e-05
-9.25453e-06
8.09453e-05
-8.61515e-06
7.99204e-05
-6.61987e-06
7.96489e-05
-3.9048e-06
4.02525e-06
8.41331e-05
8.977e-05
2.94934e-06
9.03167e-05
4.57317e-07
9.13347e-05
-2.28554e-06
9.26233e-05
-4.8436e-06
9.3999e-05
-7.06886e-06
9.52407e-05
-8.76873e-06
9.61604e-05
-9.70028e-06
9.65501e-05
-9.64407e-06
9.64069e-05
-8.47177e-06
9.57076e-05
-5.92069e-06
9.51996e-05
-3.3965e-06
1.88915e-06
9.73352e-05
0.000102858
1.76804e-06
0.000104327
-1.01188e-06
0.000106064
-4.02245e-06
0.000107804
-6.58321e-06
0.000109369
-8.63431e-06
0.000110566
-9.96598e-06
0.00011127
-1.04037e-05
0.000111358
-9.73178e-06
0.000110893
-8.00705e-06
0.000110057
-5.08492e-06
0.000109098
-2.43756e-06
0.000109749
1.23749e-06
6.61258e-05
3.88485e-06
6.55452e-05
1.84775e-06
6.42704e-05
1.43566e-06
6.36034e-05
1.32366e-06
6.3451e-05
1.84628e-06
6.35957e-05
2.68696e-06
6.38597e-05
3.60734e-06
6.4118e-05
4.44079e-06
6.43034e-05
5.02344e-06
6.43939e-05
5.24669e-06
6.44368e-05
4.95456e-06
4.21668e-06
6.44627e-05
8.50767e-05
2.94097e-06
8.48176e-05
2.10657e-06
8.42164e-05
2.03654e-06
8.34211e-05
2.11877e-06
8.26423e-05
2.62485e-06
8.18964e-05
3.43259e-06
8.11502e-05
4.35342e-06
8.03702e-05
5.22059e-06
7.95504e-05
5.84326e-06
7.87188e-05
6.07824e-06
7.79691e-05
5.7043e-06
4.80637e-06
7.73795e-05
9.83447e-05
1.93126e-06
9.86893e-05
1.76165e-06
9.86816e-05
2.04408e-06
9.83197e-05
2.48044e-06
9.76847e-05
3.25959e-06
9.68128e-05
4.30428e-06
9.57269e-05
5.43913e-06
9.4464e-05
6.48337e-06
9.30912e-05
7.21589e-06
9.1726e-05
7.44348e-06
9.05391e-05
6.89125e-06
5.60636e-06
8.97392e-05
0.000110326
1.35406e-06
0.000110586
1.501e-06
0.000110543
2.08687e-06
0.000110153
2.87025e-06
0.000109419
3.99314e-06
0.00010837
5.35358e-06
0.000107054
6.75455e-06
0.000105562
7.97554e-06
0.00010403
8.74771e-06
0.000102671
8.80166e-06
0.000101734
7.82839e-06
0.000101674
5.6671e-06
6.46277e-05
2.83098e-06
6.49031e-05
1.19728e-06
6.53115e-05
-7.24289e-07
6.58114e-05
-2.76082e-06
6.63164e-05
-4.78e-06
6.67004e-05
-6.66917e-06
6.67874e-05
-8.16463e-06
6.63753e-05
-9.08801e-06
6.52388e-05
-8.96893e-06
6.31079e-05
-7.6415e-06
6.14543e-05
-4.17253e-06
8.51285e-06
6.98748e-05
7.72301e-05
2.98055e-06
7.74219e-05
1.00547e-06
7.79636e-05
-1.2659e-06
7.8756e-05
-3.55311e-06
7.96672e-05
-5.69109e-06
8.05228e-05
-7.52464e-06
8.1136e-05
-8.7777e-06
8.12993e-05
-9.25114e-06
8.0942e-05
-8.61136e-06
7.99167e-05
-6.61632e-06
7.96452e-05
-3.90092e-06
4.02868e-06
8.41293e-05
8.97684e-05
2.95157e-06
9.03147e-05
4.59353e-07
9.13325e-05
-2.28347e-06
9.26209e-05
-4.84137e-06
9.39963e-05
-7.0663e-06
9.52375e-05
-8.76579e-06
9.61569e-05
-9.69686e-06
9.65461e-05
-9.64021e-06
9.64023e-05
-8.4676e-06
9.57027e-05
-5.91651e-06
9.51944e-05
-3.39269e-06
1.89292e-06
9.73301e-05
0.000102855
1.77039e-06
0.000104324
-1.00967e-06
0.000106061
-4.02021e-06
0.0001078
-6.58065e-06
0.000109365
-8.63134e-06
0.000110562
-9.96253e-06
0.000111265
-1.03998e-05
0.000111352
-9.72745e-06
0.000110887
-8.00248e-06
0.000110051
-5.08064e-06
0.000109092
-2.43336e-06
0.000109743
1.24116e-06
6.61224e-05
3.88735e-06
6.55404e-05
1.84945e-06
6.42642e-05
1.43678e-06
6.35965e-05
1.3252e-06
6.34437e-05
1.84818e-06
6.35887e-05
2.68907e-06
6.38533e-05
3.6094e-06
6.41127e-05
4.44244e-06
6.42993e-05
5.0244e-06
6.43911e-05
5.24677e-06
6.44352e-05
4.95388e-06
4.21534e-06
6.44625e-05
8.50724e-05
2.94421e-06
8.48124e-05
2.10918e-06
8.42104e-05
2.03904e-06
8.34142e-05
2.12121e-06
8.2635e-05
2.62735e-06
8.1889e-05
3.43496e-06
8.1143e-05
4.35532e-06
8.03638e-05
5.22165e-06
7.9545e-05
5.84322e-06
7.87149e-05
6.07701e-06
7.79668e-05
5.7021e-06
4.80355e-06
7.73787e-05
9.83394e-05
1.93474e-06
9.86837e-05
1.76483e-06
9.86754e-05
2.04696e-06
9.8313e-05
2.48345e-06
9.76776e-05
3.26256e-06
9.68056e-05
4.30691e-06
9.57199e-05
5.44095e-06
9.44576e-05
6.48391e-06
9.3086e-05
7.21484e-06
9.17223e-05
7.44078e-06
9.05372e-05
6.88732e-06
5.60188e-06
8.9739e-05
0.00011032
1.35771e-06
0.00011058
1.50434e-06
0.000110537
2.09017e-06
0.000110147
2.8735e-06
0.000109413
3.99625e-06
0.000108363
5.35614e-06
0.000107048
6.75597e-06
0.000105557
7.97519e-06
0.000104026
8.74522e-06
0.00010267
8.79708e-06
0.000101735
7.82252e-06
0.000101676
5.66129e-06
6.46285e-05
2.82936e-06
6.49046e-05
1.19537e-06
6.53136e-05
-7.26484e-07
6.58138e-05
-2.76334e-06
6.6319e-05
-4.7828e-06
6.67032e-05
-6.67225e-06
6.67902e-05
-8.16802e-06
6.6378e-05
-9.09186e-06
6.52416e-05
-8.973e-06
6.31104e-05
-7.64567e-06
6.14572e-05
-4.17603e-06
8.5108e-06
7.72305e-05
2.97775e-06
7.74232e-05
1.00274e-06
7.79655e-05
-1.26865e-06
7.87582e-05
-3.55594e-06
7.96696e-05
-5.69406e-06
8.05254e-05
-7.52782e-06
8.11387e-05
-8.7812e-06
8.13021e-05
-9.25507e-06
8.09449e-05
-8.61569e-06
7.99199e-05
-6.62028e-06
7.96486e-05
-3.90505e-06
4.02592e-06
8.97694e-05
2.94773e-06
9.03164e-05
4.56012e-07
9.13345e-05
-2.28655e-06
9.26231e-05
-4.84433e-06
9.39986e-05
-7.0694e-06
9.52401e-05
-8.76913e-06
9.61597e-05
-9.70063e-06
9.65492e-05
-9.64446e-06
9.64058e-05
-8.47217e-06
9.57064e-05
-5.92101e-06
9.51984e-05
-3.39676e-06
1.88955e-06
0.000102858
1.76632e-06
0.000104327
-1.0131e-06
0.000106063
-4.02322e-06
0.000107803
-6.58364e-06
0.000109368
-8.63455e-06
0.000110565
-9.96613e-06
0.000111268
-1.04039e-05
0.000111356
-9.73203e-06
0.000110891
-8.00735e-06
0.000110055
-5.08521e-06
0.000109096
-2.43765e-06
1.23753e-06
-3.86582e-05
1.27879e-06
3.87324e-05
-3.90361e-05
1.87874e-06
-3.97672e-05
2.81952e-06
-4.08607e-05
3.96647e-06
-4.22505e-05
5.38636e-06
-4.38102e-05
6.91673e-06
-4.53689e-05
8.31581e-06
-4.67078e-05
9.31558e-06
-4.75752e-05
9.61443e-06
-4.76962e-05
8.92038e-06
-4.68272e-05
6.95607e-06
3.5689e-06
-4.47327e-05
-3.44189e-05
1.70155e-06
3.39955e-05
-3.52494e-05
2.70873e-06
-3.64069e-05
3.97649e-06
-3.78593e-05
5.41844e-06
-3.94812e-05
7.00789e-06
-4.10895e-05
8.52473e-06
-4.24573e-05
9.68341e-06
-4.33267e-05
1.01848e-05
-4.34557e-05
9.74336e-06
-4.26831e-05
8.14773e-06
-4.09309e-05
5.20363e-06
7.53361e-07
-3.81149e-05
-3.0439e-05
2.42125e-06
2.97189e-05
-3.14983e-05
3.76758e-06
-3.28247e-05
5.30245e-06
-3.43501e-05
6.94331e-06
-3.59198e-05
8.57728e-06
-3.73268e-05
9.93148e-06
-3.83312e-05
1.06875e-05
-3.86926e-05
1.05461e-05
-3.82336e-05
9.2843e-06
-3.69259e-05
6.83991e-06
-3.49111e-05
3.1888e-06
-1.94195e-06
-3.22161e-05
-2.65586e-05
2.57311e-05
3.24822e-06
-2.76475e-05
4.85599e-06
-2.89282e-05
6.58277e-06
-3.03105e-05
8.32517e-06
-3.16315e-05
9.89796e-06
-3.26803e-05
1.09801e-05
-3.32195e-05
1.12265e-05
-3.30188e-05
1.03453e-05
-3.19172e-05
8.18263e-06
-2.994e-05
4.86269e-06
-2.73832e-05
6.31865e-07
-2.6348e-05
-2.9769e-06
-4.16204e-05
-1.34405e-06
-3.9496e-05
-3.13632e-06
-3.76977e-05
-5.82087e-06
-3.6335e-05
-7.94584e-06
-3.55015e-05
-9.46742e-06
-3.52372e-05
-1.02298e-05
-3.55316e-05
-1.01084e-05
-3.62866e-05
-8.97574e-06
-3.73424e-05
-6.95e-06
-3.82941e-05
-4.1315e-06
-3.90467e-05
-1.68296e-06
9.25437e-07
-3.87326e-05
-3.41795e-05
-5.27935e-06
-3.20494e-05
-5.26646e-06
-3.06149e-05
-7.25537e-06
-2.97192e-05
-8.8417e-06
-2.9406e-05
-9.78068e-06
-2.96378e-05
-9.99798e-06
-3.03324e-05
-9.41395e-06
-3.13272e-05
-7.98101e-06
-3.24184e-05
-5.85878e-06
-3.32902e-05
-3.25994e-06
-3.39103e-05
-1.06298e-06
1.0098e-06
-3.39948e-05
-2.77928e-05
-9.70222e-06
-2.60144e-05
-7.04484e-06
-2.50841e-05
-8.18581e-06
-2.46222e-05
-9.30372e-06
-2.4652e-05
-9.75087e-06
-2.51253e-05
-9.5246e-06
-2.59447e-05
-8.59458e-06
-2.69474e-05
-6.97834e-06
-2.79493e-05
-4.85695e-06
-2.87375e-05
-2.47176e-06
-2.93415e-05
-4.59103e-07
1.38585e-06
-2.97177e-05
-2.15069e-05
-1.45428e-05
-2.06678e-05
-7.88404e-06
-2.04195e-05
-8.43431e-06
-2.03903e-05
-9.33308e-06
-2.06646e-05
-9.47673e-06
-2.12481e-05
-8.94128e-06
-2.20673e-05
-7.77545e-06
-2.29906e-05
-6.05512e-06
-2.38755e-05
-3.97215e-06
-2.45902e-05
-1.75733e-06
-2.51948e-05
1.45434e-07
-2.57296e-05
1.92058e-06
-3.86579e-05
1.28131e-06
-3.90351e-05
1.87962e-06
-3.97659e-05
2.81861e-06
-4.08596e-05
3.9647e-06
-4.225e-05
5.38424e-06
-4.38106e-05
6.91481e-06
-4.53702e-05
8.31446e-06
-4.67098e-05
9.31485e-06
-4.75776e-05
9.61414e-06
-4.76985e-05
8.92019e-06
-4.68292e-05
6.95579e-06
3.56868e-06
-4.47343e-05
-3.44176e-05
1.70404e-06
-3.52478e-05
2.70953e-06
-3.64054e-05
3.97603e-06
-3.78584e-05
5.41736e-06
-3.94812e-05
7.00669e-06
-4.10906e-05
8.52383e-06
-4.24594e-05
9.68295e-06
-4.33294e-05
1.01847e-05
-4.34585e-05
9.74312e-06
-4.26855e-05
8.14715e-06
-4.09326e-05
5.20274e-06
7.52446e-07
-3.81161e-05
-3.04374e-05
2.42362e-06
-3.14966e-05
3.76853e-06
-3.28233e-05
5.30252e-06
-3.43494e-05
6.94308e-06
-3.59202e-05
8.57714e-06
-3.73284e-05
9.93165e-06
-3.83337e-05
1.06879e-05
-3.86956e-05
1.05463e-05
-3.82366e-05
9.28392e-06
-3.69283e-05
6.83868e-06
-3.49125e-05
3.18694e-06
-1.94378e-06
-3.22165e-05
-2.65569e-05
3.25076e-06
-2.76458e-05
4.85729e-06
-2.8927e-05
6.58356e-06
-3.031e-05
8.32585e-06
-3.16321e-05
9.89888e-06
-3.2682e-05
1.09813e-05
-3.32221e-05
1.12277e-05
-3.30218e-05
1.03459e-05
-3.19201e-05
8.18202e-06
-2.99421e-05
4.86065e-06
-2.73842e-05
6.28845e-07
-2.63472e-05
-2.98084e-06
-4.16219e-05
-1.34387e-06
-3.94972e-05
-3.13629e-06
-3.76984e-05
-5.82109e-06
-3.63351e-05
-7.9464e-06
-3.55011e-05
-9.4682e-06
-3.52362e-05
-1.02308e-05
-3.55302e-05
-1.01096e-05
-3.62848e-05
-8.97714e-06
-3.73403e-05
-6.9516e-06
-3.82919e-05
-4.13352e-06
-3.90444e-05
-1.68505e-06
9.2311e-07
-3.87305e-05
-3.41806e-05
-5.2792e-06
-3.205e-05
-5.26675e-06
-3.06151e-05
-7.2561e-06
-2.97187e-05
-8.84283e-06
-2.94049e-05
-9.78204e-06
-2.96362e-05
-9.99947e-06
-3.03304e-05
-9.41554e-06
-3.13249e-05
-7.98269e-06
-3.24161e-05
-5.86057e-06
-3.32879e-05
-3.26183e-06
-3.39082e-05
-1.06514e-06
1.00775e-06
-3.39931e-05
-2.77934e-05
-9.70199e-06
-2.60147e-05
-7.04547e-06
-2.50839e-05
-8.18701e-06
-2.46213e-05
-9.30538e-06
-2.46506e-05
-9.75278e-06
-2.51235e-05
-9.52654e-06
-2.59426e-05
-8.59649e-06
-2.69451e-05
-6.98018e-06
-2.7947e-05
-4.85872e-06
-2.87354e-05
-2.47361e-06
-2.93398e-05
-4.60905e-07
1.38397e-06
-2.97165e-05
-2.15073e-05
-1.45415e-05
-2.06677e-05
-7.88499e-06
-2.0419e-05
-8.43593e-06
-2.03893e-05
-9.33519e-06
-2.06632e-05
-9.47904e-06
-2.12463e-05
-8.94356e-06
-2.20653e-05
-7.77756e-06
-2.29886e-05
-6.05702e-06
-2.38737e-05
-3.97386e-06
-2.45885e-05
-1.75889e-06
-2.51936e-05
1.43799e-07
-2.57289e-05
1.91901e-06
-3.86562e-05
1.27931e-06
-3.90337e-05
1.87799e-06
-3.97646e-05
2.81733e-06
-4.08584e-05
3.96354e-06
-4.22488e-05
5.3832e-06
-4.38097e-05
6.91406e-06
-4.53699e-05
8.31439e-06
-4.67106e-05
9.31592e-06
-4.75798e-05
9.61667e-06
-4.77022e-05
8.92397e-06
-4.68339e-05
6.95999e-06
3.5722e-06
-4.47392e-05
-3.44165e-05
1.70215e-06
-3.52469e-05
2.70789e-06
-3.64047e-05
3.97461e-06
-3.78578e-05
5.41619e-06
-3.94809e-05
7.00584e-06
-4.10908e-05
8.52358e-06
-4.24606e-05
9.6838e-06
-4.3332e-05
1.0187e-05
-4.34626e-05
9.74708e-06
-4.2691e-05
8.15225e-06
-4.09391e-05
5.2078e-06
7.56003e-07
-3.81226e-05
-3.04367e-05
2.42192e-06
-3.14962e-05
3.76695e-06
-3.28231e-05
5.30116e-06
-3.43494e-05
6.942e-06
-3.59205e-05
8.57659e-06
-3.73294e-05
9.93203e-06
-3.83357e-05
1.06898e-05
-3.8699e-05
1.055e-05
-3.82416e-05
9.28935e-06
-3.69347e-05
6.84513e-06
-3.49199e-05
3.19291e-06
-1.9401e-06
-3.2224e-05
-2.65565e-05
3.24918e-06
-2.76458e-05
4.85574e-06
-2.89272e-05
6.58221e-06
-3.03105e-05
8.32491e-06
-3.1633e-05
9.89869e-06
-3.26836e-05
1.09823e-05
-3.32246e-05
1.12305e-05
-3.30256e-05
1.03508e-05
-3.19252e-05
8.18872e-06
-2.99485e-05
4.86828e-06
-2.73914e-05
6.35659e-07
-2.63554e-05
-2.976e-06
-4.16264e-05
-1.34209e-06
-3.95018e-05
-3.134e-06
-3.77034e-05
-5.81853e-06
-3.63405e-05
-7.94341e-06
-3.5507e-05
-9.46481e-06
-3.52424e-05
-1.0227e-05
-3.55366e-05
-1.01055e-05
-3.62913e-05
-8.97272e-06
-3.73467e-05
-6.94712e-06
-3.82982e-05
-4.12916e-06
-3.90505e-05
-1.68115e-06
9.26888e-07
-3.87364e-05
-3.41861e-05
-5.27846e-06
-3.20556e-05
-5.26452e-06
-3.0621e-05
-7.2532e-06
-2.9725e-05
-8.83948e-06
-2.94115e-05
-9.77835e-06
-2.9643e-05
-9.99552e-06
-3.03372e-05
-9.41137e-06
-3.13315e-05
-7.9784e-06
-3.24224e-05
-5.85629e-06
-3.32939e-05
-3.25785e-06
-3.39139e-05
-1.06133e-06
1.0112e-06
-3.39983e-05
-2.77994e-05
-9.70281e-06
-2.60206e-05
-7.04337e-06
-2.50901e-05
-8.18387e-06
-2.46279e-05
-9.30179e-06
-2.46573e-05
-9.74891e-06
-2.51302e-05
-9.52257e-06
-2.59491e-05
-8.59246e-06
-2.69513e-05
-6.97619e-06
-2.79528e-05
-4.85488e-06
-2.87407e-05
-2.46997e-06
-2.93445e-05
-4.57654e-07
1.38706e-06
-2.97205e-05
-2.15129e-05
-1.45448e-05
-2.06734e-05
-7.88288e-06
-2.0425e-05
-8.43253e-06
-2.03955e-05
-9.33142e-06
-2.06695e-05
-9.47515e-06
-2.12524e-05
-8.93968e-06
-2.20712e-05
-7.7738e-06
-2.29941e-05
-6.05342e-06
-2.38786e-05
-3.97049e-06
-2.45929e-05
-1.75586e-06
-2.51972e-05
1.46592e-07
-2.57317e-05
1.92146e-06
-3.86618e-05
1.28288e-06
-3.90389e-05
1.88133e-06
-3.97696e-05
2.82044e-06
-4.0863e-05
3.96653e-06
-4.22528e-05
5.38574e-06
-4.38127e-05
6.91564e-06
-4.53714e-05
8.31439e-06
-4.67101e-05
9.31376e-06
-4.75771e-05
9.6121e-06
-4.76976e-05
8.91754e-06
-4.6828e-05
6.95303e-06
3.56645e-06
-4.47333e-05
-3.4421e-05
1.70548e-06
-3.52508e-05
2.71092e-06
-3.64079e-05
3.97734e-06
-3.78602e-05
5.41843e-06
-3.9482e-05
7.00723e-06
-4.10903e-05
8.52355e-06
-4.2458e-05
9.68178e-06
-4.33272e-05
1.01827e-05
-4.34559e-05
9.74071e-06
-4.26829e-05
8.14452e-06
-4.09303e-05
5.20022e-06
7.50729e-07
-3.81142e-05
-3.04399e-05
2.42473e-06
-3.14985e-05
3.76936e-06
-3.28245e-05
5.30304e-06
-3.43496e-05
6.94316e-06
-3.59192e-05
8.57651e-06
-3.73262e-05
9.93017e-06
-3.83304e-05
1.06857e-05
-3.86917e-05
1.05438e-05
-3.82327e-05
9.28146e-06
-3.69247e-05
6.83638e-06
-3.49094e-05
3.18487e-06
-1.94488e-06
-3.2214e-05
-2.65585e-05
3.25136e-06
-2.76466e-05
4.8574e-06
-2.89269e-05
6.58314e-06
-3.03089e-05
8.32483e-06
-3.16297e-05
9.89706e-06
-3.26785e-05
1.09786e-05
-3.32177e-05
1.12246e-05
-3.30171e-05
1.0343e-05
-3.19156e-05
8.17977e-06
-2.99382e-05
4.85898e-06
-2.73811e-05
6.27512e-07
-2.63443e-05
-2.9817e-06
-4.16218e-05
-1.3448e-06
-3.94975e-05
-3.137e-06
-3.76992e-05
-5.82141e-06
-3.63363e-05
-7.94638e-06
-3.55027e-05
-9.46803e-06
-3.52381e-05
-1.02305e-05
-3.55324e-05
-1.01095e-05
-3.62872e-05
-8.97716e-06
-3.73428e-05
-6.95176e-06
-3.82944e-05
-4.13379e-06
-3.90467e-05
-1.68535e-06
9.22804e-07
-3.41799e-05
-5.27893e-06
-3.20501e-05
-5.26666e-06
-3.06158e-05
-7.25581e-06
-2.972e-05
-8.8422e-06
-2.94068e-05
-9.78129e-06
-2.96386e-05
-9.99874e-06
-3.03331e-05
-9.415e-06
-3.13279e-05
-7.98244e-06
-3.24192e-05
-5.86063e-06
-3.32909e-05
-3.26215e-06
-3.39111e-05
-1.06563e-06
1.00703e-06
-2.77924e-05
-9.70016e-06
-2.60146e-05
-7.04442e-06
-2.50845e-05
-8.18602e-06
-2.46227e-05
-9.30407e-06
-2.46526e-05
-9.75135e-06
-2.5126e-05
-9.52522e-06
-2.59455e-05
-8.5955e-06
-2.69483e-05
-6.97966e-06
-2.79503e-05
-4.85871e-06
-2.87386e-05
-2.47403e-06
-2.93427e-05
-4.61674e-07
1.38293e-06
-2.15063e-05
-1.45376e-05
-2.06677e-05
-7.88301e-06
-2.04196e-05
-8.43425e-06
-2.03906e-05
-9.33322e-06
-2.06651e-05
-9.47695e-06
-2.12488e-05
-8.94165e-06
-2.20682e-05
-7.77613e-06
-2.29918e-05
-6.05625e-06
-2.38769e-05
-3.97381e-06
-2.45916e-05
-1.75948e-06
-2.51963e-05
1.42719e-07
1.91751e-06
-2.27281e-05
4.0365e-06
2.19395e-05
-2.36942e-05
5.82171e-06
-2.47701e-05
7.65831e-06
-2.58566e-05
9.41129e-06
-2.67929e-05
1.0834e-05
-2.73707e-05
1.15576e-05
-2.73423e-05
1.1198e-05
-2.6427e-05
9.42983e-06
-2.42993e-05
6.0549e-06
-2.05024e-05
1.06583e-06
-1.38968e-05
-5.97364e-06
-1.68735e-05
-1.89684e-05
4.68328e-06
1.83212e-05
-1.97091e-05
6.562e-06
-2.04787e-05
8.42759e-06
-2.11794e-05
1.01117e-05
-2.16619e-05
1.13162e-05
-2.17289e-05
1.16245e-05
-2.11314e-05
1.06004e-05
-1.95556e-05
7.85394e-06
-1.65958e-05
3.09511e-06
-1.16484e-05
-3.88148e-06
-4.9621e-06
-1.26597e-05
-2.18353e-05
-1.53325e-05
5.1257e-06
1.48897e-05
-1.57911e-05
7.02029e-06
-1.62067e-05
8.84294e-06
-1.64923e-05
1.03971e-05
-1.65219e-05
1.13458e-05
-1.61314e-05
1.12339e-05
-1.51123e-05
9.58126e-06
-1.3214e-05
5.9556e-06
-1.0226e-05
1.07156e-07
-6.19527e-06
-7.91205e-06
-2.09274e-06
-1.67617e-05
-2.39274e-05
-1.18822e-05
5.33316e-06
1.16744e-05
-1.20388e-05
7.17665e-06
-1.20948e-05
8.8987e-06
-1.19823e-05
1.02845e-05
-1.16119e-05
1.09753e-05
-1.08757e-05
1.04976e-05
-9.64945e-06
8.35496e-06
-7.81958e-06
4.12571e-06
-5.44293e-06
-2.26946e-06
-2.91465e-06
-1.04401e-05
-8.77811e-07
-1.87983e-05
-2.48051e-05
-8.67372e-06
5.29874e-06
8.70786e-06
-8.53351e-06
7.03623e-06
-8.25091e-06
8.61598e-06
-7.7837e-06
9.81716e-06
-7.08778e-06
1.02794e-05
-6.12552e-06
9.53534e-06
-4.87426e-06
7.1037e-06
-3.35617e-06
2.60764e-06
-1.77858e-06
-3.8469e-06
-4.83775e-07
-1.17348e-05
3.11916e-07
-1.95934e-05
-2.44923e-05
-5.74951e-06
5.03228e-06
6.01571e-06
-5.33298e-06
6.61956e-06
-4.74587e-06
8.02875e-06
-3.97515e-06
9.04639e-06
-3.02429e-06
9.32842e-06
-1.92755e-06
8.43855e-06
-7.55214e-07
5.93127e-06
3.7846e-07
1.47392e-06
1.21596e-06
-4.68439e-06
1.54661e-06
-1.20653e-05
1.3212e-06
-1.93677e-05
-2.31712e-05
-3.13462e-06
4.5546e-06
3.61209e-06
-2.47051e-06
5.95529e-06
-1.61657e-06
7.17485e-06
-5.89344e-07
8.01908e-06
5.6346e-07
8.17571e-06
1.74327e-06
7.25873e-06
2.80689e-06
4.8677e-06
3.59007e-06
6.90832e-07
3.81878e-06
-4.9131e-06
3.3659e-06
-1.16122e-05
2.27451e-06
-1.82761e-05
-2.08959e-05
-8.36385e-07
3.89238e-06
1.49831e-06
4.36423e-08
5.07527e-06
1.12872e-06
6.08972e-06
2.375e-06
6.77287e-06
3.69783e-06
6.85278e-06
4.94585e-06
6.01068e-06
5.92019e-06
3.89326e-06
6.43055e-06
1.80324e-07
6.17639e-06
-4.65891e-06
5.0405e-06
-1.04765e-05
3.09414e-06
-1.63294e-05
-1.78019e-05
1.15641e-06
3.07516e-06
-3.39022e-07
2.22133e-06
4.00985e-06
3.50688e-06
4.80472e-06
4.94603e-06
5.33311e-06
6.42644e-06
5.37298e-06
7.75269e-06
4.68412e-06
8.68179e-06
2.96433e-06
9.00671e-06
-1.44216e-07
8.36835e-06
-4.02117e-06
6.60177e-06
-8.70884e-06
3.79728e-06
-1.35258e-05
-1.4004e-05
2.87836e-06
2.13061e-06
-1.93419e-06
4.10087e-06
2.78725e-06
5.56234e-06
3.34338e-06
7.18011e-06
3.71523e-06
8.82003e-06
3.73325e-06
1.02484e-05
3.25569e-06
1.11795e-05
2.0334e-06
1.13966e-05
-3.61314e-07
1.04384e-05
-3.06298e-06
8.05312e-06
-6.32346e-06
4.33845e-06
-9.81133e-06
-9.66606e-06
4.41665e-06
1.08668e-06
-3.37366e-06
5.77182e-06
1.43176e-06
7.3904e-06
1.725e-06
9.18016e-06
1.92524e-06
1.0985e-05
1.92865e-06
1.25497e-05
1.69086e-06
1.3519e-05
1.06424e-06
1.36607e-05
-5.0291e-07
1.2367e-05
-1.76945e-06
9.36927e-06
-3.32556e-06
4.79041e-06
-5.23302e-06
-4.87662e-06
5.94195e-06
-4.8557e-06
7.37377e-06
9.09871e-06
1.1024e-05
1.29526e-05
1.46435e-05
1.57078e-05
1.52048e-05
1.34354e-05
1.01098e-05
4.87662e-06
-1.33749e-05
-1.16834e-06
-1.56676e-05
-5.59164e-06
-1.63141e-05
-7.78826e-06
-1.67245e-05
-8.92287e-06
-1.71854e-05
-9.01585e-06
-1.78124e-05
-8.31425e-06
-1.85789e-05
-7.00898e-06
-1.93943e-05
-5.23974e-06
-2.01584e-05
-3.20817e-06
-2.07946e-05
-1.12113e-06
-2.13686e-05
7.19312e-07
2.48971e-06
-2.19379e-05
-8.47095e-06
7.30351e-06
-1.16284e-05
-2.43421e-06
-1.27987e-05
-6.61818e-06
-1.35073e-05
-8.21448e-06
-1.40917e-05
-8.43168e-06
-1.47237e-05
-7.68236e-06
-1.54181e-05
-6.31472e-06
-1.61207e-05
-4.53733e-06
-1.67651e-05
-2.56385e-06
-1.73096e-05
-5.7682e-07
-1.78118e-05
1.22136e-06
2.99751e-06
-1.83197e-05
-5.70496e-06
1.30086e-05
-8.46294e-06
3.23313e-07
-9.81192e-06
-5.2696e-06
-1.06602e-05
-7.36626e-06
-1.13121e-05
-7.77983e-06
-1.1928e-05
-7.06644e-06
-1.25481e-05
-5.69457e-06
-1.31441e-05
-3.9414e-06
-1.36731e-05
-2.03498e-06
-1.41124e-05
-1.37572e-07
-1.45069e-05
1.61574e-06
3.37862e-06
-1.48882e-05
-3.76944e-06
1.67776e-05
-5.92857e-06
2.48233e-06
-7.23954e-06
-3.95884e-06
-8.11851e-06
-6.48748e-06
-8.79539e-06
-7.10311e-06
-9.38828e-06
-6.4737e-06
-9.94259e-06
-5.14042e-06
-1.04448e-05
-3.43932e-06
-1.08665e-05
-1.61344e-06
-1.11933e-05
1.891e-07
-1.14564e-05
1.87869e-06
3.595e-06
-1.16729e-05
-2.18696e-06
1.89683e-05
-3.77375e-06
4.06905e-06
-4.95933e-06
-2.77345e-06
-5.81479e-06
-5.63191e-06
-6.49868e-06
-6.41909e-06
-7.07545e-06
-5.89689e-06
-7.57978e-06
-4.63616e-06
-8.00546e-06
-3.01371e-06
-8.33209e-06
-1.28692e-06
-8.54766e-06
4.04589e-07
-8.67031e-06
2.0012e-06
3.63098e-06
-8.7064e-06
-7.88745e-07
1.97555e-05
-1.83767e-06
5.1173e-06
-2.86933e-06
-1.74212e-06
-3.68897e-06
-4.81238e-06
-4.38411e-06
-5.72405e-06
-4.96424e-06
-5.31691e-06
-5.44071e-06
-4.15985e-06
-5.81062e-06
-2.64397e-06
-6.05822e-06
-1.03946e-06
-6.17122e-06
5.17441e-07
-6.15702e-06
1.98688e-06
3.48816e-06
-6.0143e-06
5.23316e-07
1.92358e-05
-1.68315e-08
5.65832e-06
-8.87308e-07
-8.71513e-07
-1.68932e-06
-4.01037e-06
-2.42036e-06
-4.99299e-06
-3.03119e-06
-4.7061e-06
-3.50717e-06
-3.68403e-06
-3.84518e-06
-2.30605e-06
-4.03293e-06
-8.51867e-07
-4.05751e-06
5.41938e-07
-3.91872e-06
1.84793e-06
3.18002e-06
-3.61071e-06
1.77864e-06
1.7459e-05
1.74247e-06
5.69289e-06
1.04244e-06
-1.72411e-07
2.27941e-07
-3.19602e-06
-5.74815e-07
-4.19027e-06
-1.25158e-06
-4.02952e-06
-1.75895e-06
-3.17683e-06
-2.09158e-06
-1.97364e-06
-2.24083e-06
-7.02778e-07
-2.19477e-06
4.9568e-07
-1.94938e-06
1.60239e-06
2.72745e-06
-1.49693e-06
2.96114e-06
1.44905e-05
3.46184e-06
5.1962e-06
2.95214e-06
3.3785e-07
2.09811e-06
-2.34281e-06
1.187e-06
-3.27953e-06
4.04763e-07
-3.24718e-06
-1.69618e-07
-2.60302e-06
-5.25804e-07
-1.6173e-06
-6.5918e-07
-5.69834e-07
-5.62046e-07
3.98655e-07
-2.31432e-07
1.27161e-06
2.15545e-06
3.40435e-07
4.10788e-06
1.03807e-05
5.13745e-06
4.16723e-06
4.85682e-06
6.17746e-07
3.95963e-06
-1.44684e-06
2.91658e-06
-2.23702e-06
1.991e-06
-2.32197e-06
1.30827e-06
-1.92087e-06
8.93509e-07
-1.20286e-06
7.51159e-07
-4.27875e-07
8.79341e-07
2.70333e-07
1.27168e-06
8.7917e-07
1.49138e-06
1.93559e-06
5.0135e-06
5.3623e-06
6.72752e-06
2.45268e-06
6.7562e-06
5.87448e-07
5.88421e-06
-5.76868e-07
4.73159e-06
-1.08563e-06
3.63434e-06
-1.22568e-06
2.7852e-06
-1.0731e-06
2.26013e-06
-6.787e-07
2.07676e-06
-2.45518e-07
2.21564e-06
1.31066e-07
2.6462e-06
4.48325e-07
7.62357e-07
3.37486e-06
5.3622e-06
7.81459e-06
8.40156e-06
7.82445e-06
6.73864e-06
5.51269e-06
4.4394e-06
3.76047e-06
3.51487e-06
3.64587e-06
4.09412e-06
4.85642e-06
-2.27264e-05
4.03917e-06
-2.36926e-05
5.82337e-06
-2.4769e-05
7.65977e-06
-2.58562e-05
9.41283e-06
-2.67934e-05
1.08358e-05
-2.73722e-05
1.15597e-05
-2.73446e-05
1.11998e-05
-2.64296e-05
9.43065e-06
-2.43018e-05
6.05399e-06
-2.05043e-05
1.06298e-06
-1.38976e-05
-5.97791e-06
-1.68785e-05
-1.89668e-05
4.6862e-06
-1.97076e-05
6.56406e-06
-2.04776e-05
8.42969e-06
-2.1179e-05
1.0114e-05
-2.16622e-05
1.13189e-05
-2.17301e-05
1.16274e-05
-2.11332e-05
1.06027e-05
-1.95577e-05
7.85492e-06
-1.65978e-05
3.09395e-06
-1.16498e-05
-3.88502e-06
-4.96295e-06
-1.2665e-05
-2.18419e-05
-1.53309e-05
5.1288e-06
-1.57896e-05
7.02268e-06
-1.62055e-05
8.84557e-06
-1.64916e-05
1.04e-05
-1.65219e-05
1.1349e-05
-1.6132e-05
1.12372e-05
-1.51134e-05
9.58397e-06
-1.32153e-05
5.95667e-06
-1.02273e-05
1.05835e-07
-6.19643e-06
-7.91597e-06
-2.09353e-06
-1.67678e-05
-2.39351e-05
-1.18805e-05
5.33637e-06
-1.20372e-05
7.17928e-06
-1.20934e-05
8.90177e-06
-1.19813e-05
1.02877e-05
-1.16114e-05
1.0979e-05
-1.08756e-05
1.05013e-05
-9.64969e-06
8.35789e-06
-7.82002e-06
4.12685e-06
-5.44349e-06
-2.27082e-06
-2.91528e-06
-1.04442e-05
-8.78379e-07
-1.88049e-05
-2.4814e-05
-8.67204e-06
5.30193e-06
-8.53178e-06
7.03897e-06
-8.24933e-06
8.61926e-06
-7.78231e-06
9.82071e-06
-7.08666e-06
1.02833e-05
-6.12461e-06
9.53915e-06
-4.87355e-06
7.10671e-06
-3.35563e-06
2.60882e-06
-1.77824e-06
-3.84824e-06
-4.83601e-07
-1.17389e-05
3.12005e-07
-1.96004e-05
-2.45016e-05
-5.74774e-06
5.03529e-06
-5.33107e-06
6.62225e-06
-4.74397e-06
8.03217e-06
-3.97329e-06
9.04997e-06
-3.02248e-06
9.33235e-06
-1.92579e-06
8.44232e-06
-7.53531e-07
5.93429e-06
3.80017e-07
1.4751e-06
1.21727e-06
-4.68564e-06
1.54762e-06
-1.20694e-05
1.32179e-06
-1.93747e-05
-2.31804e-05
-3.13273e-06
4.55721e-06
-2.46837e-06
5.95784e-06
-1.61434e-06
7.17811e-06
-5.8698e-07
8.02255e-06
5.65926e-07
8.17945e-06
1.74587e-06
7.2623e-06
2.80951e-06
4.87054e-06
3.59261e-06
6.91956e-07
3.82104e-06
-4.91423e-06
3.36771e-06
-1.1616e-05
2.2756e-06
-1.82827e-05
-2.09045e-05
-8.34353e-07
3.89454e-06
4.60057e-08
5.07743e-06
1.13127e-06
6.09281e-06
2.37782e-06
6.77599e-06
3.7009e-06
6.85619e-06
4.9492e-06
6.01387e-06
5.92367e-06
3.89586e-06
6.434e-06
1.8135e-07
6.17952e-06
-4.65986e-06
5.04302e-06
-1.04799e-05
3.09562e-06
-1.63353e-05
-1.78094e-05
1.15853e-06
3.07637e-06
2.22393e-06
4.01198e-06
3.50965e-06
4.8071e-06
4.94924e-06
5.33589e-06
6.43e-06
5.37574e-06
7.75668e-06
4.68689e-06
8.686e-06
2.96646e-06
9.01095e-06
-1.43298e-07
8.37226e-06
-4.02197e-06
6.60494e-06
-8.71147e-06
3.79907e-06
-1.35306e-05
-1.40099e-05
2.88058e-06
2.13126e-06
4.10358e-06
2.78896e-06
5.56531e-06
3.34502e-06
7.18356e-06
3.71724e-06
8.82398e-06
3.73521e-06
1.02529e-05
3.25771e-06
1.11843e-05
2.03496e-06
1.14015e-05
-3.60683e-07
1.0443e-05
-3.06361e-06
8.05685e-06
-6.32531e-06
4.3405e-06
-9.81472e-06
-9.67015e-06
4.41874e-06
1.08713e-06
5.77455e-06
1.43293e-06
7.39344e-06
1.72546e-06
9.18377e-06
1.92607e-06
1.09892e-05
1.92941e-06
1.25546e-05
1.69181e-06
1.35243e-05
1.06494e-06
1.36662e-05
-5.0283e-07
1.23722e-05
-1.76998e-06
9.37343e-06
-3.32655e-06
4.79264e-06
-5.23481e-06
-4.87898e-06
5.94351e-06
7.37631e-06
9.10159e-06
1.10276e-05
1.29569e-05
1.46487e-05
1.57136e-05
1.52106e-05
1.34407e-05
1.0114e-05
4.87898e-06
-1.33752e-05
-1.16666e-06
-1.56675e-05
-5.59303e-06
-1.63134e-05
-7.79021e-06
-1.67234e-05
-8.92531e-06
-1.71841e-05
-9.01844e-06
-1.78108e-05
-8.31676e-06
-1.85772e-05
-7.0112e-06
-1.93927e-05
-5.24162e-06
-2.0157e-05
-3.20973e-06
-2.07935e-05
-1.12254e-06
-2.13679e-05
7.18025e-07
2.48834e-06
-2.19376e-05
-8.47112e-06
7.30469e-06
-1.16282e-05
-2.43599e-06
-1.27981e-05
-6.62041e-06
-1.35065e-05
-8.21711e-06
-1.40906e-05
-8.43444e-06
-1.47226e-05
-7.68495e-06
-1.5417e-05
-6.31696e-06
-1.61196e-05
-4.53912e-06
-1.67643e-05
-2.56524e-06
-1.73091e-05
-5.77933e-07
-1.78116e-05
1.22026e-06
2.99637e-06
-1.83199e-05
-5.70496e-06
1.30097e-05
-8.46275e-06
3.21454e-07
-9.8115e-06
-5.27193e-06
-1.06597e-05
-7.36894e-06
-1.13114e-05
-7.7826e-06
-1.19273e-05
-7.06903e-06
-1.25476e-05
-5.69674e-06
-1.31438e-05
-3.94305e-06
-1.3673e-05
-2.03617e-06
-1.41126e-05
-1.385e-07
-1.45074e-05
1.61491e-06
3.37766e-06
-1.4889e-05
-3.76946e-06
1.6778e-05
-5.92848e-06
2.48036e-06
-7.23932e-06
-3.96117e-06
-8.11828e-06
-6.49016e-06
-8.79523e-06
-7.10579e-06
-9.38822e-06
-6.47617e-06
-9.94267e-06
-5.14244e-06
-1.04451e-05
-3.44077e-06
-1.08671e-05
-1.61441e-06
-1.11942e-05
1.88433e-07
-1.14575e-05
1.87805e-06
3.59422e-06
-1.16743e-05
-2.18708e-06
1.89687e-05
-3.77382e-06
4.06709e-06
-4.95937e-06
-2.77564e-06
-5.81494e-06
-5.63436e-06
-6.49902e-06
-6.42154e-06
-7.07598e-06
-5.89915e-06
-7.58051e-06
-4.63797e-06
-8.00644e-06
-3.01494e-06
-8.33334e-06
-1.28767e-06
-8.54919e-06
4.04119e-07
-8.67212e-06
2.0008e-06
3.6304e-06
-8.70852e-06
-7.89068e-07
1.97553e-05
-1.83797e-06
5.11543e-06
-2.86967e-06
-1.74417e-06
-3.68953e-06
-4.81457e-06
-4.38496e-06
-5.7262e-06
-4.96536e-06
-5.31888e-06
-5.44208e-06
-4.16137e-06
-5.81227e-06
-2.64493e-06
-6.06015e-06
-1.03996e-06
-6.17342e-06
5.17201e-07
-6.15947e-06
1.98667e-06
3.48779e-06
-6.01707e-06
5.22837e-07
1.92357e-05
-1.74807e-08
5.65651e-06
-8.88037e-07
-8.73274e-07
-1.69032e-06
-4.01215e-06
-2.42173e-06
-4.99474e-06
-3.03287e-06
-4.70773e-06
-3.50915e-06
-3.68525e-06
-3.84744e-06
-2.30673e-06
-4.03549e-06
-8.52152e-07
-4.06032e-06
5.4187e-07
-3.92177e-06
1.84796e-06
3.1799e-06
-3.61407e-06
1.77793e-06
1.74583e-05
1.74138e-06
5.69121e-06
1.04125e-06
-1.73783e-07
2.26468e-07
-3.19727e-06
-5.7669e-07
-4.19159e-06
-1.25379e-06
-4.03084e-06
-1.76147e-06
-3.17772e-06
-2.09439e-06
-1.97405e-06
-2.24394e-06
-7.02836e-07
-2.1981e-06
4.95763e-07
-1.95291e-06
1.60258e-06
2.72754e-06
-1.50079e-06
2.96023e-06
1.44906e-05
3.4602e-06
5.19451e-06
2.95044e-06
3.3697e-07
2.09615e-06
-2.34365e-06
1.18464e-06
-3.28052e-06
4.02106e-07
-3.24813e-06
-1.72602e-07
-2.60363e-06
-5.29066e-07
-1.61743e-06
-6.62752e-07
-5.6976e-07
-5.65767e-07
3.98902e-07
-2.35315e-07
1.27199e-06
2.15585e-06
3.36258e-07
4.10645e-06
1.03804e-05
5.13516e-06
4.16526e-06
4.85458e-06
6.17451e-07
3.95724e-06
-1.44703e-06
2.91385e-06
-2.23772e-06
1.98797e-06
-2.32269e-06
1.30494e-06
-1.9212e-06
8.89914e-07
-1.2028e-06
7.4728e-07
-4.27727e-07
8.75373e-07
2.70629e-07
1.26766e-06
8.79686e-07
1.49173e-06
1.93124e-06
5.01185e-06
5.36092e-06
6.72454e-06
2.45079e-06
6.75351e-06
5.88024e-07
5.8816e-06
-5.76362e-07
4.72867e-06
-1.08606e-06
3.63111e-06
-1.22615e-06
2.78169e-06
-1.07322e-06
2.2564e-06
-6.78651e-07
2.07279e-06
-2.45613e-07
2.21168e-06
1.31253e-07
2.6423e-06
4.48722e-07
7.62205e-07
3.37064e-06
5.36049e-06
7.81121e-06
8.39896e-06
7.82235e-06
6.73611e-06
5.50967e-06
4.43623e-06
3.75724e-06
3.51151e-06
3.6427e-06
4.09118e-06
4.85308e-06
-2.27265e-05
4.03777e-06
-2.3693e-05
5.82192e-06
-2.47697e-05
7.65853e-06
-2.58571e-05
9.41206e-06
-2.67948e-05
1.0836e-05
-2.73741e-05
1.15613e-05
-2.73472e-05
1.12034e-05
-2.64331e-05
9.43638e-06
-2.4306e-05
6.06142e-06
-2.05088e-05
1.07094e-06
-1.39014e-05
-5.97181e-06
-1.68773e-05
-1.89673e-05
4.68492e-06
-1.97084e-05
6.56266e-06
-2.04787e-05
8.42853e-06
-2.11803e-05
1.01134e-05
-2.16639e-05
1.13194e-05
-2.17321e-05
1.16293e-05
-2.11357e-05
1.06068e-05
-1.95606e-05
7.86106e-06
-1.66007e-05
3.10144e-06
-1.1652e-05
-3.87775e-06
-4.96353e-06
-1.26602e-05
-2.1841e-05
-1.5332e-05
5.12766e-06
-1.57909e-05
7.02137e-06
-1.62071e-05
8.8445e-06
-1.64934e-05
1.03995e-05
-1.65239e-05
1.13497e-05
-1.61341e-05
1.12394e-05
-1.51156e-05
9.58819e-06
-1.32175e-05
5.96278e-06
-1.0229e-05
1.12835e-07
-6.19707e-06
-7.90957e-06
-2.09327e-06
-1.67639e-05
-2.39337e-05
-1.18823e-05
5.33536e-06
-1.20391e-05
7.17802e-06
-1.20956e-05
8.90073e-06
-1.19835e-05
1.02873e-05
-1.16137e-05
1.09797e-05
-1.08778e-05
1.05034e-05
-9.65179e-06
8.36199e-06
-7.82173e-06
4.13261e-06
-5.44443e-06
-2.26448e-06
-2.91538e-06
-1.04386e-05
-8.77961e-07
-1.88011e-05
-2.48119e-05
-8.67444e-06
5.30106e-06
-8.53436e-06
7.03779e-06
-8.25205e-06
8.61828e-06
-7.78506e-06
9.82017e-06
-7.08937e-06
1.0284e-05
-6.12712e-06
9.54108e-06
-4.87569e-06
7.11053e-06
-3.35719e-06
2.61405e-06
-1.779e-06
-3.84271e-06
-4.83746e-07
-1.17336e-05
3.12101e-07
-1.95968e-05
-2.44988e-05
-5.7508e-06
5.03464e-06
-5.3343e-06
6.62111e-06
-4.74733e-06
8.0312e-06
-3.9766e-06
9.04932e-06
-3.02571e-06
9.33301e-06
-1.92867e-06
8.44393e-06
-7.55914e-07
5.93766e-06
3.78302e-07
1.47971e-06
1.21638e-06
-4.68083e-06
1.54717e-06
-1.20644e-05
1.32173e-06
-1.93712e-05
-2.31774e-05
-3.13641e-06
4.55674e-06
-2.47221e-06
5.95686e-06
-1.61833e-06
7.17716e-06
-5.90856e-07
8.02188e-06
5.62145e-07
8.17993e-06
1.74255e-06
7.26357e-06
2.80676e-06
4.87343e-06
3.59056e-06
6.95864e-07
3.81986e-06
-4.91006e-06
3.36692e-06
-1.16115e-05
2.27532e-06
-1.82795e-05
-2.09016e-05
-8.38562e-07
3.89441e-06
4.16128e-08
5.07651e-06
1.12673e-06
6.09201e-06
2.37341e-06
6.77504e-06
3.69661e-06
6.85672e-06
4.94543e-06
6.0146e-06
5.9205e-06
3.89824e-06
6.43158e-06
1.84675e-07
6.17802e-06
-4.65678e-06
5.04196e-06
-1.04753e-05
3.09522e-06
-1.63329e-05
-1.78065e-05
1.15387e-06
3.07614e-06
2.21917e-06
4.01163e-06
3.50458e-06
4.80587e-06
4.94452e-06
5.3357e-06
6.4252e-06
5.37546e-06
7.75257e-06
4.68768e-06
8.6825e-06
2.96827e-06
9.00809e-06
-1.41147e-07
8.37073e-06
-4.01862e-06
6.60345e-06
-8.70911e-06
3.79881e-06
-1.35276e-05
-1.40084e-05
2.87575e-06
2.13108e-06
4.0985e-06
2.78869e-06
5.56002e-06
3.34404e-06
7.17852e-06
3.7172e-06
8.81895e-06
3.73486e-06
1.02485e-05
3.25825e-06
1.11805e-05
2.03621e-06
1.13985e-05
-3.59084e-07
1.04412e-05
-3.06134e-06
8.05546e-06
-6.3238e-06
4.34009e-06
-9.81283e-06
-9.66936e-06
4.41397e-06
1.08644e-06
5.76948e-06
1.43267e-06
7.38808e-06
1.72471e-06
9.1787e-06
1.92653e-06
1.09841e-05
1.92908e-06
1.25501e-05
1.69234e-06
1.35205e-05
1.06577e-06
1.36632e-05
-5.0189e-07
1.23705e-05
-1.76869e-06
9.3722e-06
-3.32631e-06
4.79236e-06
-5.23387e-06
-4.87899e-06
5.93942e-06
7.37193e-06
9.09663e-06
1.10231e-05
1.29522e-05
1.46445e-05
1.57103e-05
1.52084e-05
1.34396e-05
1.01132e-05
4.87899e-06
-1.3379e-05
-1.16647e-06
-1.56724e-05
-5.58981e-06
-1.63188e-05
-7.78648e-06
-1.6729e-05
-8.92143e-06
-1.71896e-05
-9.01461e-06
-1.78162e-05
-8.31308e-06
-1.85822e-05
-7.00778e-06
-1.93972e-05
-5.23849e-06
-2.01608e-05
-3.20693e-06
-2.07967e-05
-1.12006e-06
-2.13703e-05
7.20101e-07
2.49016e-06
-2.19392e-05
-8.47383e-06
7.30837e-06
-1.16322e-05
-2.43147e-06
-1.28026e-05
-6.61629e-06
-1.35111e-05
-8.21317e-06
-1.40951e-05
-8.43073e-06
-1.47268e-05
-7.68155e-06
-1.54208e-05
-6.31394e-06
-1.61229e-05
-4.53651e-06
-1.67669e-05
-2.56301e-06
-1.73111e-05
-5.76119e-07
-1.78128e-05
1.22174e-06
2.99748e-06
-1.83202e-05
-5.70704e-06
1.30154e-05
-8.46576e-06
3.26779e-07
-9.81487e-06
-5.26759e-06
-1.06631e-05
-7.36505e-06
-1.13147e-05
-7.77911e-06
-1.19303e-05
-7.06597e-06
-1.25501e-05
-5.69416e-06
-1.31457e-05
-3.94096e-06
-1.36743e-05
-2.03451e-06
-1.41132e-05
-1.37246e-07
-1.45074e-05
1.61573e-06
3.37814e-06
-1.48882e-05
-3.77078e-06
1.67859e-05
-5.93042e-06
2.48632e-06
-7.24152e-06
-3.9567e-06
-8.12043e-06
-6.48632e-06
-8.79716e-06
-7.10255e-06
-9.38979e-06
-6.47347e-06
-9.94378e-06
-5.14033e-06
-1.04457e-05
-3.43922e-06
-1.0867e-05
-1.6133e-06
-1.11935e-05
1.89119e-07
-1.14563e-05
1.87835e-06
3.59413e-06
-1.16724e-05
-2.18761e-06
1.89772e-05
-3.77462e-06
4.07326e-06
-4.96031e-06
-2.77122e-06
-5.81574e-06
-5.63078e-06
-6.49953e-06
-6.41864e-06
-7.07613e-06
-5.89683e-06
-7.58021e-06
-4.63631e-06
-8.0056e-06
-3.01389e-06
-8.33195e-06
-1.28707e-06
-8.54726e-06
4.0434e-07
-8.66967e-06
2.00062e-06
3.62985e-06
-8.70551e-06
-7.88723e-07
1.97646e-05
-1.83759e-06
5.12148e-06
-2.86931e-06
-1.73982e-06
-3.68894e-06
-4.81127e-06
-4.38403e-06
-5.72364e-06
-4.96408e-06
-5.31693e-06
-5.44038e-06
-4.16015e-06
-5.81008e-06
-2.64437e-06
-6.05746e-06
-1.03981e-06
-6.17027e-06
5.16998e-07
-6.15591e-06
1.98612e-06
3.4869e-06
-6.01308e-06
5.23945e-07
1.92443e-05
-1.587e-08
5.6622e-06
-8.86347e-07
-8.69227e-07
-1.68834e-06
-4.00926e-06
-2.41938e-06
-4.99259e-06
-3.03019e-06
-4.70614e-06
-3.50611e-06
-3.68441e-06
-3.84396e-06
-2.30658e-06
-4.03158e-06
-8.52367e-07
-4.05603e-06
5.41377e-07
-3.91719e-06
1.84709e-06
3.17874e-06
-3.60918e-06
1.77978e-06
1.74665e-05
1.7442e-06
5.69622e-06
1.04425e-06
-1.70177e-07
2.29804e-07
-3.19498e-06
-5.72973e-07
-4.18984e-06
-1.24978e-06
-4.02952e-06
-1.75717e-06
-3.17717e-06
-2.08972e-06
-1.97427e-06
-2.23891e-06
-7.03324e-07
-2.1928e-06
4.95048e-07
-1.94743e-06
1.60156e-06
2.72626e-06
-1.49511e-06
2.96264e-06
1.44965e-05
3.4642e-06
5.19884e-06
2.95465e-06
3.39795e-07
2.10078e-06
-2.34179e-06
1.18964e-06
-3.27918e-06
4.07357e-07
-3.24703e-06
-1.67148e-07
-2.60334e-06
-5.23296e-07
-1.61786e-06
-6.56718e-07
-5.70446e-07
-5.59572e-07
3.98108e-07
-2.29071e-07
1.27087e-06
2.15445e-06
3.42577e-07
4.10959e-06
1.03851e-05
5.14021e-06
4.1689e-06
4.85992e-06
6.19361e-07
3.96299e-06
-1.44605e-06
2.92e-06
-2.23672e-06
1.99435e-06
-2.32174e-06
1.31146e-06
-1.92105e-06
8.96652e-07
-1.20336e-06
7.54192e-07
-4.28411e-07
8.82326e-07
2.69915e-07
1.27449e-06
8.78627e-07
1.49064e-06
1.9381e-06
5.01555e-06
5.36495e-06
6.73056e-06
2.4535e-06
6.75983e-06
5.88474e-07
5.88829e-06
-5.76464e-07
4.73581e-06
-1.08549e-06
3.63854e-06
-1.22537e-06
2.78922e-06
-1.07314e-06
2.26401e-06
-6.79018e-07
2.08044e-06
-2.45899e-07
2.21923e-06
1.30926e-07
2.64956e-06
4.48063e-07
7.61914e-07
3.37786e-06
5.36489e-06
7.81809e-06
8.40611e-06
7.8294e-06
6.74375e-06
5.5181e-06
4.44479e-06
3.76553e-06
3.51958e-06
3.65047e-06
4.09843e-06
4.86028e-06
-2.27271e-05
4.03919e-06
-2.36925e-05
5.82271e-06
-2.4768e-05
7.65841e-06
-2.58541e-05
9.41075e-06
-2.67903e-05
1.08329e-05
-2.73681e-05
1.15562e-05
-2.73398e-05
1.11961e-05
-2.64247e-05
9.42769e-06
-2.42974e-05
6.05229e-06
-2.0501e-05
1.06239e-06
-1.38956e-05
-5.97795e-06
-1.68774e-05
-1.89667e-05
4.6856e-06
-1.97068e-05
6.56265e-06
-2.04759e-05
8.42747e-06
-2.11764e-05
1.0111e-05
-2.16587e-05
1.13151e-05
-2.17259e-05
1.16231e-05
-2.11287e-05
1.05987e-05
-1.95533e-05
7.85211e-06
-1.65941e-05
3.09299e-06
-1.16475e-05
-3.88427e-06
-4.96208e-06
-1.26635e-05
-2.18398e-05
-1.53303e-05
5.12765e-06
-1.57883e-05
7.02061e-06
-1.62036e-05
8.84263e-06
-1.64889e-05
1.03963e-05
-1.65186e-05
1.13446e-05
-1.61282e-05
1.12325e-05
-1.51095e-05
9.57984e-06
-1.32117e-05
5.95418e-06
-1.02244e-05
1.05605e-07
-6.19454e-06
-7.91424e-06
-2.09272e-06
-1.67653e-05
-2.39322e-05
-1.18796e-05
5.33477e-06
-1.20357e-05
7.17671e-06
-1.20914e-05
8.8983e-06
-1.19788e-05
1.02836e-05
-1.16086e-05
1.09743e-05
-1.08726e-05
1.04964e-05
-9.64677e-06
8.35385e-06
-7.81744e-06
4.12471e-06
-5.44142e-06
-2.27054e-06
-2.91371e-06
-1.0442e-05
-8.77432e-07
-1.88017e-05
-2.48102e-05
-8.67087e-06
5.30005e-06
-8.5303e-06
7.03607e-06
-8.24753e-06
8.61549e-06
-7.78029e-06
9.81632e-06
-7.08453e-06
1.02784e-05
-6.12255e-06
9.53436e-06
-4.8717e-06
7.10289e-06
-3.35408e-06
2.607e-06
-1.77697e-06
-3.84766e-06
-4.82561e-07
-1.17365e-05
3.12618e-07
-1.95968e-05
-2.44971e-05
-5.74641e-06
5.03329e-06
-5.32964e-06
6.61926e-06
-4.74247e-06
8.02834e-06
-3.9718e-06
9.04562e-06
-3.02114e-06
9.32767e-06
-1.92471e-06
8.43781e-06
-7.52734e-07
5.93076e-06
3.80559e-07
1.47354e-06
1.21771e-06
-4.68496e-06
1.54804e-06
-1.20669e-05
1.32208e-06
-1.93709e-05
-2.31756e-05
-3.13127e-06
4.55526e-06
-2.46702e-06
5.95497e-06
-1.61315e-06
7.17446e-06
-5.86051e-07
8.01844e-06
5.66514e-07
8.17514e-06
1.74603e-06
7.25821e-06
2.80932e-06
4.8674e-06
3.5922e-06
6.90629e-07
3.82066e-06
-4.91354e-06
3.36747e-06
-1.16136e-05
2.27548e-06
-1.8279e-05
-2.08997e-05
-8.32742e-07
3.89279e-06
4.73083e-08
5.07489e-06
1.13218e-06
6.08955e-06
2.37826e-06
6.7724e-06
3.70083e-06
6.85242e-06
4.94855e-06
6.01037e-06
5.92261e-06
3.89313e-06
6.43273e-06
1.80268e-07
6.17836e-06
-4.65929e-06
5.04216e-06
-1.04778e-05
3.09516e-06
-1.6332e-05
-1.78051e-05
1.16033e-06
3.07494e-06
2.22527e-06
4.00991e-06
3.51041e-06
4.80445e-06
4.9493e-06
5.33289e-06
6.42941e-06
5.37274e-06
7.75538e-06
4.684e-06
8.68425e-06
2.96432e-06
9.00894e-06
-1.44213e-07
8.37042e-06
-4.02144e-06
6.6035e-06
-8.70984e-06
3.7983e-06
-1.35279e-05
-1.40064e-05
2.88266e-06
2.13024e-06
4.10507e-06
2.78749e-06
5.56604e-06
3.34307e-06
7.18344e-06
3.71505e-06
8.82305e-06
3.73307e-06
1.02511e-05
3.25565e-06
1.1182e-05
2.03342e-06
1.13989e-05
-3.61288e-07
1.04405e-05
-3.06321e-06
8.05493e-06
-6.32419e-06
4.33945e-06
-9.81284e-06
-9.66763e-06
4.42125e-06
1.08657e-06
5.77637e-06
1.43213e-06
7.39433e-06
1.72435e-06
9.18364e-06
1.92483e-06
1.09881e-05
1.9283e-06
1.25526e-05
1.6907e-06
1.35216e-05
1.06414e-06
1.36632e-05
-5.03068e-07
1.23693e-05
-1.76971e-06
9.37116e-06
-3.32602e-06
4.79136e-06
-5.23386e-06
-4.87766e-06
5.94681e-06
7.37879e-06
9.10294e-06
1.10277e-05
1.29559e-05
1.46466e-05
1.57107e-05
1.52075e-05
1.34378e-05
1.01117e-05
4.87766e-06
-1.33749e-05
-1.16313e-06
-1.56676e-05
-5.5906e-06
-1.63141e-05
-7.78801e-06
-1.67246e-05
-8.92276e-06
-1.71858e-05
-9.01575e-06
-1.78131e-05
-8.31431e-06
-1.85799e-05
-7.00936e-06
-1.93956e-05
-5.24063e-06
-2.01598e-05
-3.20965e-06
-2.07962e-05
-1.12328e-06
-2.13703e-05
7.1659e-07
2.48644e-06
-8.47087e-06
7.30802e-06
-1.16282e-05
-2.43323e-06
-1.27986e-05
-6.61776e-06
-1.35074e-05
-8.2141e-06
-1.4092e-05
-8.43128e-06
-1.47244e-05
-7.68204e-06
-1.54191e-05
-6.31478e-06
-1.6122e-05
-4.53795e-06
-1.67666e-05
-2.56518e-06
-1.73112e-05
-5.78875e-07
-1.78134e-05
1.21851e-06
2.99405e-06
-5.70489e-06
1.3013e-05
-8.46278e-06
3.24325e-07
-9.81181e-06
-5.26899e-06
-1.06603e-05
-7.3656e-06
-1.13124e-05
-7.77911e-06
-1.19286e-05
-7.0658e-06
-1.25491e-05
-5.69431e-06
-1.31454e-05
-3.94176e-06
-1.36745e-05
-2.03612e-06
-1.4114e-05
-1.39609e-07
-1.45085e-05
1.61288e-06
3.37502e-06
-3.76937e-06
1.67813e-05
-5.92847e-06
2.48333e-06
-7.23943e-06
-3.9581e-06
-8.11852e-06
-6.48669e-06
-8.79562e-06
-7.10213e-06
-9.38878e-06
-6.47275e-06
-9.94336e-06
-5.13985e-06
-1.04459e-05
-3.43941e-06
-1.08678e-05
-1.61442e-06
-1.11947e-05
1.87158e-07
-1.14579e-05
1.87578e-06
3.59133e-06
-2.18697e-06
1.89719e-05
-3.77374e-06
4.07011e-06
-4.95925e-06
-2.77261e-06
-5.81475e-06
-5.63095e-06
-6.49879e-06
-6.41791e-06
-7.07577e-06
-5.8957e-06
-7.58033e-06
-4.63532e-06
-8.00627e-06
-3.01356e-06
-8.33312e-06
-1.2877e-06
-8.54887e-06
4.02726e-07
-8.67163e-06
1.99833e-06
3.62737e-06
-7.88897e-07
1.97583e-05
-1.83779e-06
5.11846e-06
-2.8693e-06
-1.74132e-06
-3.68889e-06
-4.81141e-06
-4.3841e-06
-5.72277e-06
-4.96436e-06
-5.31554e-06
-5.441e-06
-4.15879e-06
-5.81114e-06
-2.64359e-06
-6.05898e-06
-1.04004e-06
-6.17221e-06
5.15733e-07
-6.15815e-06
1.98405e-06
3.48472e-06
5.2309e-07
1.92385e-05
-1.71357e-08
5.65946e-06
-8.87361e-07
-8.70738e-07
-1.68921e-06
-4.00942e-06
-2.42023e-06
-4.99169e-06
-3.03109e-06
-4.70466e-06
-3.50718e-06
-3.68284e-06
-3.84536e-06
-2.30549e-06
-4.03338e-06
-8.52249e-07
-4.05824e-06
5.40399e-07
-3.91967e-06
1.84529e-06
3.17699e-06
1.7783e-06
1.74609e-05
1.74197e-06
5.69398e-06
1.0423e-06
-1.7169e-07
2.28077e-07
-3.19507e-06
-5.7458e-07
-4.18902e-06
-1.25127e-06
-4.02815e-06
-1.75867e-06
-3.17557e-06
-2.09141e-06
-1.97297e-06
-2.24094e-06
-7.02957e-07
-2.19521e-06
4.94368e-07
-1.95013e-06
1.60001e-06
2.72492e-06
2.96077e-06
1.44927e-05
3.46112e-06
5.19693e-06
2.95193e-06
3.3852e-07
2.09826e-06
-2.34207e-06
1.18732e-06
-3.27852e-06
4.05291e-07
-3.24592e-06
-1.69031e-07
-2.60185e-06
-5.25256e-07
-1.61657e-06
-6.58932e-07
-5.69865e-07
-5.62165e-07
3.97678e-07
-2.31988e-07
1.26968e-06
2.15358e-06
4.10731e-06
1.03818e-05
5.13652e-06
4.16727e-06
4.85654e-06
6.18441e-07
3.95983e-06
-1.44603e-06
2.91703e-06
-2.23627e-06
1.99175e-06
-2.32102e-06
1.3092e-06
-1.91986e-06
8.94486e-07
-1.2022e-06
7.5185e-07
-4.27818e-07
8.79608e-07
2.69676e-07
1.27133e-06
8.77768e-07
1.48999e-06
5.01274e-06
5.36152e-06
6.72637e-06
2.45198e-06
6.7559e-06
5.88556e-07
5.88457e-06
-5.75856e-07
4.73227e-06
-1.08517e-06
3.63542e-06
-1.22509e-06
2.78663e-06
-1.07238e-06
2.2617e-06
-6.78321e-07
2.07807e-06
-2.45675e-07
2.21647e-06
1.3058e-07
2.64618e-06
4.47188e-07
7.60964e-07
5.36113e-06
7.81306e-06
8.40135e-06
7.82526e-06
6.73992e-06
5.51457e-06
4.44199e-06
3.76333e-06
3.5175e-06
3.64791e-06
4.09473e-06
)
;

boundaryField
{
    rotor
    {
        type            calculated;
        value           uniform 0;
    }
    stator
    {
        type            calculated;
        value           uniform 0;
    }
    front
    {
        type            empty;
        value           nonuniform 0();
    }
    back
    {
        type            empty;
        value           nonuniform 0();
    }
}


// ************************************************************************* //
