/*--------------------------------*- C++ -*----------------------------------*\
  =========                 |
  \\      /  F ield         | OpenFOAM: The Open Source CFD Toolbox
   \\    /   O peration     | Website:  https://openfoam.org
    \\  /    A nd           | Version:  6
     \\/     M anipulation  |
\*---------------------------------------------------------------------------*/
FoamFile
{
    version     2.0;
    format      ascii;
    class       volVectorField;
    location    "350";
    object      U;
}
// * * * * * * * * * * * * * * * * * * * * * * * * * * * * * * * * * * * * * //

dimensions      [0 1 -1 0 0 0 0];

internalField   nonuniform List<vector> 
3072
(
(0.219772 2.19788 0)
(0.285667 1.92837 0)
(0.372148 1.76108 1.40553e-19)
(0.489866 1.66062 7.56138e-19)
(0.61146 1.58678 -1.27214e-18)
(0.735304 1.57058 8.64301e-19)
(0.92753 1.72387 3.97692e-19)
(1.44676 1.65031 7.37573e-19)
(2.46693 1.52481 -2.42606e-19)
(2.97374 1.95733 8.70664e-19)
(3.17891 2.19799 7.25204e-19)
(3.48836 2.35254 6.69004e-19)
(-0.402546 2.71779 -2.57397e-19)
(-0.212966 2.37952 -5.93766e-19)
(0.0484286 2.35364 5.23126e-19)
(0.337195 2.38076 0)
(0.702656 2.44579 1.00865e-18)
(1.34982 2.42691 -1.21359e-18)
(2.18725 2.65099 0)
(2.74711 2.82022 0)
(3.00119 2.82315 0)
(3.08969 2.89203 7.48348e-19)
(3.13692 2.88627 -2.70191e-18)
(3.25587 2.87392 3.67408e-19)
(-0.355698 3.00584 1.74315e-19)
(-0.081381 2.72694 0)
(0.373638 2.77238 0)
(0.949104 2.81762 -3.38281e-18)
(1.67583 2.95849 1.16822e-18)
(2.3252 3.0654 -1.97718e-18)
(2.74995 3.07989 1.81848e-18)
(2.99063 3.02096 0)
(3.13998 2.89075 0)
(3.19844 2.80921 -1.02533e-18)
(3.25981 2.7242 -1.07297e-18)
(3.33821 2.64013 3.73988e-18)
(-0.258162 3.32488 -1.34828e-18)
(0.172683 3.14945 -2.36691e-18)
(0.774015 3.264 1.94065e-18)
(1.4466 3.34285 -1.66668e-18)
(2.07075 3.3871 3.55969e-18)
(2.51598 3.32639 -3.67611e-18)
(2.78427 3.20928 -2.34204e-18)
(2.94816 3.06535 -5.69792e-18)
(3.0503 2.9272 -2.7966e-19)
(3.10412 2.81646 3.33701e-18)
(3.15991 2.71416 3.70524e-18)
(3.21999 2.61487 -2.96013e-18)
(-0.0416733 3.52377 0)
(0.444404 3.50202 1.18344e-18)
(1.05594 3.60831 -2.5713e-18)
(1.67737 3.62862 3.21226e-18)
(2.18365 3.55949 5.89576e-19)
(2.50865 3.4173 2.24176e-18)
(2.70941 3.25226 2.30143e-18)
(2.83382 3.08787 2.19645e-18)
(2.91594 2.93178 -4.64356e-18)
(2.97591 2.79554 3.95744e-18)
(3.03527 2.67224 -5.35786e-18)
(3.09551 2.55654 7.11355e-18)
(0.183524 3.69854 -4.27621e-18)
(0.677806 3.7726 1.6448e-18)
(1.23413 3.83928 4.74143e-18)
(1.76453 3.79191 0)
(2.16426 3.65495 -7.11859e-18)
(2.42017 3.47313 7.3248e-18)
(2.58658 3.282 0)
(2.70108 3.09701 -5.42855e-18)
(2.78577 2.92545 4.63386e-18)
(2.85392 2.7727 0)
(2.91807 2.63468 2.65015e-19)
(2.98082 2.50753 4.21251e-18)
(0.382997 3.86327 0)
(0.851231 4.0156 -3.82417e-18)
(1.33189 4.02565 3.51329e-18)
(1.76386 3.92618 0)
(2.08325 3.74535 -4.19384e-18)
(2.29973 3.53381 6.6233e-19)
(2.45229 3.31972 5.98994e-18)
(2.566 3.11633 5.51815e-18)
(2.65625 2.92918 -4.85811e-18)
(2.73276 2.7605 4.80519e-18)
(2.80323 2.6079 -4.15946e-18)
(2.87046 2.46855 -1.16548e-17)
(0.567937 4.05013 0)
(0.972833 4.2593 3.28851e-18)
(1.36249 4.20416 -4.83836e-18)
(1.70452 4.06264 4.82317e-18)
(1.9677 3.84745 0)
(2.16307 3.60854 -6.26936e-18)
(2.31225 3.37132 6.15867e-18)
(2.43087 3.14766 1.16372e-19)
(2.52919 2.94217 -1.02254e-17)
(2.61411 2.75621 -4.78382e-18)
(2.69097 2.58822 -2.63952e-19)
(2.76265 2.43577 8.58898e-18)
(0.70957 4.22426 0)
(1.04727 4.49665 -3.88136e-18)
(1.33743 4.36867 -5.42024e-18)
(1.60306 4.18497 -3.87114e-18)
(1.82626 3.93936 7.7957e-18)
(2.01006 3.67552 0)
(2.16151 3.41664 0)
(2.28807 3.1735 0)
(2.39581 2.95033 0)
(2.48957 2.74822 4.85441e-18)
(2.57322 2.56597 -4.87703e-18)
(2.64961 2.40131 4.66573e-18)
(0.823136 4.4917 0)
(1.03435 4.7062 2.72647e-18)
(1.22747 4.47387 -6.16344e-19)
(1.4445 4.23063 4.4621e-18)
(1.64456 3.95668 4.4298e-18)
(1.82392 3.67554 -7.10553e-18)
(1.98197 3.40504 0)
(2.11976 3.15257 -2.15002e-19)
(2.23971 2.92103 -1.75602e-17)
(2.34466 2.71104 0)
(2.43727 2.52151 1.08991e-17)
(2.52026 2.35024 -5.09977e-18)
(0.972642 4.56394 0)
(0.940289 4.6844 3.14488e-18)
(1.02632 4.36721 9.2878e-18)
(1.20894 4.06739 -7.93178e-18)
(1.39944 3.79101 -1.11185e-17)
(1.58455 3.52195 1.75874e-17)
(1.75617 3.26799 -1.9859e-19)
(1.91065 3.03153 -6.88899e-18)
(2.04729 2.81313 5.63403e-18)
(2.1675 2.61308 -1.19776e-17)
(2.27268 2.43082 -1.66003e-17)
(2.36553 2.26455 1.67733e-17)
(0.393792 4.17963 -1.8589e-18)
(0.56323 4.10595 -1.23716e-17)
(0.691079 3.79972 2.36471e-18)
(0.884907 3.54634 0)
(1.09628 3.34804 0)
(1.30281 3.15289 3.57415e-19)
(1.49446 2.96197 1.85913e-17)
(1.66841 2.7775 1.1483e-17)
(1.82356 2.60068 0)
(1.96095 2.43368 1.08195e-17)
(2.08072 2.27747 0)
(2.18574 2.1314 4.89796e-19)
(3.7369 2.32969 3.52879e-19)
(3.96408 2.28953 -4.40757e-19)
(4.10274 2.15818 -2.69493e-19)
(4.19397 2.02004 -5.56713e-19)
(4.19551 1.84296 -2.73286e-19)
(4.15195 1.6548 0)
(4.01338 1.45338 0)
(3.81212 1.25203 7.86642e-19)
(3.52111 1.04199 -9.23355e-19)
(3.1354 0.799747 0)
(2.70172 0.39246 0)
(2.56868 -0.175932 -5.88754e-20)
(3.34421 2.85368 1.59599e-18)
(3.451 2.79157 0)
(3.55204 2.69349 -8.98142e-19)
(3.64977 2.56017 4.71626e-19)
(3.72752 2.39668 2.81084e-19)
(3.76663 2.23062 2.62872e-18)
(3.75868 2.06792 -4.26924e-18)
(3.69951 1.91943 6.69371e-19)
(3.58542 1.80476 0)
(3.33063 1.69619 0)
(3.06002 1.56402 0)
(3.19592 1.07879 7.08627e-19)
(3.41154 2.55449 1.49101e-18)
(3.49071 2.46358 -4.08892e-18)
(3.56482 2.3649 1.12862e-18)
(3.62776 2.26276 2.72028e-18)
(3.67073 2.16095 -2.77489e-18)
(3.68737 2.06453 0)
(3.67276 1.98431 0)
(3.62719 1.93 -2.27712e-19)
(3.55852 1.90533 1.0817e-18)
(3.41985 1.89626 0)
(3.19583 1.88827 0)
(3.40573 1.77437 -4.61184e-19)
(3.27764 2.51957 3.31482e-19)
(3.33841 2.42469 4.06534e-18)
(3.39821 2.32882 2.85311e-18)
(3.45178 2.23411 -2.83664e-18)
(3.49393 2.14551 0)
(3.52085 2.06914 1.66127e-18)
(3.52901 2.01266 0)
(3.52177 1.98547 2.46695e-18)
(3.49605 1.98876 -7.54571e-19)
(3.42809 2.04587 0)
(3.24854 2.13253 -5.45051e-19)
(3.54771 2.19311 6.45273e-19)
(3.15567 2.44808 -2.90081e-18)
(3.21687 2.34478 0)
(3.27616 2.24631 0)
(3.33054 2.15493 0)
(3.37761 2.07466 0)
(3.41611 2.01048 -3.01282e-18)
(3.44461 1.97095 -1.35987e-19)
(3.46272 1.96257 -1.36387e-18)
(3.47729 1.99476 0)
(3.47215 2.08304 -1.16976e-18)
(3.35643 2.22867 4.85356e-19)
(3.76865 2.43101 -1.65363e-19)
(3.04284 2.39006 -2.3217e-19)
(3.10469 2.28079 -6.92959e-18)
(3.16514 2.17961 3.26682e-18)
(3.22294 2.08828 1.94999e-21)
(3.27732 2.01009 2.14227e-19)
(3.32818 1.94956 4.69352e-18)
(3.37654 1.91285 -1.5051e-19)
(3.42445 1.907 -5.26486e-18)
(3.47408 1.94284 -2.11941e-18)
(3.52822 2.03706 1.06837e-18)
(3.47458 2.22674 -1.32164e-18)
(3.93632 2.55112 -5.33374e-19)
(2.93572 2.34086 1.11242e-17)
(2.99987 2.22354 3.63674e-18)
(3.06293 2.11643 0)
(3.12505 2.02072 0)
(3.18686 1.93894 2.03464e-19)
(3.24975 1.87482 -3.42084e-18)
(3.31616 1.83348 5.36597e-18)
(3.38968 1.82152 -1.26708e-19)
(3.47383 1.84967 1.82011e-18)
(3.57529 1.93696 0)
(3.59709 2.12501 -2.3873e-19)
(4.09413 2.53231 -7.92667e-20)
(2.83086 2.29699 -4.11486e-18)
(2.897 2.17034 -3.78493e-18)
(2.96213 2.05529 4.05841e-18)
(3.02749 1.95236 -3.79927e-18)
(3.09488 1.86323 9.72262e-22)
(3.1669 1.79061 7.54612e-18)
(3.24755 1.73824 -3.46721e-18)
(3.34245 1.7118 1.95996e-18)
(3.45739 1.7211 0)
(3.60477 1.78631 1.18653e-18)
(3.70445 1.95965 6.04433e-19)
(4.2015 2.41114 -9.12099e-19)
(2.7207 2.25208 4.5187e-18)
(2.78849 2.11622 -4.3743e-18)
(2.85479 1.99272 -4.08416e-18)
(2.92169 1.88128 -8.50225e-18)
(2.99187 1.78268 8.18296e-18)
(3.06896 1.69852 -7.85435e-18)
(3.15836 1.63079 0)
(3.26804 1.58345 -1.87103e-18)
(3.40689 1.56386 0)
(3.59432 1.59132 0)
(3.77428 1.72812 0)
(4.25923 2.14856 4.35056e-19)
(2.59552 2.19506 4.93884e-18)
(2.66561 2.05326 -9.91279e-18)
(2.73282 1.92353 9.65818e-18)
(2.79977 1.80486 9.26299e-18)
(2.86967 1.69706 4.4709e-18)
(2.947 1.60067 0)
(3.03843 1.5156 0)
(3.1537 1.44332 4.3545e-18)
(3.30563 1.38713 0)
(3.5238 1.36277 -1.22286e-18)
(3.76613 1.42492 7.95947e-19)
(4.24649 1.73568 -1.26571e-18)
(2.44738 2.11272 -1.09915e-17)
(2.52129 1.97204 1.01378e-17)
(2.58976 1.84153 -9.89987e-18)
(2.65566 1.71959 -2.48646e-17)
(2.72237 1.60558 -2.45235e-19)
(2.79451 1.49907 1.34087e-19)
(2.88025 1.39778 -4.76863e-18)
(2.98956 1.30002 -4.36468e-18)
(3.13941 1.20281 0)
(3.3681 1.11632 3.69614e-18)
(3.64424 1.0505 9.02329e-19)
(4.11577 1.03528 -1.77865e-18)
(2.27572 1.99539 -4.87139e-19)
(2.3542 1.86526 0)
(2.42349 1.74159 0)
(2.48625 1.62248 4.77315e-18)
(2.54631 1.50728 1.45794e-17)
(2.60779 1.39525 -4.76155e-18)
(2.67997 1.28247 -2.19226e-19)
(2.77085 1.16421 -2.46939e-18)
(2.89979 1.02976 -2.29775e-18)
(3.0951 0.879455 -2.30892e-18)
(3.3813 0.656508 0)
(3.7142 -0.0293925 2.32696e-18)
(2.19787 -0.219797 2.76733e-22)
(1.92864 -0.285312 0)
(1.76119 -0.371886 -1.40469e-19)
(1.66059 -0.48968 0)
(1.58674 -0.611264 -6.37554e-19)
(1.57032 -0.735239 8.61574e-19)
(1.72339 -0.927179 0)
(1.65064 -1.44536 5.0388e-19)
(1.524 -2.4657 -2.26981e-19)
(1.95631 -2.97376 -7.83775e-20)
(2.19753 -3.17867 -7.64233e-19)
(2.35203 -3.48827 -6.6928e-19)
(2.71771 0.402566 -3.17908e-19)
(2.3794 0.213237 -1.74459e-19)
(2.35337 -0.0481999 5.85774e-19)
(2.38024 -0.336978 0)
(2.44545 -0.70209 -1.01051e-18)
(2.42647 -1.34828 5.21749e-19)
(2.64989 -2.18634 0)
(2.81986 -2.74693 8.69867e-19)
(2.82259 -3.00137 -2.89257e-18)
(2.89163 -3.09006 1.92625e-18)
(2.88597 -3.13715 1.43966e-18)
(2.87364 -3.25606 -3.63743e-18)
(3.00579 0.355872 -1.74474e-19)
(2.72674 0.0818509 0)
(2.77214 -0.37294 -1.71173e-18)
(2.81717 -0.948011 0)
(2.95769 -1.67458 0)
(3.06498 -2.32474 -8.02588e-19)
(3.07952 -2.74996 4.10636e-18)
(3.02088 -2.9909 -2.96327e-18)
(2.89058 -3.14031 1.02591e-18)
(2.80903 -3.19881 0)
(2.72401 -3.26007 2.63758e-18)
(2.63996 -3.33843 -1.58884e-18)
(3.32491 0.258693 8.69064e-19)
(3.14927 -0.171867 1.37022e-18)
(3.26371 -0.773062 1.42374e-18)
(3.34246 -1.44572 2.5139e-18)
(3.38689 -2.07034 -1.64392e-18)
(3.32638 -2.51612 -1.25972e-18)
(3.20923 -2.7846 0)
(3.06535 -2.94852 0)
(2.92712 -3.05068 2.17595e-18)
(2.81635 -3.10448 0)
(2.71404 -3.16019 4.57037e-19)
(2.61475 -3.22021 1.28762e-18)
(3.52389 0.0421945 1.44294e-18)
(3.50194 -0.443574 -9.49785e-19)
(3.60828 -1.0552 -2.57422e-18)
(3.62871 -1.6769 0)
(3.55968 -2.18363 0)
(3.41749 -2.50891 3.1021e-18)
(3.25238 -2.70973 0)
(3.08795 -2.83417 -5.23379e-18)
(2.93179 -2.91627 -2.21728e-18)
(2.7955 -2.97619 3.95972e-18)
(2.67217 -3.03549 -5.36076e-18)
(2.55646 -3.09568 3.38024e-18)
(3.69875 -0.182962 -2.39915e-18)
(3.77266 -0.677117 -1.42007e-18)
(3.8395 -1.23361 2.04042e-18)
(3.79224 -1.76431 3.62815e-19)
(3.6553 -2.16435 3.58765e-18)
(3.47342 -2.42041 -7.03135e-18)
(3.2822 -2.58686 6.28418e-18)
(3.09714 -2.70136 6.14305e-19)
(2.9255 -2.78603 0)
(2.7727 -2.85414 0)
(2.63464 -2.91824 8.19458e-18)
(2.50748 -2.98095 5.03807e-20)
(3.86351 -0.382551 -3.84738e-20)
(4.01578 -0.850753 -2.11694e-18)
(4.02601 -1.33157 0)
(3.92661 -1.76377 -4.24411e-18)
(3.74574 -2.08334 4.46022e-18)
(3.53412 -2.29992 1.07859e-17)
(3.31994 -2.4525 6.60442e-18)
(3.11648 -2.56621 8.20769e-19)
(2.92925 -2.65644 -1.02287e-17)
(2.76052 -2.73292 4.47747e-18)
(2.60789 -2.80335 4.77234e-18)
(2.46852 -2.87054 2.52821e-19)
(4.05035 -0.567661 2.09316e-19)
(4.25955 -0.972547 3.29038e-18)
(4.20455 -1.36231 0)
(4.06308 -1.70446 -4.82541e-18)
(3.84786 -1.96776 -3.53239e-18)
(3.60886 -2.16319 6.13451e-19)
(3.37156 -2.3124 -1.16591e-17)
(3.14782 -2.43102 4.0553e-19)
(2.94226 -2.52932 -2.63233e-19)
(2.75625 -2.61422 5.02879e-18)
(2.58822 -2.69105 -4.05829e-18)
(2.43576 -2.7627 2.13924e-19)
(4.22446 -0.709477 -3.45465e-18)
(4.4969 -1.04713 1.55663e-18)
(4.36903 -1.33733 -7.89116e-18)
(4.18537 -1.60303 3.87174e-18)
(3.93973 -1.82629 0)
(3.67584 -2.01012 0)
(3.41689 -2.16159 6.44063e-18)
(3.17368 -2.28816 1.17237e-17)
(2.95045 -2.39589 -5.34489e-18)
(2.74828 -2.48963 -4.85604e-18)
(2.56599 -2.57327 -4.64613e-18)
(2.4013 -2.64964 0)
(4.49183 -0.823224 7.18664e-20)
(4.70632 -1.03429 4.144e-18)
(4.47409 -1.22741 9.397e-18)
(4.23091 -1.44447 0)
(3.95696 -1.64455 7.74411e-18)
(3.6758 -1.82393 0)
(3.40525 -1.98199 3.31035e-19)
(3.15273 -2.11978 -5.70075e-18)
(2.92114 -2.23973 6.14934e-18)
(2.71111 -2.34469 0)
(2.52154 -2.43729 0)
(2.35025 -2.52027 -1.05255e-17)
(4.56392 -0.972708 -6.61257e-18)
(4.6844 -0.940287 3.14494e-18)
(4.36729 -1.02633 5.26475e-19)
(4.06753 -1.20892 -8.7418e-18)
(3.79116 -1.3994 -3.44179e-18)
(3.5221 -1.5845 -3.5169e-18)
(3.26813 -1.75613 -6.83946e-18)
(3.03164 -1.91062 -1.92815e-17)
(2.81321 -2.04727 -5.63443e-18)
(2.61314 -2.16749 -1.19789e-17)
(2.43085 -2.27267 1.16041e-17)
(2.26456 -2.36552 1.06528e-17)
(4.17963 -0.393867 3.55742e-18)
(4.10593 -0.563288 -1.41972e-18)
(3.79972 -0.691116 3.52083e-19)
(3.54636 -0.884892 7.38917e-18)
(3.34809 -1.09623 0)
(3.15295 -1.30274 -6.68488e-18)
(2.96203 -1.49439 5.98957e-18)
(2.77756 -1.66835 5.33688e-18)
(2.60073 -1.82351 -1.73461e-17)
(2.43371 -1.96092 1.08196e-17)
(2.27749 -2.08069 -1.05928e-17)
(2.13141 -2.18572 0)
(2.3294 -3.7368 -4.97906e-19)
(2.28923 -3.96405 1.21216e-18)
(2.15802 -4.10273 -9.97981e-19)
(2.01988 -4.194 -3.3676e-19)
(1.8429 -4.19554 -3.29746e-20)
(1.65474 -4.15199 6.76495e-20)
(1.45337 -4.01343 -1.23564e-19)
(1.25203 -3.81217 -3.04343e-19)
(1.04202 -3.52116 -9.23353e-19)
(0.799777 -3.13543 0)
(0.392503 -2.70174 0)
(-0.175908 -2.56869 -5.8871e-20)
(2.85352 -3.34433 -5.23224e-20)
(2.79145 -3.4511 2.10959e-18)
(2.69342 -3.5521 -8.9813e-19)
(2.56013 -3.64982 0)
(2.39665 -3.72757 1.68836e-18)
(2.2306 -3.76668 0)
(2.06792 -3.75873 1.27451e-18)
(1.91944 -3.69955 2.21226e-18)
(1.80479 -3.58545 -1.88799e-18)
(1.69623 -3.33065 0)
(1.56407 -3.06004 0)
(1.07883 -3.19596 -2.63398e-20)
(2.55434 -3.41171 1.06898e-18)
(2.46344 -3.49085 -1.0112e-18)
(2.36478 -3.56493 1.12928e-18)
(2.26267 -3.62785 0)
(2.16089 -3.67079 -1.22119e-18)
(2.0645 -3.68741 3.10515e-18)
(1.9843 -3.67278 -4.49632e-18)
(1.93002 -3.62721 -5.06687e-18)
(1.90537 -3.55853 3.04201e-18)
(1.89631 -3.41986 0)
(1.88833 -3.19582 5.99463e-19)
(1.77444 -3.40575 1.50022e-19)
(2.51947 -3.27781 1.24745e-18)
(2.4246 -3.33853 -2.83127e-18)
(2.32874 -3.39829 2.85459e-18)
(2.23405 -3.45183 -2.83806e-18)
(2.14547 -3.49395 0)
(2.06911 -3.52086 1.6618e-18)
(2.01266 -3.52901 1.14733e-18)
(1.98549 -3.52177 6.80163e-19)
(1.98879 -3.49604 -1.53207e-18)
(2.04592 -3.42809 0)
(2.13259 -3.24854 -3.51206e-19)
(2.19318 -3.54774 5.80496e-19)
(2.44801 -3.15579 3.24889e-18)
(2.34471 -3.21695 -1.68592e-18)
(2.24624 -3.2762 0)
(2.15488 -3.33056 0)
(2.07462 -3.37761 1.63476e-18)
(2.01046 -3.4161 -1.37785e-18)
(1.97094 -3.44459 -2.46641e-19)
(1.96258 -3.4627 0)
(1.99478 -3.47728 -8.11629e-19)
(2.08308 -3.47214 1.16985e-18)
(2.22873 -3.35641 -1.06245e-18)
(2.43109 -3.76869 -2.67158e-19)
(2.39001 -3.04292 -6.98011e-18)
(2.28073 -3.10474 3.34382e-18)
(2.17955 -3.16517 6.75473e-18)
(2.08824 -3.22294 1.94208e-21)
(2.01006 -3.27731 -8.08258e-18)
(1.94954 -3.32817 -3.43853e-18)
(1.91284 -3.37652 -2.37026e-19)
(1.907 -3.42443 0)
(1.94285 -3.47406 0)
(2.0371 -3.52821 -1.06844e-18)
(2.22679 -3.47456 -7.6938e-19)
(2.5512 -3.93634 2.33744e-19)
(2.34082 -2.93577 3.80097e-18)
(2.2235 -2.99989 -7.49693e-18)
(2.11639 -3.06294 -3.33178e-18)
(2.02068 -3.12504 -1.92907e-19)
(1.93891 -3.18685 3.21626e-18)
(1.87479 -3.24973 3.19048e-18)
(1.83347 -3.31614 1.80919e-18)
(1.82152 -3.38966 1.77126e-18)
(1.84968 -3.47381 -1.97468e-18)
(1.93699 -3.57528 0)
(2.12506 -3.59708 1.23922e-18)
(2.5324 -4.09416 -3.56752e-19)
(2.29696 -2.83089 0)
(2.17031 -2.89701 3.7863e-18)
(2.05526 -2.96213 0)
(1.95232 -3.02748 -1.93005e-19)
(1.8632 -3.09486 9.82242e-22)
(1.79058 -3.16688 7.54815e-18)
(1.73823 -3.24753 -7.31678e-18)
(1.71179 -3.34244 0)
(1.7211 -3.45737 -2.10581e-18)
(1.78633 -3.60476 1.18667e-18)
(1.9597 -3.70444 -2.31332e-18)
(2.41122 -4.2015 1.16366e-18)
(2.25207 -2.72072 4.52019e-18)
(2.1162 -2.7885 -4.37574e-18)
(1.99269 -2.85478 -4.42755e-18)
(1.88125 -2.92167 4.32969e-18)
(1.78265 -2.99185 4.0958e-18)
(1.69849 -3.06895 -1.20329e-17)
(1.63077 -3.15835 3.77141e-18)
(1.58343 -3.26802 0)
(1.56386 -3.40688 1.93504e-18)
(1.59133 -3.59432 0)
(1.72816 -3.77428 2.83049e-18)
(2.14865 -4.25924 -2.06923e-18)
(2.19505 -2.59552 0)
(2.05324 -2.6656 -9.91548e-18)
(1.92351 -2.73281 -5.14452e-18)
(1.80483 -2.79976 -8.9893e-18)
(1.69703 -2.86966 4.47199e-18)
(1.60064 -2.94698 4.22823e-18)
(1.51558 -3.03842 0)
(1.44331 -3.15369 0)
(1.38712 -3.30562 0)
(1.36277 -3.5238 0)
(1.42495 -3.76613 -7.98342e-19)
(1.73576 -4.24648 -1.03582e-19)
(2.11272 -2.44737 5.35796e-18)
(1.97202 -2.52128 4.91302e-18)
(1.84151 -2.58975 2.03747e-17)
(1.71957 -2.65565 5.23216e-18)
(1.60555 -2.72236 1.96756e-17)
(1.49905 -2.7945 -4.74412e-18)
(1.39776 -2.88024 -4.76942e-18)
(1.3 -2.98956 0)
(1.20279 -3.1394 -4.56301e-18)
(1.11632 -3.36809 -2.45821e-18)
(1.05052 -3.64423 -1.84877e-18)
(1.03534 -4.11575 -1.10528e-25)
(1.99539 -2.27571 0)
(1.86525 -2.35419 0)
(1.74158 -2.42349 -2.03763e-17)
(1.62247 -2.48626 -1.48491e-17)
(1.50726 -2.54631 -4.70362e-18)
(1.39523 -2.60779 0)
(1.28245 -2.67998 4.74339e-18)
(1.16419 -2.77085 0)
(1.02975 -2.89978 -2.00219e-19)
(0.879447 -3.09508 2.30902e-18)
(0.65652 -3.38127 6.68115e-19)
(-0.0293546 -3.71418 4.60733e-18)
(-0.208003 -2.21114 9.87088e-20)
(-0.278164 -1.94164 1.92989e-19)
(-0.371458 -1.76435 -1.83307e-19)
(-0.490107 -1.66121 2.58375e-20)
(-0.611617 -1.58692 0)
(-0.73531 -1.57062 5.76821e-20)
(-0.927477 -1.72379 0)
(-1.44667 -1.65053 4.58859e-19)
(-2.4667 -1.52484 1.18916e-18)
(-2.97355 -1.9572 1.56348e-20)
(-3.17874 -2.19789 3.85238e-19)
(-3.48816 -2.3524 8.41927e-19)
(0.376605 -2.66986 3.36914e-19)
(0.203092 -2.40358 -4.52513e-19)
(-0.048852 -2.3626 5.1927e-19)
(-0.335747 -2.38326 -4.28744e-20)
(-0.701321 -2.44572 -1.00525e-18)
(-1.34955 -2.42676 -2.06713e-19)
(-2.18704 -2.65096 -9.90685e-19)
(-2.74681 -2.82008 -1.50676e-18)
(-3.001 -2.82306 2.7268e-18)
(-3.08952 -2.89192 -6.24452e-19)
(-3.13677 -2.88614 7.65058e-19)
(-3.25573 -2.87377 4.58756e-19)
(0.357042 -2.99066 -3.75626e-19)
(0.0787019 -2.72286 0)
(-0.375686 -2.77116 0)
(-0.949677 -2.81737 -1.43961e-18)
(-1.67565 -2.95845 0)
(-2.32494 -3.06543 -1.17505e-18)
(-2.74965 -3.0799 6.92688e-19)
(-2.99035 -3.02092 2.54664e-18)
(-3.13975 -2.8907 -1.26818e-18)
(-3.19824 -2.80914 -1.83764e-18)
(-3.25962 -2.7241 -3.71042e-18)
(-3.33803 -2.64003 3.73969e-18)
(0.258735 -3.32644 -1.74417e-18)
(-0.172776 -3.14997 -1.36991e-18)
(-0.774444 -3.26386 2.51599e-18)
(-1.44669 -3.34278 8.45593e-19)
(-2.07051 -3.38708 0)
(-2.51565 -3.32638 -4.49274e-18)
(-2.78397 -3.20926 3.63316e-18)
(-2.94791 -3.06532 0)
(-3.05007 -2.92715 3.25325e-18)
(-3.10392 -2.81639 -4.7867e-18)
(-3.15973 -2.71407 3.24829e-18)
(-3.21982 -2.61476 4.38953e-19)
(0.0408156 -3.52378 2.17855e-18)
(-0.444785 -3.50216 2.89435e-18)
(-1.0562 -3.60833 8.34007e-19)
(-1.67731 -3.62858 0)
(-2.18339 -3.55946 -2.78734e-18)
(-2.50835 -3.41728 4.80119e-18)
(-2.70913 -3.25225 0)
(-2.83357 -3.08786 -2.85036e-18)
(-2.91574 -2.93175 -2.65031e-18)
(-2.97573 -2.79548 3.9573e-18)
(-3.03511 -2.67216 0)
(-3.09537 -2.55645 -3.05829e-18)
(-0.18396 -3.6985 1.88159e-18)
(-0.678052 -3.77264 6.61114e-19)
(-1.23424 -3.83929 -2.03936e-18)
(-1.76443 -3.7919 -8.82293e-18)
(-2.16403 -3.65496 -2.9023e-19)
(-2.41991 -3.47316 7.32741e-18)
(-2.58634 -3.28203 0)
(-2.70088 -3.09703 8.20594e-18)
(-2.7856 -2.92545 -4.79047e-18)
(-2.85377 -2.77267 4.2079e-18)
(-2.91793 -2.63463 2.65003e-19)
(-2.9807 -2.50747 -5.03399e-20)
(-0.383337 -3.86319 -1.70523e-18)
(-0.851433 -4.01562 -1.37575e-18)
(-1.33194 -4.02564 0)
(-1.76375 -3.92618 9.14941e-18)
(-2.08305 -3.74538 -1.25982e-17)
(-2.29952 -3.53387 -2.071e-19)
(-2.4521 -3.31978 -1.25893e-17)
(-2.56583 -3.11639 5.02447e-19)
(-2.65611 -2.92921 -4.85779e-18)
(-2.73264 -2.76051 -4.8048e-18)
(-2.80312 -2.60789 4.76972e-18)
(-2.87036 -2.46851 -3.95091e-18)
(-0.568236 -4.05006 -1.54815e-19)
(-0.97301 -4.2593 -1.76941e-18)
(-1.36252 -4.20413 0)
(-1.70442 -4.06266 4.82221e-18)
(-1.96754 -3.84751 3.32183e-18)
(-2.1629 -3.60863 2.95249e-18)
(-2.3121 -3.37142 -4.9223e-19)
(-2.43073 -3.14775 -1.16286e-19)
(-2.52907 -2.94224 -5.47575e-18)
(-2.61401 -2.75625 -5.74299e-19)
(-2.69089 -2.58823 2.26539e-19)
(-2.76258 -2.43576 0)
(-0.709836 -4.22419 2.14799e-18)
(-1.0474 -4.49661 0)
(-1.33745 -4.36863 0)
(-1.603 -4.18497 -3.87061e-18)
(-1.82614 -3.93941 3.42075e-18)
(-2.00991 -3.67561 -7.01901e-18)
(-2.16137 -3.41675 0)
(-2.28795 -3.17361 5.73853e-18)
(-2.3957 -2.95042 -2.39543e-19)
(-2.48948 -2.74828 4.85395e-18)
(-2.57315 -2.56601 -5.06476e-18)
(-2.64955 -2.40132 9.71731e-18)
(-0.823325 -4.49158 4.47211e-18)
(-1.03445 -4.70611 -1.41762e-18)
(-1.22749 -4.47378 -5.00646e-18)
(-1.44445 -4.23058 -8.57241e-18)
(-1.64445 -3.95667 0)
(-1.82378 -3.67558 6.43905e-18)
(-1.98182 -3.40511 -1.30028e-17)
(-2.11962 -3.15265 5.76756e-18)
(-2.23959 -2.9211 6.14742e-18)
(-2.34457 -2.7111 0)
(-2.4372 -2.52155 -5.82582e-18)
(-2.52021 -2.35026 -9.81263e-18)
(-0.972736 -4.56385 -6.56107e-18)
(-0.940363 -4.68428 1.42995e-18)
(-1.02636 -4.36708 4.38041e-18)
(-1.2089 -4.06728 3.71183e-18)
(-1.39933 -3.79093 -4.8977e-20)
(-1.58439 -3.52191 -1.08716e-17)
(-1.75601 -3.26799 1.29899e-17)
(-1.91049 -3.03155 2.53529e-17)
(-2.04715 -2.81316 -1.7718e-17)
(-2.1674 -2.61311 -1.19761e-17)
(-2.2726 -2.43084 1.09461e-17)
(-2.36549 -2.26456 0)
(-0.393782 -4.17955 5.49732e-18)
(-0.563253 -4.10585 1.87391e-18)
(-0.691093 -3.79958 2.01259e-18)
(-0.884855 -3.54619 7.9394e-18)
(-1.09617 -3.3479 0)
(-1.30265 -3.15278 6.32705e-18)
(-1.49428 -2.9619 -1.26005e-17)
(-1.66824 -2.77746 -5.58226e-18)
(-1.82342 -2.60066 -5.71043e-18)
(-1.96085 -2.43367 1.08186e-17)
(-2.08065 -2.27746 5.65408e-18)
(-2.18571 -2.1314 1.62371e-17)
(-3.73671 -2.32957 1.52717e-19)
(-3.96388 -2.2894 5.66243e-19)
(-4.10255 -2.15808 3.33777e-19)
(-4.19379 -2.01993 -8.04405e-19)
(-4.19535 -1.84287 2.40209e-19)
(-4.1518 -1.65471 0)
(-4.01325 -1.45331 -4.92731e-19)
(-3.81201 -1.25197 3.71606e-19)
(-3.52104 -1.04194 0)
(-3.13535 -0.799701 1.13545e-19)
(-2.7017 -0.392428 0)
(-2.56866 0.175941 -2.91529e-19)
(-3.34407 -2.85352 -4.1459e-18)
(-3.45086 -2.7914 2.98275e-18)
(-3.55189 -2.69333 2.24094e-18)
(-3.64962 -2.56003 -9.3325e-19)
(-3.72737 -2.39655 0)
(-3.76649 -2.2305 0)
(-3.75856 -2.06781 1.46294e-18)
(-3.69941 -1.91933 -1.58124e-18)
(-3.58533 -1.80467 0)
(-3.33056 -1.69611 5.92903e-19)
(-3.05999 -1.56395 -4.84061e-20)
(-3.19591 -1.07879 -1.07717e-18)
(-3.41137 -2.55438 1.54841e-18)
(-3.49055 -2.46346 -2.65775e-18)
(-3.56466 -2.36479 0)
(-3.62761 -2.26264 -2.74964e-18)
(-3.67059 -2.16083 -2.84684e-18)
(-3.68725 -2.06442 6.13554e-18)
(-3.67266 -1.9842 -5.48909e-18)
(-3.62711 -1.92989 0)
(-3.55845 -1.90523 0)
(-3.4198 -1.89616 0)
(-3.19579 -1.88817 -5.27335e-19)
(-3.40569 -1.77429 1.6115e-19)
(-3.27749 -2.51945 -1.24677e-18)
(-3.33826 -2.42456 -3.76276e-19)
(-3.39808 -2.32869 0)
(-3.45166 -2.23398 -3.52931e-19)
(-3.49382 -2.14538 0)
(-3.52076 -2.069 0)
(-3.52893 -2.01253 1.30219e-18)
(-3.5217 -1.98535 -1.57052e-18)
(-3.49599 -1.98863 1.68616e-18)
(-3.42805 -2.04575 0)
(-3.24853 -2.13241 -5.45098e-19)
(-3.54769 -2.19301 -6.4535e-19)
(-3.15554 -2.44798 6.76674e-18)
(-3.21675 -2.34466 -1.68496e-18)
(-3.27605 -2.24619 3.03199e-18)
(-3.33044 -2.15481 1.36739e-18)
(-3.37752 -2.07453 -4.64714e-18)
(-3.41603 -2.01035 0)
(-3.44454 -1.97081 -1.59056e-18)
(-3.46266 -1.96243 0)
(-3.47725 -1.99462 0)
(-3.47212 -2.0829 1.16984e-18)
(-3.35642 -2.22854 3.2268e-20)
(-3.76863 -2.43089 7.27878e-19)
(-3.04273 -2.38998 -3.25151e-18)
(-3.1046 -2.28069 -2.44726e-19)
(-3.16506 -2.1795 0)
(-3.22286 -2.08816 0)
(-3.27725 -2.00997 -5.11379e-18)
(-3.32812 -1.94943 3.2245e-18)
(-3.37649 -1.91271 3.29889e-18)
(-3.4244 -1.90685 1.72627e-18)
(-3.47405 -1.94269 -4.11087e-18)
(-3.5282 -2.03692 -1.06838e-18)
(-3.47457 -2.2266 0)
(-3.9363 -2.55099 8.33082e-19)
(-2.93564 -2.3408 -7.80278e-18)
(-2.99979 -2.22347 3.21079e-18)
(-3.06287 -2.11634 3.54945e-18)
(-3.12499 -2.02061 1.93545e-19)
(-3.18682 -1.93883 -3.99636e-19)
(-3.24972 -1.87469 -3.60947e-18)
(-3.31613 -1.83334 -5.26604e-18)
(-3.38965 -1.82138 -1.89938e-18)
(-3.47381 -1.84952 1.8199e-18)
(-3.57528 -1.93681 0)
(-3.5971 -2.12487 2.09545e-18)
(-4.09412 -2.53218 -5.33639e-19)
(-2.8308 -2.29696 8.04197e-18)
(-2.89696 -2.17029 -4.36817e-18)
(-2.96209 -2.05522 -4.05787e-18)
(-3.02746 -1.95227 -7.40453e-18)
(-3.09485 -1.86313 7.27491e-18)
(-3.16689 -1.79049 -1.88658e-19)
(-3.24754 -1.73812 1.09826e-17)
(-3.34245 -1.71166 1.75395e-18)
(-3.45739 -1.72095 2.10518e-18)
(-3.60477 -1.78616 0)
(-3.70446 -1.95951 -1.43878e-18)
(-4.20149 -2.41101 -6.87237e-19)
(-2.72066 -2.25207 0)
(-2.78847 -2.11619 4.19104e-18)
(-2.85477 -1.99266 4.08362e-18)
(-2.92168 -1.88121 -4.17324e-18)
(-2.99187 -1.78259 -1.59146e-19)
(-3.06897 -1.69842 -4.17479e-18)
(-3.15838 -1.63068 -3.7699e-18)
(-3.26805 -1.58332 0)
(-3.4069 -1.56372 -1.93446e-18)
(-3.59433 -1.59117 -1.20453e-18)
(-3.7743 -1.72798 4.6308e-18)
(-4.25923 -2.14844 -9.90936e-19)
(-2.5955 -2.19506 0)
(-2.6656 -2.05324 0)
(-2.73282 -1.9235 0)
(-2.79979 -1.8048 -1.40075e-17)
(-2.8697 -1.69699 8.91612e-18)
(-2.94703 -1.60058 8.60784e-18)
(-3.03847 -1.5155 0)
(-3.15374 -1.4432 -4.35368e-18)
(-3.30566 -1.387 0)
(-3.52383 -1.36263 -2.49754e-18)
(-3.76615 -1.42478 -7.98243e-19)
(-4.24649 -1.73557 -1.26578e-18)
(-2.44736 -2.11272 0)
(-2.5213 -1.97202 0)
(-2.58979 -1.8415 1.04694e-17)
(-2.6557 -1.71955 1.46449e-17)
(-2.72242 -1.60552 4.03196e-19)
(-2.79457 -1.499 4.87651e-18)
(-2.88031 -1.3977 -2.33716e-18)
(-2.98962 -1.29992 6.60781e-18)
(-3.13946 -1.20269 4.56156e-18)
(-3.36814 -1.1162 2.29416e-18)
(-3.64427 -1.05037 -1.84852e-18)
(-4.11579 -1.03519 -1.94972e-18)
(-2.27573 -1.99539 0)
(-2.35423 -1.86525 0)
(-2.42354 -1.74158 -9.9497e-18)
(-2.48633 -1.62245 5.23917e-18)
(-2.54639 -1.50724 -4.70291e-18)
(-2.60788 -1.39519 -4.76112e-18)
(-2.68006 -1.2824 4.96182e-18)
(-2.77094 -1.16412 0)
(-2.89987 -1.02966 -4.51691e-18)
(-3.09517 -0.879348 -2.40148e-18)
(-3.38133 -0.656398 2.29522e-18)
(-3.71422 0.0294657 -4.6262e-18)
(-2.19785 0.219798 1.10591e-19)
(-1.92863 0.285309 0)
(-1.76117 0.371878 0)
(-1.66056 0.489672 6.08908e-19)
(-1.58673 0.611247 -6.6594e-19)
(-1.5703 0.735216 0)
(-1.72339 0.927162 0)
(-1.65062 1.44543 4.59473e-19)
(-1.52401 2.46584 1.27204e-18)
(-1.95643 2.9739 9.79096e-19)
(-2.19762 3.1788 -3.77646e-19)
(-2.35216 3.48843 7.32875e-19)
(-2.7177 -0.40257 -5.98386e-19)
(-2.37938 -0.21324 0)
(-2.35333 0.0482097 0)
(-2.38018 0.336998 -9.90303e-19)
(-2.4454 0.702102 2.07435e-18)
(-2.42647 1.3483 -2.15604e-18)
(-2.64991 2.18643 8.43062e-19)
(-2.81989 2.74706 7.68275e-19)
(-2.82263 3.0015 -3.89103e-19)
(-2.89168 3.09017 7.48827e-19)
(-2.88604 3.13726 0)
(-2.87373 3.25616 -1.61445e-18)
(-3.00578 -0.355901 3.4884e-19)
(-2.7267 -0.0818961 0)
(-2.77208 0.372893 0)
(-2.81711 0.947958 -8.67021e-19)
(-2.9576 1.67456 6.10655e-19)
(-3.06493 2.32484 -1.49104e-18)
(-3.0795 2.75013 0)
(-3.02088 2.99107 -3.37325e-18)
(-2.89059 3.14045 3.96665e-18)
(-2.80906 3.19893 -1.02526e-18)
(-2.72406 3.26018 -2.6102e-18)
(-2.64002 3.33853 3.7418e-18)
(-3.32492 -0.258779 -8.68896e-19)
(-3.14922 0.17177 1.36991e-18)
(-3.26364 0.772983 0)
(-3.34238 1.44571 8.45766e-19)
(-3.38684 2.07045 -6.35859e-19)
(-3.32636 2.51631 1.25944e-18)
(-3.20922 2.78478 0)
(-3.06534 2.94868 -2.05332e-18)
(-2.92713 3.05082 -5.42858e-18)
(-2.81638 3.1046 3.33844e-18)
(-2.71408 3.16028 3.24993e-18)
(-2.6148 3.22029 -6.36226e-18)
(-3.52392 -0.0423006 1.08658e-18)
(-3.50191 0.443467 -1.18424e-18)
(-3.60824 1.05516 2.57412e-18)
(-3.62868 1.67696 0)
(-3.55967 2.1838 -5.88135e-18)
(-3.41748 2.50911 5.6584e-18)
(-3.25236 2.70992 3.07574e-18)
(-3.08793 2.83432 2.19754e-18)
(-2.93179 2.91639 0)
(-2.79551 2.97629 0)
(-2.67219 3.03557 0)
(-2.55649 3.09574 -6.76881e-19)
(-3.69879 0.182836 4.80033e-18)
(-3.77265 0.677024 0)
(-3.83951 1.2336 -2.04036e-18)
(-3.79225 1.76442 4.59438e-18)
(-3.6553 2.16453 3.55253e-18)
(-3.4734 2.4206 -6.99425e-18)
(-3.28217 2.58702 3.21657e-18)
(-3.09711 2.70149 -1.12475e-17)
(-2.92548 2.78613 -1.56967e-19)
(-2.77268 2.85422 -3.99073e-19)
(-2.63464 2.91829 2.65166e-19)
(-2.50749 2.98098 1.09848e-17)
(-3.86356 0.382437 -6.08987e-18)
(-4.0158 0.850687 3.82803e-18)
(-4.02604 1.33159 -5.88243e-18)
(-3.92663 1.76388 -4.24406e-18)
(-3.74573 2.0835 -7.87079e-18)
(-3.53409 2.30008 -4.19617e-18)
(-3.3199 2.45263 -6.23673e-18)
(-3.11643 2.56631 1.03742e-17)
(-2.9292 2.65651 0)
(-2.76048 2.73297 9.01269e-18)
(-2.60786 2.80338 -1.26326e-17)
(-2.4685 2.87055 4.22595e-18)
(-4.0504 0.567578 -3.04173e-18)
(-4.25958 0.972509 -5.21823e-18)
(-4.2046 1.36234 7.4404e-18)
(-4.06311 1.70456 0)
(-3.84784 1.96788 -4.13168e-18)
(-3.60882 2.16331 6.27261e-18)
(-3.3715 2.3125 -3.08936e-19)
(-3.14775 2.43109 1.16419e-19)
(-2.94219 2.52937 -5.0754e-18)
(-2.75619 2.61424 -9.53726e-18)
(-2.58817 2.69106 4.26495e-18)
(-2.43571 2.76269 -4.30899e-18)
(-4.22452 0.709425 2.14871e-18)
(-4.49695 1.04712 0)
(-4.36908 1.33735 0)
(-4.18539 1.60309 0)
(-3.93971 1.82638 3.42199e-18)
(-3.67579 2.01021 0)
(-3.41682 2.16167 -3.97532e-19)
(-3.1736 2.28821 1.1406e-17)
(-2.95037 2.39592 2.70116e-19)
(-2.74821 2.48964 4.85602e-18)
(-2.56593 2.57326 -4.87861e-18)
(-2.40125 2.64961 1.43887e-17)
(-4.49189 0.82323 7.18645e-20)
(-4.70636 1.03429 7.52791e-18)
(-4.47413 1.22742 -2.30514e-18)
(-4.23093 1.44451 0)
(-3.95695 1.64461 0)
(-3.67576 1.824 0)
(-3.40519 1.98205 0)
(-3.15266 2.11983 6.02439e-18)
(-2.92107 2.23976 -2.30454e-17)
(-2.71103 2.34469 -1.13397e-17)
(-2.52148 2.43727 1.09014e-17)
(-2.35019 2.52023 5.81006e-18)
(-4.56395 0.972736 -6.56059e-18)
(-4.68442 0.940273 -4.34967e-18)
(-4.36731 1.02632 -2.61418e-18)
(-4.06754 1.20894 0)
(-3.79115 1.39944 0)
(-3.52207 1.58456 7.30613e-18)
(-3.26809 1.75619 -1.34791e-17)
(-3.03159 1.91066 2.55771e-17)
(-2.81316 2.04729 1.80577e-17)
(-2.61308 2.16749 1.12849e-17)
(-2.4308 2.27265 -1.09482e-17)
(-2.26451 2.36549 6.26884e-19)
(-4.17964 0.393886 -1.85887e-18)
(-4.10593 0.563278 0)
(-3.79973 0.69112 3.85416e-18)
(-3.54639 0.884923 -1.18039e-17)
(-3.34812 1.09629 1.06968e-17)
(-3.15297 1.30281 3.5737e-19)
(-2.96204 1.49445 5.98913e-18)
(-2.77756 1.6684 -5.5823e-18)
(-2.60072 1.82355 -2.84521e-17)
(-2.4337 1.96094 0)
(-2.27747 2.0807 0)
(-2.13138 2.18571 4.8975e-19)
(-2.32952 3.73695 -6.03818e-19)
(-2.28936 3.96421 -4.0701e-19)
(-2.15813 4.10288 -7.66205e-20)
(-2.01999 4.19414 -7.10355e-19)
(-1.84299 4.19567 2.14739e-19)
(-1.65482 4.15212 6.75709e-20)
(-1.45344 4.01354 -4.9244e-19)
(-1.25208 3.81227 1.32532e-18)
(-1.04206 3.52125 -6.58152e-19)
(-0.799809 3.13549 -1.13528e-19)
(-0.392537 2.70178 0)
(0.175817 2.56875 0)
(-2.85362 3.34442 3.69526e-18)
(-2.79155 3.45119 -1.73586e-18)
(-2.69352 3.5522 -8.98117e-19)
(-2.56023 3.64991 0)
(-2.39674 3.72766 -1.40704e-18)
(-2.23069 3.76676 0)
(-2.06799 3.7588 -6.39599e-19)
(-1.91951 3.69961 1.58085e-18)
(-1.80486 3.58551 0)
(-1.69628 3.33067 1.42559e-18)
(-1.56413 3.06006 -1.82134e-18)
(-1.07894 3.19596 2.44945e-19)
(-2.5544 3.4118 1.49165e-18)
(-2.46351 3.49094 -4.09088e-18)
(-2.36486 3.56501 1.12913e-18)
(-2.26275 3.62792 0)
(-2.16097 3.67085 1.22103e-18)
(-2.06458 3.68747 3.1048e-18)
(-1.98438 3.67283 -4.26062e-18)
(-1.93009 3.62724 1.9791e-18)
(-1.90544 3.55855 -8.78306e-19)
(-1.89638 3.41988 0)
(-1.8884 3.19582 0)
(-1.77452 3.40575 -1.50005e-19)
(-2.51952 3.27788 -2.94443e-18)
(-2.42466 3.33859 2.46334e-18)
(-2.32881 3.39834 2.85433e-18)
(-2.23413 3.45187 -1.55791e-18)
(-2.14555 3.49399 -2.91036e-18)
(-2.0692 3.52089 0)
(-2.01274 3.52903 1.55389e-19)
(-1.98557 3.52178 3.1792e-18)
(-1.98887 3.49605 -2.44099e-18)
(-2.04599 3.4281 9.48514e-19)
(-2.13267 3.24854 -5.78501e-20)
(-2.19327 3.54774 -5.8043e-19)
(-2.44804 3.15584 3.2487e-18)
(-2.34475 3.21699 -1.68582e-18)
(-2.2463 3.27623 3.03344e-18)
(-2.15494 3.33058 -1.63106e-18)
(-2.07469 3.37763 0)
(-2.01053 3.41611 0)
(-1.97102 3.4446 -1.34425e-18)
(-1.96266 3.46271 -3.35104e-18)
(-1.99486 3.47728 1.79874e-18)
(-2.08316 3.47213 1.16961e-18)
(-2.22881 3.3564 -1.06237e-18)
(-2.43117 3.76867 0)
(-2.39002 3.04295 -2.3228e-19)
(-2.28076 3.10475 -6.93219e-18)
(-2.17959 3.16517 0)
(-2.08828 3.22294 3.20883e-18)
(-2.01012 3.2773 -3.19446e-18)
(-1.94961 3.32816 0)
(-1.91292 3.37651 -1.29551e-19)
(-1.90708 3.42441 -1.44329e-19)
(-1.94294 3.47405 0)
(-2.03718 3.5282 -2.32986e-18)
(-2.22686 3.47455 1.08406e-18)
(-2.55127 3.93632 -6.03524e-19)
(-2.34081 2.93577 -4.02572e-18)
(-2.2235 2.99988 1.09218e-17)
(-2.1164 3.06292 0)
(-2.02071 3.12502 -3.47542e-18)
(-1.93895 3.18682 3.43301e-18)
(-1.87485 3.2497 3.40557e-18)
(-1.83353 3.31611 -3.78085e-18)
(-1.82159 3.38963 -1.7968e-18)
(-1.84976 3.47379 0)
(-1.93706 3.57526 -1.48466e-18)
(-2.12512 3.59706 1.47785e-18)
(-2.53244 4.09413 0)
(-2.29693 2.83086 8.25002e-18)
(-2.17029 2.89698 -7.76967e-18)
(-2.05525 2.96209 7.94524e-18)
(-1.95233 3.02743 -7.59801e-18)
(-1.86323 3.09481 9.88795e-22)
(-1.79062 3.16683 3.6871e-18)
(-1.73828 3.24749 3.4678e-18)
(-1.71186 3.34239 0)
(-1.72117 3.45733 -2.10568e-18)
(-1.78639 3.60473 4.7745e-18)
(-1.95974 3.70442 -1.43865e-18)
(-2.41124 4.20148 0)
(-2.25202 2.72068 4.52007e-18)
(-2.11617 2.78845 1.70845e-19)
(-1.99267 2.85472 -4.08529e-18)
(-1.88125 2.92161 0)
(-1.78266 2.99179 0)
(-1.69852 3.06888 0)
(-1.63081 3.15829 0)
(-1.58349 3.26797 -4.10923e-18)
(-1.56392 3.40683 1.93493e-18)
(-1.59139 3.59428 2.82293e-19)
(-1.72819 3.77424 0)
(-2.14864 4.25921 0)
(-2.195 2.59548 -4.93998e-18)
(-2.0532 2.66555 -1.45483e-17)
(-1.92348 2.73274 0)
(-1.80482 2.79969 4.85488e-18)
(-1.69703 2.86959 9.08951e-18)
(-1.60066 2.94692 0)
(-1.5156 3.03835 0)
(-1.44335 3.15364 1.79626e-18)
(-1.38717 3.30557 -6.51875e-18)
(-1.36281 3.52376 2.26837e-19)
(-1.42497 3.76609 0)
(-1.73572 4.24646 0)
(-2.11267 2.44733 -5.63505e-18)
(-1.97198 2.52122 -5.81329e-18)
(-1.84148 2.58969 1.04722e-17)
(-1.71955 2.65558 -1.46491e-17)
(-1.60555 2.72229 5.23372e-18)
(-1.49906 2.79443 9.62178e-18)
(-1.39778 2.88018 -2.43129e-18)
(-1.30004 2.9895 2.12043e-18)
(-1.20283 3.13935 4.28436e-18)
(-1.11636 3.36805 -4.75281e-18)
(-1.05053 3.64421 -1.84874e-18)
(-1.03527 4.11574 0)
(-1.99536 2.27569 -4.871e-19)
(-1.86523 2.35415 1.00977e-17)
(-1.74156 2.42344 -9.95034e-18)
(-1.62245 2.4862 0)
(-1.50726 2.54625 -9.64146e-18)
(-1.39524 2.60773 -1.47298e-17)
(-1.28247 2.67992 -2.19225e-19)
(-1.16422 2.7708 0)
(-1.02978 2.89975 0)
(-0.879473 3.09507 1.13802e-18)
(-0.656524 3.38127 9.49655e-21)
(0.0294205 3.71419 2.32693e-18)
(0.135801 2.61639 5.70065e-19)
(0.227308 2.71221 2.27824e-18)
(0.42348 2.75192 1.23094e-19)
(0.632287 2.74327 0)
(0.84783 2.70174 5.5743e-18)
(1.05593 2.62665 -5.24259e-18)
(1.25162 2.52939 -1.55713e-17)
(1.43307 2.41907 -1.03638e-17)
(1.59858 2.30228 -8.90798e-21)
(1.74812 2.1843 -4.98006e-18)
(1.8794 2.06817 1.00239e-17)
(1.99503 1.95455 -9.61609e-18)
(0.163741 2.21143 0)
(0.292924 2.20134 0)
(0.427819 2.20803 -2.22619e-18)
(0.571023 2.2044 4.52259e-18)
(0.732102 2.19119 -1.12153e-17)
(0.903033 2.16056 -6.77396e-18)
(1.0764 2.11375 8.83833e-18)
(1.247 2.05458 2.22808e-17)
(1.40965 1.98661 -4.46781e-18)
(1.5616 1.9136 0)
(1.69669 1.8375 2.3846e-19)
(1.81658 1.75853 0)
(0.128103 1.96097 -4.47686e-19)
(0.243071 1.9292 4.60532e-19)
(0.371238 1.90653 3.76264e-18)
(0.504059 1.88339 3.51165e-20)
(0.648737 1.8612 3.83313e-18)
(0.803062 1.83487 -5.91704e-20)
(0.962451 1.80299 0)
(1.12296 1.76611 -3.92655e-18)
(1.27916 1.72461 -4.02851e-18)
(1.42675 1.67964 1.23262e-17)
(1.55629 1.63074 -1.23109e-17)
(1.66816 1.57728 8.47506e-18)
(0.0948244 1.74473 -8.14015e-19)
(0.206975 1.71935 1.65701e-18)
(0.328321 1.69716 2.7569e-20)
(0.454555 1.67686 -3.40885e-18)
(0.591888 1.65872 -6.9932e-18)
(0.740249 1.6397 -4.43526e-20)
(0.896271 1.61757 -7.23895e-18)
(1.05544 1.59076 3.67968e-18)
(1.21071 1.55767 -3.72705e-18)
(1.35418 1.51757 -7.55799e-18)
(1.47224 1.46877 0)
(1.55939 1.4118 7.95686e-18)
(2.091 1.84513 9.54925e-18)
(2.17125 1.73353 9.82914e-18)
(2.23764 1.62344 0)
(2.2924 1.51277 0)
(2.34023 1.40165 4.62993e-18)
(2.38545 1.2896 -4.53542e-18)
(2.43801 1.17218 2.1525e-18)
(2.50218 1.04345 6.6032e-18)
(2.59626 0.889227 0)
(2.70857 0.697492 0)
(2.90096 0.406385 5.96015e-19)
(2.75746 -0.240789 -1.53623e-18)
(1.91005 1.67881 -9.16771e-18)
(1.98263 1.58702 2.8773e-19)
(2.03627 1.49262 0)
(2.0737 1.39276 -4.36941e-18)
(2.10174 1.28919 -6.83108e-21)
(2.12553 1.1815 4.18764e-18)
(2.15643 1.06579 0)
(2.19657 0.935664 -4.11136e-18)
(2.26526 0.781165 0)
(2.33191 0.58504 -3.99305e-18)
(2.46059 0.350892 -1.91988e-18)
(2.37565 -0.094116 -1.5191e-26)
(1.73999 1.51943 -2.4865e-19)
(1.78604 1.43871 -8.17844e-18)
(1.81102 1.3554 0)
(1.81975 1.26471 8.13206e-18)
(1.8221 1.16993 3.91959e-18)
(1.82458 1.06976 1.29856e-21)
(1.83946 0.960963 -9.43682e-18)
(1.86706 0.835131 1.10846e-17)
(1.92629 0.68757 -1.81064e-18)
(1.97989 0.498314 8.08961e-18)
(2.07979 0.306522 2.5506e-18)
(2.05791 -0.00422061 -4.4565e-19)
(1.57333 1.34872 2.35814e-17)
(1.56328 1.26346 0)
(1.54432 1.18574 0)
(1.51923 1.10547 -7.19377e-18)
(1.49984 1.02616 -7.16275e-18)
(1.49287 0.943355 6.98543e-18)
(1.50822 0.852367 1.35427e-17)
(1.5438 0.741702 -6.62242e-18)
(1.6116 0.609427 3.28753e-18)
(1.6765 0.435461 -3.26082e-18)
(1.76626 0.262505 -1.58494e-18)
(1.79 0.0309418 -4.00079e-19)
(2.61646 -0.135827 -1.14021e-18)
(2.71229 -0.227369 0)
(2.75196 -0.423516 1.23093e-19)
(2.7433 -0.632274 0)
(2.70177 -0.847777 0)
(2.62669 -1.05585 5.2425e-18)
(2.52943 -1.25154 0)
(2.41911 -1.433 1.00264e-17)
(2.30231 -1.59853 9.87289e-18)
(2.18433 -1.74809 1.00929e-17)
(2.0682 -1.87938 -4.93859e-18)
(1.95457 -1.99503 -5.0672e-18)
(2.21151 -0.163794 -5.38989e-19)
(2.20142 -0.292979 -5.48393e-19)
(2.20808 -0.427833 -1.10521e-18)
(2.20443 -0.570992 0)
(2.19122 -0.732038 -2.24453e-18)
(2.16059 -0.902951 1.12635e-17)
(2.11378 -1.07632 0)
(2.05461 -1.24694 4.46352e-18)
(1.98665 -1.40961 -4.46764e-18)
(1.91364 -1.56158 -8.83407e-18)
(1.83754 -1.69669 -9.10078e-18)
(1.75857 -1.8166 8.88954e-18)
(1.96104 -0.128161 -8.99019e-19)
(1.92927 -0.243119 1.37704e-18)
(1.90657 -0.371235 -2.80919e-18)
(1.88341 -0.504013 1.90642e-18)
(1.86122 -0.648664 0)
(1.83489 -0.802979 -1.55718e-17)
(1.80302 -0.962378 0)
(1.76615 -1.12291 7.9983e-18)
(1.72466 -1.27913 -4.06364e-18)
(1.6797 -1.42676 8.24878e-18)
(1.6308 -1.55633 4.05576e-18)
(1.57734 -1.66821 -8.47471e-18)
(1.74477 -0.0948944 1.21764e-18)
(1.71937 -0.207019 1.65705e-18)
(1.69716 -0.328304 0)
(1.67685 -0.454496 0)
(1.65871 -0.591806 0)
(1.63971 -0.740164 1.41865e-17)
(1.6176 -0.896205 7.23867e-18)
(1.59081 -1.05541 -1.10053e-17)
(1.55773 -1.21071 1.12099e-17)
(1.51764 -1.35422 -7.55769e-18)
(1.46885 -1.4723 0)
(1.41187 -1.55946 7.7026e-18)
(1.84514 -2.09101 -9.91803e-18)
(1.73353 -2.17126 -9.8292e-18)
(1.62344 -2.23766 9.34764e-18)
(1.51276 -2.29242 -9.5835e-18)
(1.40164 -2.34025 0)
(1.28959 -2.38547 -9.23589e-18)
(1.17216 -2.43802 1.14123e-17)
(1.04344 -2.50218 -2.22084e-18)
(0.889218 -2.59624 4.34677e-18)
(0.69749 -2.70854 -1.11473e-18)
(0.406395 -2.90092 1.13914e-18)
(-0.240744 -2.7574 -7.96935e-19)
(1.67883 -1.91009 8.88264e-18)
(1.58704 -1.98267 8.81888e-18)
(1.49264 -2.03632 0)
(1.39277 -2.07374 4.21429e-18)
(1.28919 -2.10178 8.55851e-18)
(1.1815 -2.12556 4.06294e-18)
(1.06579 -2.15645 -1.64946e-17)
(0.935665 -2.19657 -4.11126e-18)
(0.781168 -2.26524 -4.039e-18)
(0.58505 -2.33187 -9.97704e-19)
(0.350911 -2.46053 9.55789e-19)
(-0.0940692 -2.37557 5.20168e-19)
(1.51948 -1.74005 0)
(1.43874 -1.78611 -1.25755e-17)
(1.35543 -1.81108 4.08819e-18)
(1.26473 -1.81981 4.12264e-18)
(1.16994 -1.82214 7.84043e-18)
(1.06977 -1.82461 -3.83119e-18)
(0.960973 -1.83947 9.30531e-18)
(0.835142 -1.86705 9.2335e-18)
(0.687586 -1.92626 1.79732e-18)
(0.498337 -1.97984 -1.79275e-18)
(0.306555 -2.07972 -4.27328e-19)
(-0.00416767 -2.05782 -3.98758e-21)
(1.34878 -1.57339 0)
(1.2635 -1.56334 -1.56837e-19)
(1.18577 -1.54437 0)
(1.10549 -1.51928 -1.45376e-17)
(1.02618 -1.49987 3.54824e-18)
(0.943371 -1.49288 -1.04601e-17)
(0.852381 -1.50821 0)
(0.741718 -1.54378 -6.62188e-18)
(0.609448 -1.61156 3.26896e-18)
(0.435493 -1.67643 -3.26177e-18)
(0.262547 -1.76617 -1.18606e-18)
(0.0310026 -1.7899 -4.00479e-19)
(-0.135763 -2.61639 -1.14017e-18)
(-0.227315 -2.71222 1.16689e-19)
(-0.423474 -2.75186 0)
(-0.632226 -2.74317 -2.62233e-18)
(-0.847712 -2.70162 5.51745e-18)
(-1.05577 -2.62655 -8.17012e-18)
(-1.25145 -2.52931 -2.12115e-19)
(-1.43291 -2.419 1.02271e-17)
(-1.59846 -2.30223 -5.03868e-18)
(-1.74804 -2.18427 0)
(-1.87935 -2.06816 -1.9702e-17)
(-1.99503 -1.95454 3.56555e-19)
(-0.163721 -2.21143 1.08407e-18)
(-0.292915 -2.20135 -5.3179e-19)
(-0.427776 -2.208 4.51237e-18)
(-0.570933 -2.20434 -8.97407e-18)
(-0.731973 -2.19112 4.52144e-18)
(-0.902879 -2.16048 -1.4947e-19)
(-1.07624 -2.11368 0)
(-1.24687 -2.05452 1.34561e-17)
(-1.40955 -1.98657 -4.46738e-18)
(-1.56155 -1.91357 0)
(-1.69669 -1.83749 8.86191e-18)
(-1.81663 -1.75854 -8.88915e-18)
(-0.12809 -1.96095 -4.46542e-19)
(-0.243052 -1.92919 2.30542e-20)
(-0.371173 -1.90649 -3.72378e-18)
(-0.503952 -1.88334 3.7794e-18)
(-0.6486 -1.86115 -3.83286e-18)
(-0.802913 -1.83482 1.16744e-17)
(-0.962315 -1.80295 1.18469e-17)
(-1.12285 -1.76608 -3.9262e-18)
(-1.2791 -1.72459 4.07476e-18)
(-1.42675 -1.67964 0)
(-1.55636 -1.63076 -8.36176e-18)
(-1.66827 -1.57732 0)
(-0.0948233 -1.74468 -1.62796e-18)
(-0.206952 -1.7193 -3.29802e-18)
(-0.328245 -1.6971 3.37551e-18)
(-0.45444 -1.6768 -1.70487e-18)
(-0.59175 -1.65866 3.4814e-18)
(-0.740108 -1.63966 -1.2384e-17)
(-0.896154 -1.61756 -7.19297e-18)
(-1.05537 -1.59077 7.34591e-18)
(-1.2107 -1.5577 -1.11629e-17)
(-1.35425 -1.51763 0)
(-1.47238 -1.46884 7.66069e-18)
(-1.55958 -1.41188 -1.56587e-17)
(-2.09103 -1.84513 1.47933e-17)
(-2.17131 -1.73353 -4.82826e-18)
(-2.23773 -1.62343 0)
(-2.2925 -1.51275 -9.22144e-18)
(-2.34034 -1.40162 0)
(-2.38556 -1.28955 0)
(-2.43812 -1.17212 -4.41747e-18)
(-2.5023 -1.04338 0)
(-2.59636 -0.889142 0)
(-2.70867 -0.697405 -4.46647e-20)
(-2.90103 -0.406297 2.30369e-18)
(-2.75751 0.24085 1.59382e-18)
(-1.91014 -1.67882 -8.88229e-18)
(-1.98274 -1.58704 0)
(-2.0364 -1.49264 0)
(-2.07383 -1.39277 -4.36911e-18)
(-2.10188 -1.28918 4.27559e-18)
(-2.12567 -1.18148 0)
(-2.15657 -1.06575 -6.27867e-18)
(-2.19672 -0.935609 -2.02931e-18)
(-2.26539 -0.781096 0)
(-2.33204 -0.58497 -1.0222e-18)
(-2.46069 -0.350819 -2.39054e-18)
(-2.37573 0.0941721 -5.18095e-19)
(-1.74013 -1.51948 8.51156e-18)
(-1.7862 -1.43875 -4.15299e-18)
(-1.81118 -1.35544 -8.30707e-18)
(-1.81992 -1.26473 4.01016e-18)
(-1.82226 -1.16993 -7.93727e-18)
(-1.82475 -1.06975 0)
(-1.83963 -0.960937 1.49895e-17)
(-1.86723 -0.83509 0)
(-1.92645 -0.687515 1.82446e-18)
(-1.98005 -0.498261 8.95807e-19)
(-2.07994 -0.306465 1.27897e-18)
(-2.05804 0.00426797 -2.24039e-22)
(-1.57352 -1.34881 -7.75267e-18)
(-1.56347 -1.26353 0)
(-1.54451 -1.1858 7.35806e-18)
(-1.51942 -1.10551 -1.09846e-17)
(-1.50004 -1.02619 1.77468e-17)
(-1.49307 -0.943365 -6.98465e-18)
(-1.50843 -0.852357 -1.35411e-17)
(-1.54401 -0.741673 0)
(-1.61181 -0.609381 0)
(-1.67669 -0.435413 0)
(-1.76643 -0.262457 -1.58193e-18)
(-1.79015 -0.0309007 -1.20552e-18)
(-2.61652 0.135866 -5.35437e-20)
(-2.71236 0.227405 5.93344e-19)
(-2.75205 0.42356 0)
(-2.74341 0.632339 5.52705e-18)
(-2.70187 0.847856 -2.63115e-18)
(-2.62678 1.05593 -7.92643e-18)
(-2.52951 1.25162 -5.20849e-18)
(-2.41917 1.43308 5.12087e-18)
(-2.30236 1.59859 9.8722e-18)
(-2.18437 1.74813 1.00922e-17)
(-2.06822 1.87941 -1.0023e-17)
(-1.95458 1.99504 -9.61531e-18)
(-2.2116 0.163834 -1.65879e-26)
(-2.20152 0.293015 2.22427e-18)
(-2.2082 0.427882 4.51235e-18)
(-2.20456 0.571061 0)
(-2.19136 0.732124 4.52146e-18)
(-2.16073 0.903048 0)
(-2.11392 1.07642 4.46488e-18)
(-2.05474 1.24703 -6.39482e-21)
(-1.98676 1.40969 -1.34735e-17)
(-1.91373 1.56165 -8.83348e-18)
(-1.83761 1.69673 8.86173e-18)
(-1.75862 1.81662 9.15222e-18)
(-1.96116 0.128205 4.51267e-19)
(-1.9294 0.243171 -4.58173e-18)
(-1.90671 0.371303 -6.54748e-18)
(-1.88356 0.504099 -1.8985e-18)
(-1.86138 0.648763 -1.15537e-17)
(-1.83505 0.803086 5.87172e-18)
(-1.80318 0.962484 4.85903e-21)
(-1.7663 1.123 3.98716e-18)
(-1.7248 1.27922 -1.06685e-19)
(-1.67982 1.42682 0)
(-1.6309 1.55636 0)
(-1.57741 1.66822 2.19456e-19)
(-1.74492 0.0949399 4.10386e-19)
(-1.71952 0.207078 1.64101e-18)
(-1.69732 0.328381 3.34784e-18)
(-1.67701 0.454592 -3.43464e-18)
(-1.65887 0.591915 1.39382e-17)
(-1.63986 0.740277 -7.07069e-18)
(-1.61775 0.896309 0)
(-1.59094 1.05549 7.36816e-18)
(-1.55785 1.21077 7.43626e-18)
(-1.51774 1.35424 0)
(-1.46892 1.47229 0)
(-1.41192 1.55942 -2.33607e-17)
(-1.84515 2.091 9.54856e-18)
(-1.73353 2.17124 -9.8285e-18)
(-1.62344 2.23763 -1.44911e-17)
(-1.51276 2.29238 -7.26029e-21)
(-1.40165 2.34021 9.38596e-18)
(-1.28959 2.38543 2.26761e-17)
(-1.17218 2.43798 4.41779e-18)
(-1.04346 2.50216 -4.52655e-18)
(-0.889242 2.59623 0)
(-0.69751 2.70854 -4.46688e-20)
(-0.406398 2.90093 0)
(0.240794 2.75739 -7.96944e-19)
(-1.67887 1.91009 0)
(-1.58707 1.98266 -2.87695e-19)
(-1.49266 2.0363 8.71715e-18)
(-1.39279 2.07372 -1.32306e-17)
(-1.28921 2.10176 -1.28104e-17)
(-1.18152 2.12554 -8.25024e-18)
(-1.0658 2.15644 1.04276e-17)
(-0.935685 2.19658 6.10277e-18)
(-0.781189 2.26526 -4.03908e-18)
(-0.585066 2.3319 1.97297e-18)
(-0.350918 2.46056 0)
(0.0941061 2.37561 0)
(-1.51953 1.74005 -8.51118e-18)
(-1.43878 1.7861 4.02479e-18)
(-1.35546 1.81107 -4.21569e-18)
(-1.26475 1.8198 3.89546e-18)
(-1.16997 1.82215 1.16537e-17)
(-1.06979 1.82463 0)
(-0.960995 1.8395 1.40231e-19)
(-0.835164 1.86709 -3.65889e-18)
(-0.687606 1.9263 -2.72737e-20)
(-0.498352 1.97989 -3.59782e-18)
(-0.306563 2.07977 4.27347e-19)
(0.00418903 2.05789 -4.45864e-19)
(-1.34882 1.57336 -8.07397e-18)
(-1.26353 1.56332 0)
(-1.1858 1.54437 7.35815e-18)
(-1.10552 1.51929 -1.09849e-17)
(-1.02621 1.4999 3.56166e-18)
(-0.943397 1.49292 0)
(-0.852407 1.50827 9.82598e-20)
(-0.741744 1.54383 6.6907e-18)
(-0.609472 1.61163 3.26917e-18)
(-0.435513 1.67651 -1.20997e-21)
(-0.262558 1.76625 0)
(-0.0309909 1.78999 8.02864e-19)
(0.0813579 1.54026 1.14739e-18)
(0.191978 1.5405 2.18087e-20)
(0.316104 1.54287 -4.99503e-18)
(0.449888 1.54901 0)
(0.597651 1.55504 7.8666e-18)
(0.755399 1.55573 1.8654e-17)
(0.915681 1.54627 2.67338e-17)
(1.06863 1.52236 0)
(1.20157 1.48147 0)
(1.30049 1.42343 -5.38292e-18)
(1.35068 1.35088 5.34158e-18)
(1.34139 1.27112 -2.14569e-17)
(0.0779919 1.36133 -5.84399e-19)
(0.189174 1.37977 1.85167e-18)
(0.311945 1.39895 -6.40671e-18)
(0.445702 1.42029 0)
(0.591322 1.43785 1.08507e-17)
(0.742766 1.44529 -1.08513e-17)
(0.890224 1.43678 -5.42771e-18)
(1.02134 1.40797 6.49577e-21)
(1.12183 1.35695 -5.52612e-18)
(1.17843 1.28659 0)
(1.18163 1.2059 0)
(1.12964 1.12772 2.27859e-17)
(0.0857448 1.19705 0)
(0.195122 1.22424 -2.45474e-18)
(0.314867 1.25053 5.12278e-18)
(0.444437 1.27601 2.67772e-18)
(0.581633 1.2943 -1.65503e-17)
(0.718377 1.29944 8.42812e-18)
(0.843325 1.28633 -1.71534e-17)
(0.943484 1.25203 5.81679e-18)
(1.00607 1.19679 1.38285e-20)
(1.02258 1.12614 2.91668e-20)
(0.989999 1.05269 -3.23335e-17)
(0.920557 0.998747 -2.67502e-17)
(0.0971228 1.04044 0)
(0.20208 1.06874 4.9347e-18)
(0.315529 1.09421 0)
(0.435972 1.11593 1.07608e-17)
(0.558834 1.12813 0)
(0.674645 1.12589 5.84881e-18)
(0.7714 1.10552 2.4033e-17)
(0.836615 1.06529 -6.28138e-18)
(0.859864 1.00587 0)
(0.837655 0.93075 0)
(0.77111 0.848907 -8.35519e-18)
(0.694847 0.823332 8.26487e-18)
(1.25454 1.18146 -2.15338e-17)
(1.20608 1.075 -5.32869e-18)
(1.17234 1.01108 2.6511e-17)
(1.14909 0.945999 -1.55061e-17)
(1.15003 0.885725 1.9893e-17)
(1.17599 0.819954 -1.928e-17)
(1.22931 0.741051 -2.33162e-17)
(1.30422 0.638059 0)
(1.39533 0.509102 -4.40906e-18)
(1.47631 0.348694 0)
(1.54684 0.190498 0)
(1.56291 0.0185554 -1.11275e-18)
(0.99545 1.03815 0)
(0.947907 0.909664 0)
(0.92346 0.857789 -2.03376e-17)
(0.911876 0.806901 4.91734e-18)
(0.928619 0.76048 4.76967e-18)
(0.970649 0.708004 -5.17946e-20)
(1.03703 0.64178 1.12099e-17)
(1.11991 0.55294 6.64391e-18)
(1.20941 0.439897 0)
(1.28528 0.302166 0)
(1.34157 0.165532 -5.43294e-19)
(1.36116 0.0236357 2.79774e-18)
(0.745742 0.941634 0)
(0.724011 0.783779 -5.35751e-18)
(0.722976 0.741151 -1.51991e-17)
(0.728192 0.701693 1.94436e-17)
(0.75877 0.662351 1.88e-17)
(0.81056 0.615034 4.53777e-18)
(0.881205 0.553578 -6.68102e-18)
(0.962475 0.471908 -6.53245e-18)
(1.04415 0.369942 8.70598e-18)
(1.11104 0.250442 0)
(1.15868 0.132352 5.47552e-19)
(1.18231 0.0126928 1.70427e-18)
(0.506875 0.849861 -3.46883e-17)
(0.525665 0.659356 -2.35265e-17)
(0.557202 0.631857 2.0714e-17)
(0.58016 0.607329 -2.43958e-17)
(0.620623 0.575144 4.7649e-18)
(0.67677 0.532126 0)
(0.746118 0.474774 -2.25794e-18)
(0.821254 0.399735 3.86499e-21)
(0.893353 0.308256 -6.52597e-18)
(0.951489 0.204271 0)
(0.993309 0.101261 -3.87619e-18)
(1.01913 -0.00294122 -5.13232e-18)
(1.54027 -0.0814214 -2.30391e-18)
(1.54045 -0.191987 -2.39291e-18)
(1.54282 -0.316058 0)
(1.54897 -0.449816 0)
(1.55504 -0.597573 7.97419e-18)
(1.55576 -0.755339 -7.93105e-18)
(1.54632 -0.915655 1.04204e-19)
(1.52244 -1.06864 1.5975e-17)
(1.48156 -1.20161 -5.24006e-18)
(1.42352 -1.30055 5.38234e-18)
(1.35096 -1.35073 -2.68354e-17)
(1.27118 -1.34144 0)
(1.36129 -0.0780474 1.75094e-18)
(1.3797 -0.189181 1.84138e-18)
(1.39889 -0.31191 -5.12601e-18)
(1.42024 -0.445649 -2.65529e-18)
(1.43785 -0.591271 -8.03976e-18)
(1.44533 -0.742737 0)
(1.43685 -0.890229 -1.64018e-17)
(1.40807 -1.02138 -5.5343e-18)
(1.35706 -1.12188 -1.10216e-17)
(1.28668 -1.17849 0)
(1.20598 -1.18168 2.26468e-17)
(1.12778 -1.12967 0)
(1.19699 -0.0857955 1.18323e-18)
(1.22416 -0.195129 -4.92287e-18)
(1.25047 -0.314846 5.12229e-18)
(1.27597 -0.444406 2.67741e-18)
(1.2943 -0.581611 -5.53116e-18)
(1.29949 -0.71838 2.81525e-18)
(1.28642 -0.843357 0)
(1.25213 -0.943539 5.77412e-18)
(1.1969 -1.00613 5.95958e-18)
(1.12624 -1.02263 6.2031e-18)
(1.05277 -0.990028 -3.23296e-17)
(0.998798 -0.920566 0)
(1.04038 -0.0971719 -2.36816e-18)
(1.06866 -0.202093 7.39163e-18)
(1.09414 -0.315524 0)
(1.1159 -0.435964 -1.07594e-17)
(1.12813 -0.558839 0)
(1.12593 -0.674673 -5.84826e-18)
(1.10559 -0.771452 -6.02323e-18)
(1.0654 -0.836678 3.13721e-17)
(1.00599 -0.85992 9.27579e-21)
(0.930859 -0.837688 -7.31607e-18)
(0.848993 -0.771115 3.36794e-17)
(0.823374 -0.694825 -3.28495e-17)
(1.1815 -1.25459 0)
(1.07504 -1.20613 -1.07113e-17)
(1.0111 -1.17237 0)
(0.946018 -1.1491 5.10127e-18)
(0.885738 -1.15002 4.99853e-18)
(0.819964 -1.17596 2.40639e-17)
(0.741061 -1.22926 7.01911e-18)
(0.638076 -1.30415 -2.27281e-18)
(0.509128 -1.39524 4.45369e-18)
(0.348734 -1.47621 -3.34295e-20)
(0.190553 -1.54674 2.14375e-18)
(0.0186204 -1.56282 0)
(1.03819 -0.995487 5.6982e-18)
(0.909694 -0.947932 -1.06766e-17)
(0.857813 -0.923468 5.07713e-18)
(0.80692 -0.911862 0)
(0.760493 -0.928581 9.54976e-18)
(0.708014 -0.970589 -9.2169e-18)
(0.64179 -1.03695 -1.79859e-17)
(0.552955 -1.11982 0)
(0.43992 -1.20931 -4.32797e-18)
(0.302202 -1.28518 -3.85851e-20)
(0.165581 -1.34147 -5.43197e-19)
(0.0236943 -1.36109 5.6144e-19)
(0.941661 -0.745761 0)
(0.783804 -0.724016 -8.31503e-20)
(0.741174 -0.722962 -2.0236e-17)
(0.701714 -0.728157 1.94382e-17)
(0.662368 -0.758713 -9.36218e-18)
(0.615048 -0.810485 -4.55099e-18)
(0.553593 -0.881115 1.109e-17)
(0.471926 -0.962378 8.77354e-18)
(0.369966 -1.04406 2.17316e-18)
(0.250475 -1.11095 4.32761e-18)
(0.132396 -1.1586 0)
(0.012743 -1.18225 1.13566e-18)
(0.849877 -0.506873 -3.46834e-17)
(0.659381 -0.525654 1.74782e-17)
(0.631881 -0.557172 4.66719e-17)
(0.607354 -0.580112 -2.43882e-17)
(0.575168 -0.620557 -1.4137e-17)
(0.532147 -0.676692 -1.37201e-17)
(0.474794 -0.74603 -4.45537e-18)
(0.399755 -0.821165 -8.75821e-18)
(0.30828 -0.893267 0)
(0.204301 -0.951412 1.09078e-18)
(0.101299 -0.993247 -1.10679e-18)
(-0.00289812 -1.01909 -2.28018e-18)
(-0.0813564 -1.5402 2.29444e-18)
(-0.191931 -1.5404 2.39262e-18)
(-0.316007 -1.54278 -4.9942e-18)
(-0.449768 -1.54894 0)
(-0.597526 -1.55501 2.63138e-18)
(-0.755298 -1.55573 8.03895e-18)
(-0.915634 -1.54631 0)
(-1.06866 -1.52245 1.07215e-17)
(-1.20169 -1.48159 0)
(-1.30069 -1.42357 2.68464e-17)
(-1.35092 -1.35103 -1.07431e-17)
(-1.34164 -1.27127 2.67998e-17)
(-0.0779891 -1.36124 -5.84289e-19)
(-0.189128 -1.37967 3.06683e-18)
(-0.311863 -1.39887 -5.12544e-18)
(-0.445607 -1.42023 -8.02899e-18)
(-0.591236 -1.43784 -1.10628e-20)
(-0.742718 -1.44534 -1.35828e-17)
(-0.890243 -1.43688 -1.65008e-17)
(-1.02145 -1.40812 -1.64806e-17)
(-1.12202 -1.35714 -2.21791e-17)
(-1.17869 -1.28679 -2.23462e-17)
(-1.18192 -1.2061 0)
(-1.12992 -1.12792 0)
(-0.0857447 -1.19696 2.36609e-18)
(-0.195081 -1.22414 -3.68271e-18)
(-0.314804 -1.25046 6.40939e-18)
(-0.444372 -1.27598 -6.80019e-20)
(-0.581591 -1.29432 1.10885e-17)
(-0.718386 -1.29952 5.65378e-18)
(-0.843407 -1.28647 1.7087e-17)
(-0.943651 -1.2522 4.06899e-17)
(-1.00631 -1.197 1.78332e-17)
(-1.02288 -1.12636 -2.47507e-17)
(-0.990306 -1.05291 0)
(-0.920842 -0.998969 0)
(-0.0971279 -1.04036 -4.73551e-18)
(-0.202051 -1.06866 1.22894e-18)
(-0.315488 -1.09416 -1.2863e-18)
(-0.435939 -1.11592 1.33925e-17)
(-0.558833 -1.12816 -1.40658e-17)
(-0.674701 -1.12598 -5.77283e-18)
(-0.771531 -1.10565 1.71292e-20)
(-0.836821 -1.06547 6.32017e-18)
(-0.860131 -1.00607 -2.66648e-17)
(-0.837954 -0.93096 2.92849e-17)
(-0.771401 -0.849115 -3.3588e-17)
(-0.695105 -0.823552 0)
(-1.25476 -1.18159 -2.16552e-17)
(-1.2063 -1.0751 -5.32741e-18)
(-1.17256 -1.01116 5.29243e-18)
(-1.14932 -0.946065 -5.24291e-18)
(-1.15026 -0.885769 -4.91122e-18)
(-1.17622 -0.819975 -9.78797e-20)
(-1.22954 -0.74105 1.15924e-17)
(-1.30443 -0.63804 -2.27247e-18)
(-1.39552 -0.509072 0)
(-1.47648 -0.348665 0)
(-1.547 -0.190473 2.14337e-18)
(-1.56307 -0.0185277 2.21196e-18)
(-0.995684 -1.03833 4.55869e-17)
(-0.948136 -0.909788 0)
(-0.923696 -0.857893 0)
(-0.912112 -0.806983 9.83704e-18)
(-0.928852 -0.760538 -4.78957e-18)
(-0.970876 -0.708038 4.58784e-18)
(-1.03724 -0.64179 0)
(-1.12011 -0.552929 -6.6471e-18)
(-1.20959 -0.439872 -2.17932e-18)
(-1.28544 -0.302138 4.3482e-18)
(-1.34172 -0.165505 -2.72389e-18)
(-1.36131 -0.0236056 -5.56415e-19)
(-0.745956 -0.941838 -2.57519e-17)
(-0.724229 -0.783913 1.60827e-17)
(-0.723204 -0.741259 5.04034e-18)
(-0.728418 -0.701779 4.84974e-18)
(-0.758991 -0.662414 4.66982e-18)
(-0.810771 -0.615074 0)
(-0.881401 -0.553595 2.21977e-18)
(-0.962654 -0.471905 4.34511e-18)
(-1.04431 -0.369925 2.17287e-18)
(-1.11118 -0.250419 -4.327e-18)
(-1.15881 -0.132328 2.18448e-18)
(-1.18243 -0.0126655 -1.13551e-18)
(-0.507047 -0.850083 3.46796e-17)
(-0.525857 -0.659483 -2.33295e-17)
(-0.55741 -0.631958 -5.18594e-18)
(-0.580367 -0.607413 2.00834e-22)
(-0.620822 -0.575208 -1.41354e-17)
(-0.676959 -0.532168 -4.55983e-18)
(-0.746291 -0.474795 1.3372e-17)
(-0.82141 -0.399737 0)
(-0.893491 -0.308245 8.74195e-18)
(-0.951609 -0.204254 0)
(-0.993415 -0.101242 -4.42657e-18)
(-1.01923 0.00296246 2.27991e-18)
(-1.54042 0.0814659 1.16538e-18)
(-1.54061 0.192048 0)
(-1.54297 0.316134 5.04069e-18)
(-1.5491 0.4499 5.16447e-18)
(-1.55514 0.597654 -1.04962e-17)
(-1.55584 0.755402 5.38769e-18)
(-1.54638 0.915687 1.07451e-17)
(-1.52248 1.06864 5.13874e-20)
(-1.48158 1.20157 5.38505e-18)
(-1.42353 1.30048 -1.60829e-17)
(-1.35097 1.35065 -5.34094e-18)
(-1.27119 1.34136 2.14546e-17)
(-1.36143 0.0780894 -1.74827e-18)
(-1.37983 0.189233 -6.1277e-19)
(-1.399 0.311969 -5.08324e-18)
(-1.42032 0.445706 0)
(-1.43789 0.591312 -1.35453e-17)
(-1.44534 0.742749 -8.1164e-18)
(-1.43683 0.890202 9.99722e-20)
(-1.40802 1.02131 5.50775e-18)
(-1.357 1.12178 -1.65475e-17)
(-1.28664 1.17837 2.23482e-17)
(-1.20594 1.18156 0)
(-1.12774 1.12957 2.27846e-17)
(-1.1971 0.0858299 -2.95481e-18)
(-1.22425 0.195166 6.16672e-19)
(-1.25053 0.314879 0)
(-1.276 0.444427 -1.0758e-17)
(-1.29429 0.581607 1.37765e-17)
(-1.29944 0.718339 1.4062e-17)
(-1.28633 0.843276 -1.70873e-17)
(-1.25203 0.943424 -2.32861e-17)
(-1.1968 1.006 -2.38738e-17)
(-1.12616 1.0225 3.09572e-17)
(-1.0527 0.989902 -6.44945e-18)
(-0.998732 0.92046 -5.34653e-17)
(-1.04045 0.0971945 4.144e-18)
(-1.06871 0.20211 6.1675e-19)
(-1.09416 0.315529 0)
(-1.11588 0.435949 1.33916e-17)
(-1.12807 0.558793 -1.18598e-20)
(-1.12584 0.674588 -2.87706e-18)
(-1.10547 0.771332 0)
(-1.06526 0.836536 6.23396e-18)
(-1.00586 0.859774 1.99873e-17)
(-0.930749 0.837552 -3.1273e-20)
(-0.848908 0.770996 3.35957e-17)
(-0.823287 0.694728 6.60319e-17)
(-1.18151 1.25455 2.15311e-17)
(-1.07506 1.20612 5.32811e-18)
(-1.01113 1.17238 -5.2934e-18)
(-0.946043 1.14913 1.02607e-17)
(-0.885765 1.15007 0)
(-0.819993 1.17603 1.44888e-17)
(-0.741091 1.22934 -2.09884e-17)
(-0.638105 1.30424 -1.12949e-17)
(-0.509153 1.39534 0)
(-0.348751 1.47632 4.35489e-18)
(-0.190557 1.54685 0)
(-0.0186159 1.56292 -1.10419e-18)
(-1.03816 0.995447 0)
(-0.909695 0.947922 0)
(-0.857822 0.923482 0)
(-0.806935 0.911901 -4.92301e-18)
(-0.760513 0.928643 8.8656e-21)
(-0.708039 0.970673 -4.58951e-18)
(-0.641819 1.03705 8.9626e-18)
(-0.552986 1.11994 -8.8526e-18)
(-0.439949 1.20943 0)
(-0.302226 1.28531 3.26768e-18)
(-0.165596 1.3416 1.6322e-18)
(-0.0237004 1.3612 -5.61549e-19)
(-0.941597 0.745731 0)
(-0.783784 0.724013 1.60876e-17)
(-0.741169 0.722982 -1.04475e-20)
(-0.701715 0.728203 3.64807e-22)
(-0.662377 0.758785 4.69311e-18)
(-0.615064 0.810581 4.57817e-18)
(-0.553615 0.88123 6.6701e-18)
(-0.471953 0.962505 4.34684e-18)
(-0.369995 1.04419 2.17373e-18)
(-0.250501 1.11108 -4.32873e-18)
(-0.132417 1.15873 -2.19744e-18)
(-0.0127587 1.18237 0)
(-0.849782 0.506867 8.53723e-18)
(-0.659343 0.525665 -5.68476e-18)
(-0.631863 0.557202 0)
(-0.607343 0.580166 0)
(-0.575163 0.620635 -4.70314e-18)
(-0.53215 0.676791 1.70126e-20)
(-0.474807 0.746147 -1.33777e-17)
(-0.399776 0.821291 0)
(-0.308307 0.893398 -8.74558e-18)
(-0.20433 0.95154 0)
(-0.101325 0.993367 -2.22237e-18)
(0.00287416 1.0192 0)
(0.107892 0.888677 -1.18787e-18)
(0.206025 0.912572 -4.90701e-18)
(0.310098 0.931493 0)
(0.417396 0.94418 -1.06935e-17)
(0.521557 0.945908 -2.82081e-18)
(0.612066 0.933205 -1.50045e-17)
(0.67641 0.903758 6.40098e-18)
(0.701644 0.856306 0)
(0.675682 0.7899 0)
(0.589032 0.703002 9.25927e-18)
(0.411402 0.574177 3.9488e-17)
(0.166078 0.437757 0)
(0.115635 0.741772 1.18925e-18)
(0.204906 0.757699 0)
(0.297193 0.766577 -1.01794e-17)
(0.388613 0.767315 2.65858e-18)
(0.47147 0.756497 -2.83402e-18)
(0.534475 0.732444 1.82081e-17)
(0.564607 0.694504 1.3287e-17)
(0.54804 0.642594 -7.53051e-18)
(0.470094 0.576174 0)
(0.316904 0.498056 0)
(0.0412914 0.384117 0)
(-0.267366 0.360307 0)
(0.11912 0.601073 -1.19969e-18)
(0.197985 0.607169 -6.14569e-18)
(0.276901 0.604502 1.14116e-17)
(0.351024 0.592456 0)
(0.411818 0.569202 0)
(0.447735 0.535216 -5.46885e-17)
(0.445892 0.492261 3.36161e-17)
(0.393165 0.443167 0)
(0.277405 0.391167 -9.40863e-18)
(0.0941763 0.347205 2.51939e-17)
(-0.145683 0.306515 -2.15314e-17)
(-0.329861 0.329593 0)
(0.117957 0.468421 1.21419e-18)
(0.185467 0.464126 4.95309e-18)
(0.250275 0.449907 -1.01688e-17)
(0.306899 0.42576 7.96373e-18)
(0.346558 0.391699 -8.42577e-18)
(0.358143 0.350543 -6.02464e-18)
(0.330094 0.307099 -4.71295e-17)
(0.252221 0.267946 -7.761e-18)
(0.12005 0.240646 9.46882e-18)
(-0.0550116 0.240834 4.91286e-17)
(-0.234044 0.269213 0)
(-0.351558 0.326293 0)
(0.112345 0.345592 0)
(0.168112 0.331253 0)
(0.218813 0.306366 1.02759e-17)
(0.258718 0.271662 -1.06758e-17)
(0.279369 0.229021 -1.40741e-17)
(0.270812 0.183551 5.76534e-17)
(0.223829 0.14313 1.34581e-17)
(0.132389 0.11756 3.8677e-17)
(0.000583668 0.116873 0)
(-0.150979 0.15537 -4.75752e-17)
(-0.28706 0.225206 -7.37007e-17)
(-0.362758 0.296861 0)
(0.102817 0.233947 0)
(0.146907 0.210491 1.29013e-18)
(0.184059 0.17625 -1.31727e-18)
(0.208662 0.132807 2.70645e-18)
(0.21304 0.0836895 4.27992e-17)
(0.188916 0.0359895 -3.05801e-17)
(0.129874 0.000155132 6.77253e-18)
(0.033836 -0.0119849 -3.08895e-17)
(-0.0888203 0.00990549 -9.23756e-18)
(-0.215919 0.0772389 1.18299e-17)
(-0.321274 0.174052 7.19074e-17)
(-0.354695 0.263009 0)
(0.090063 0.134281 0)
(0.122866 0.102947 1.35123e-18)
(0.147375 0.0608196 -1.37346e-18)
(0.158392 0.0103362 0)
(0.149311 -0.0436507 -2.64661e-17)
(0.113797 -0.0925607 -3.10469e-18)
(0.048166 -0.124092 -1.37818e-17)
(-0.0468022 -0.12549 -3.9329e-17)
(-0.156847 -0.0874076 3.76591e-17)
(-0.261262 -0.000145822 0)
(-0.339813 0.115998 1.49028e-16)
(-0.334657 0.217628 0)
(0.0747987 0.0467735 0)
(0.0968773 0.00892724 1.46075e-18)
(0.109792 -0.0396526 1.03176e-17)
(0.108969 -0.0957662 3.00403e-18)
(0.0889764 -0.153586 2.19076e-17)
(0.0454511 -0.203655 -6.62765e-18)
(-0.0229236 -0.23243 3.64167e-17)
(-0.113696 -0.226875 6.64581e-17)
(-0.209902 -0.178988 4.01724e-17)
(-0.29278 -0.0789402 1.32948e-17)
(-0.345112 0.0526288 -2.0188e-17)
(-0.301603 0.168543 0)
(0.0576462 -0.0290596 0)
(0.0695858 -0.0720685 0)
(0.0719232 -0.125795 -1.34585e-17)
(0.0608044 -0.186436 0)
(0.0319666 -0.24761 1.43123e-20)
(-0.017089 -0.299435 -7.46577e-18)
(-0.085666 -0.327573 8.19308e-18)
(-0.170721 -0.31903 -3.74783e-17)
(-0.252431 -0.266904 -1.13764e-17)
(-0.313684 -0.159818 1.37029e-16)
(-0.338298 -0.0150027 -1.90354e-16)
(-0.259007 0.115698 3.0027e-16)
(0.0393939 -0.0945899 0)
(0.0417572 -0.141569 8.73233e-18)
(0.0343941 -0.199348 -1.74154e-17)
(0.0141774 -0.263722 4.39606e-18)
(-0.0221118 -0.32826 -4.54774e-17)
(-0.0750904 -0.382697 3.36471e-17)
(-0.142464 -0.412341 -4.05575e-17)
(-0.221164 -0.404371 1.13623e-17)
(-0.287826 -0.351979 -1.09903e-16)
(-0.326483 -0.241936 -1.30294e-16)
(-0.321095 -0.0848172 -3.09047e-17)
(-0.206774 0.0602288 -3.82103e-16)
(0.0219997 -0.153387 0)
(0.0154475 -0.203312 -4.57393e-17)
(-0.000866169 -0.264345 2.98384e-17)
(-0.0294498 -0.331921 0)
(-0.0728164 -0.400119 -7.10879e-18)
(-0.129188 -0.457586 -3.57962e-17)
(-0.196215 -0.49077 -5.92406e-17)
(-0.266586 -0.48607 -3.21437e-17)
(-0.3181 -0.433531 1.90535e-16)
(-0.330858 -0.323221 1.75556e-16)
(-0.288671 -0.163165 0)
(-0.148754 -0.00173221 0)
(0.008654 -0.213168 -2.07327e-17)
(-0.00525614 -0.263807 -3.65843e-20)
(-0.0284084 -0.326743 0)
(-0.0625515 -0.396241 1.57876e-17)
(-0.109933 -0.46891 -1.47892e-17)
(-0.166283 -0.527594 -1.40061e-16)
(-0.22826 -0.573446 4.67755e-16)
(-0.294267 -0.558846 0)
(-0.312235 -0.4967 -2.39834e-16)
(-0.2971 -0.391431 -2.7923e-16)
(-0.245614 -0.236348 -4.27142e-16)
(-0.122906 -0.0381615 1.2178e-15)
(0.241436 0.527097 9.04869e-17)
(0.369963 0.498132 2.72468e-17)
(0.417917 0.517472 -2.14597e-17)
(0.457189 0.516858 0)
(0.503397 0.494651 -2.38861e-17)
(0.560236 0.456909 -1.39009e-17)
(0.625447 0.404239 1.12526e-17)
(0.692829 0.335958 6.66788e-18)
(0.755342 0.254411 0)
(0.805353 0.163718 1.10293e-18)
(0.841944 0.0732566 3.34169e-18)
(0.867089 -0.0191245 2.29123e-18)
(0.273822 0.166564 1.49264e-16)
(0.281073 0.341062 -7.74683e-18)
(0.311931 0.408795 2.82128e-17)
(0.35444 0.430549 0)
(0.401691 0.419994 0)
(0.456437 0.38852 2.36645e-17)
(0.516188 0.341195 1.38141e-17)
(0.575567 0.279728 -1.1288e-17)
(0.629095 0.207387 2.24401e-18)
(0.67142 0.128123 1.00956e-17)
(0.702441 0.0484651 -1.13328e-18)
(0.724257 -0.0337194 1.15744e-18)
(0.29659 -0.00763823 -1.61557e-16)
(0.21983 0.205564 0)
(0.231695 0.312436 0)
(0.267127 0.350173 0)
(0.312018 0.351011 0)
(0.362859 0.326374 2.44781e-17)
(0.416714 0.284904 -4.49881e-17)
(0.468494 0.230275 1.15911e-17)
(0.513842 0.1665 0)
(0.548832 0.0972919 -9.13981e-18)
(0.573759 0.0273275 -4.03189e-18)
(0.590263 -0.0453426 -1.75698e-18)
(0.303505 -0.118776 1.40515e-16)
(0.171544 0.101635 4.7485e-17)
(0.166532 0.228634 -3.21988e-17)
(0.191406 0.277021 2.26229e-17)
(0.231727 0.287474 0)
(0.277895 0.269874 5.12006e-18)
(0.326 0.234602 1.72026e-17)
(0.370924 0.18684 -1.43658e-17)
(0.408962 0.13116 2.3612e-18)
(0.437087 0.0711012 -1.17137e-18)
(0.455583 0.0101563 5.88683e-18)
(0.465581 -0.0532567 0)
(0.2964 -0.18996 -3.2631e-19)
(0.127926 0.0215444 -4.2229e-17)
(0.109379 0.155219 3.51353e-17)
(0.123698 0.210677 -5.45714e-17)
(0.158725 0.228881 2.26838e-17)
(0.200369 0.218315 1.41881e-20)
(0.243305 0.189507 -2.58029e-18)
(0.282294 0.148658 2.5028e-17)
(0.313945 0.100764 -2.45587e-18)
(0.335804 0.0492847 0)
(0.347932 -0.00300874 6.06121e-19)
(0.351027 -0.0572646 -3.06003e-18)
(0.276016 -0.233129 -1.30809e-16)
(0.084559 -0.0421727 0)
(0.0558265 0.0896336 0)
(0.0612421 0.149883 3.28876e-17)
(0.0913954 0.174387 -5.4702e-17)
(0.129355 0.170862 -2.87761e-17)
(0.168038 0.148821 2.75556e-18)
(0.202112 0.114985 -2.12032e-17)
(0.228366 0.0747032 2.58922e-18)
(0.244665 0.0314538 -1.27285e-18)
(0.250855 -0.0123886 1.90239e-18)
(0.247267 -0.0575666 -6.36737e-19)
(0.241954 -0.254919 -2.71266e-16)
(0.0392916 -0.0941963 -1.24701e-16)
(0.00293317 0.0295336 1.76755e-17)
(0.0018285 0.0929073 2.19461e-17)
(0.0286822 0.123027 5.34415e-17)
(0.0640747 0.12659 6.28443e-18)
(0.0996531 0.111726 -5.98181e-18)
(0.12991 0.0850947 0)
(0.151795 0.0523688 0)
(0.163346 0.0171384 9.55075e-18)
(0.164259 -0.0183901 1.35156e-18)
(0.154626 -0.0545969 2.69033e-18)
(0.193135 -0.258981 2.93238e-16)
(-0.00788611 -0.136348 -1.06885e-19)
(-0.0512108 -0.0268414 -8.25879e-17)
(-0.0558238 0.0381125 -1.00483e-16)
(-0.0304598 0.0735066 -3.03689e-17)
(0.00378323 0.0844689 7.09928e-18)
(0.0375453 0.0773346 -1.0081e-17)
(0.0651459 0.0582378 3.20857e-18)
(0.0836957 0.0331314 2.47347e-17)
(0.0913632 0.00581479 -2.56291e-17)
(0.0878122 -0.0215102 2.22673e-18)
(0.0730258 -0.0489007 -3.67818e-18)
(0.132527 -0.248671 -2.97489e-16)
(-0.0568953 -0.168603 1.47178e-16)
(-0.107624 -0.0802334 1.01508e-16)
(-0.112503 -0.0156999 -2.09469e-20)
(-0.0870311 0.02451 0)
(-0.0524198 0.0433475 3.41508e-17)
(-0.0191152 0.044651 4.01331e-18)
(0.00703852 0.0335904 -7.97109e-21)
(0.0232702 0.0163223 -6.20137e-17)
(0.0279076 -0.0030778 1.4145e-17)
(0.0207731 -0.022282 0)
(0.00186984 -0.0410319 3.41129e-18)
(0.0592286 -0.228904 8.66565e-16)
(-0.105607 -0.19278 0)
(-0.166107 -0.130488 1.72815e-17)
(-0.169331 -0.0691052 2.05675e-16)
(-0.142727 -0.0248493 1.12716e-16)
(-0.106497 0.00208378 -2.54142e-20)
(-0.0720923 0.0125753 -1.64092e-17)
(-0.0459383 0.0102259 4.6233e-17)
(-0.0309089 0.00118167 3.90184e-17)
(-0.0284845 -0.0102483 1.63546e-17)
(-0.038322 -0.021408 2.26869e-18)
(-0.060215 -0.0317317 0)
(-0.00649474 -0.188226 -5.60357e-16)
(-0.162637 -0.200609 0)
(-0.224803 -0.175154 0)
(-0.228447 -0.122002 -1.87007e-16)
(-0.201709 -0.0757249 -1.79981e-16)
(-0.163651 -0.0409353 -8.43787e-17)
(-0.126062 -0.0202285 -7.86826e-17)
(-0.0976097 -0.0128575 -1.38061e-16)
(-0.0822226 -0.0132497 -8.71113e-18)
(-0.0810873 -0.0167847 -3.66485e-17)
(-0.0928158 -0.0203402 3.87586e-18)
(-0.11662 -0.0227523 0)
(-0.0516051 -0.14448 -8.0897e-16)
(-0.181562 -0.201911 0)
(-0.273372 -0.212363 0)
(-0.282159 -0.176672 4.54316e-17)
(-0.263039 -0.133609 -4.53691e-17)
(-0.228916 -0.0919575 4.56726e-17)
(-0.187529 -0.0573683 -5.04035e-17)
(-0.154708 -0.0376361 2.14085e-16)
(-0.138312 -0.0289162 0)
(-0.137634 -0.0248036 -1.14082e-16)
(-0.150481 -0.0214427 -8.40251e-17)
(-0.175511 -0.0167902 2.24481e-17)
(0.888611 -0.107943 -3.19816e-21)
(0.912496 -0.206046 -4.90671e-18)
(0.931434 -0.310109 0)
(0.944144 -0.417408 8.02089e-18)
(0.945905 -0.521583 1.41492e-17)
(0.933237 -0.612113 6.01412e-18)
(0.903823 -0.676472 6.40029e-18)
(0.856396 -0.701706 -2.74989e-17)
(0.790005 -0.675726 0)
(0.703111 -0.589043 -2.76361e-17)
(0.574271 -0.41138 3.92033e-17)
(0.437829 -0.166027 8.002e-17)
(0.741705 -0.115688 2.38051e-18)
(0.757627 -0.204934 0)
(0.766518 -0.297218 1.01785e-17)
(0.767276 -0.38864 0)
(0.756484 -0.471512 7.70243e-21)
(0.732459 -0.534532 2.42546e-17)
(0.694547 -0.564671 6.62597e-18)
(0.642661 -0.548094 -3.75452e-17)
(0.576262 -0.470121 0)
(0.498157 -0.316892 3.46919e-17)
(0.38422 -0.041246 -5.6442e-17)
(0.360405 0.267431 0)
(0.601006 -0.119176 -1.19835e-18)
(0.607099 -0.19802 4.91876e-18)
(0.604442 -0.276936 -1.01399e-17)
(0.592409 -0.351063 1.32635e-17)
(0.569175 -0.41187 -5.63917e-18)
(0.53521 -0.447796 -1.52125e-17)
(0.492276 -0.445953 -4.03152e-17)
(0.443206 -0.393207 3.86861e-17)
(0.391231 -0.277413 0)
(0.347293 -0.0941451 -3.77011e-17)
(0.306624 0.145741 -2.15285e-17)
(0.3297 0.329947 0)
(0.468353 -0.118015 -6.06137e-19)
(0.464055 -0.185507 -5.56826e-18)
(0.44984 -0.250317 1.2739e-18)
(0.425703 -0.306945 -1.94875e-21)
(0.391653 -0.346612 -1.12525e-17)
(0.350511 -0.358201 0)
(0.307083 -0.330145 3.36741e-17)
(0.267952 -0.252247 -7.7953e-18)
(0.24068 -0.120039 0)
(0.240901 0.0550597 9.82812e-17)
(0.269313 0.234119 0)
(0.32641 0.351663 0)
(0.345522 -0.112402 -2.48017e-18)
(0.33118 -0.168153 0)
(0.306291 -0.218858 7.71269e-18)
(0.271591 -0.258765 -1.06588e-17)
(0.228954 -0.279421 1.90135e-20)
(0.18349 -0.270863 2.73108e-17)
(0.14308 -0.223866 -6.70255e-18)
(0.11753 -0.132397 -2.31637e-17)
(0.116874 -0.000552886 9.30848e-18)
(0.155409 0.151047 -4.75477e-17)
(0.225285 0.287159 -3.68279e-17)
(0.29697 0.362888 2.62733e-17)
(0.233874 -0.10287 2.56181e-18)
(0.210413 -0.146947 0)
(0.176164 -0.184105 -1.05125e-17)
(0.13272 -0.208706 2.70623e-18)
(0.0835999 -0.213085 -2.863e-18)
(0.0359003 -0.188954 -3.05765e-17)
(7.16399e-05 -0.129895 2.70295e-17)
(-0.0120505 -0.0338238 3.86249e-17)
(0.00987027 0.0888712 0)
(0.0772459 0.216007 1.18526e-17)
(0.174106 0.321393 -1.79506e-17)
(0.263109 0.354829 0)
(0.134205 -0.0901089 6.72828e-19)
(0.102864 -0.122902 -6.09718e-18)
(0.0607231 -0.147417 0)
(0.0102342 -0.15843 0)
(-0.0437619 -0.149346 0)
(-0.0926769 -0.113821 -6.25292e-18)
(-0.124207 -0.0481692 -2.06565e-17)
(-0.12559 0.0468341 -3.14439e-17)
(-0.0874781 0.156917 9.41457e-18)
(-0.000171108 0.261367 3.17766e-20)
(0.116025 0.339945 -1.67569e-16)
(0.217714 0.334792 -2.27374e-16)
(0.0466922 -0.0748356 2.93125e-18)
(0.00883866 -0.0969069 7.31839e-18)
(-0.0397592 -0.109828 -1.47803e-18)
(-0.0958813 -0.108999 3.00381e-18)
(-0.153716 -0.0889998 1.87863e-17)
(-0.203795 -0.0454593 2.33105e-17)
(-0.232573 0.0229384 -2.90771e-17)
(-0.227006 0.113746 7.47733e-17)
(-0.179092 0.209988 0)
(-0.0789975 0.292898 0)
(0.0526287 0.34525 1.43329e-16)
(0.168611 0.301729 3.11855e-17)
(-0.0291446 -0.0576702 -3.37856e-18)
(-0.0721621 -0.0696102 -1.67483e-18)
(-0.12591 -0.0719496 1.68666e-18)
(-0.186561 -0.0608246 0)
(-0.247754 -0.0319758 -5.66502e-17)
(-0.299593 0.0170965 -3.7417e-17)
(-0.327739 0.0856988 3.26974e-17)
(-0.319187 0.170788 -3.74439e-17)
(-0.267036 0.252532 1.14618e-17)
(-0.159906 0.31381 1.52522e-17)
(-0.0150309 0.338436 -2.37519e-17)
(0.115744 0.259118 2.99702e-16)
(-0.0946771 -0.0394042 -4.40759e-18)
(-0.141665 -0.0417779 0)
(-0.199467 -0.034407 -1.74142e-17)
(-0.263852 -0.0141862 4.39568e-18)
(-0.328413 0.0221185 2.72792e-17)
(-0.382868 0.0751139 -4.74735e-18)
(-0.412523 0.142515 -2.03043e-17)
(-0.404549 0.221246 7.93742e-17)
(-0.352137 0.287939 -9.62162e-17)
(-0.242055 0.326613 6.41434e-20)
(-0.0848715 0.321227 -3.08965e-17)
(0.0602479 0.206864 0)
(-0.153468 -0.0220031 5.76461e-18)
(-0.203405 -0.0154611 -2.47902e-17)
(-0.264464 0.00086752 5.59649e-17)
(-0.332051 0.0294566 0)
(-0.400274 0.0728403 -7.10757e-18)
(-0.457764 0.129229 7.18696e-18)
(-0.490964 0.196284 4.42423e-17)
(-0.486266 0.266684 -2.40831e-16)
(-0.433709 0.318224 1.52236e-16)
(-0.323365 0.330989 0)
(-0.163246 0.28879 0)
(-0.00174219 0.148826 0)
(-0.213231 -0.00865596 4.14614e-17)
(-0.26388 0.00524714 7.57111e-17)
(-0.326854 0.0284222 -1.37956e-16)
(-0.396362 0.0625711 1.57846e-17)
(-0.469062 0.10997 -2.94743e-17)
(-0.527769 0.166336 -7.01025e-17)
(-0.573649 0.228339 -5.50483e-17)
(-0.559052 0.294376 3.85703e-17)
(-0.496888 0.312353 -2.0987e-16)
(-0.391586 0.297215 -3.48759e-17)
(-0.236453 0.245714 0)
(-0.0381891 0.12298 -1.21723e-15)
(0.527111 -0.241444 9.0469e-17)
(0.49816 -0.36994 2.74492e-17)
(0.517499 -0.417879 -2.1382e-17)
(0.516888 -0.457135 -2.50022e-17)
(0.494681 -0.503332 2.38812e-17)
(0.456937 -0.560163 2.31015e-17)
(0.404264 -0.625371 -2.25734e-18)
(0.335982 -0.692755 -4.43812e-18)
(0.254436 -0.755275 2.20812e-18)
(0.163746 -0.805298 0)
(0.073289 -0.841904 0)
(-0.0190882 -0.867067 -2.78306e-21)
(0.166566 -0.273819 0)
(0.341092 -0.281042 6.69227e-20)
(0.408827 -0.311889 0)
(0.430585 -0.354388 2.05896e-17)
(0.420031 -0.401632 -4.91125e-18)
(0.388555 -0.456376 9.47065e-18)
(0.341226 -0.516129 -2.53107e-17)
(0.279755 -0.575515 2.26095e-18)
(0.207412 -0.629053 0)
(0.128148 -0.67139 -8.97319e-18)
(0.0484929 -0.702425 0)
(-0.0336884 -0.724258 2.31237e-18)
(-0.00763095 -0.296578 0)
(0.205596 -0.219797 -4.30364e-17)
(0.312471 -0.231654 5.98586e-18)
(0.350214 -0.267081 0)
(0.351055 -0.311972 2.04083e-17)
(0.326416 -0.362815 4.88927e-18)
(0.284942 -0.416677 1.65503e-17)
(0.230306 -0.468467 -1.39006e-17)
(0.166526 -0.513827 2.29225e-18)
(0.097316 -0.54883 1.82835e-17)
(0.0273522 -0.573771 4.60515e-18)
(-0.0453161 -0.590289 -1.17014e-18)
(-0.118762 -0.303484 -1.40521e-16)
(0.10167 -0.171512 0)
(0.228672 -0.166494 0)
(0.277067 -0.191371 2.82623e-17)
(0.287523 -0.231696 -2.67163e-17)
(0.269922 -0.277872 5.09878e-18)
(0.234644 -0.325987 -4.92014e-18)
(0.186874 -0.370924 9.57207e-18)
(0.131188 -0.408974 9.43428e-18)
(0.0711245 -0.437113 6.32057e-21)
(0.0101783 -0.455622 -4.70611e-18)
(-0.0532339 -0.465634 1.19237e-18)
(-0.189941 -0.296377 1.31869e-16)
(0.0215834 -0.127897 0)
(0.155258 -0.109349 7.02204e-18)
(0.210727 -0.123676 -5.45447e-17)
(0.228934 -0.158712 0)
(0.218368 -0.200367 -2.68996e-17)
(0.189553 -0.243317 2.83998e-17)
(0.148696 -0.282321 -2.25184e-17)
(0.100793 -0.313986 -7.35699e-18)
(0.0493075 -0.335859 -2.18604e-17)
(-0.00298898 -0.347999 0)
(-0.0572454 -0.351107 -2.44611e-18)
(-0.233106 -0.275993 3.25914e-17)
(-0.0421297 -0.0845369 -5.9631e-17)
(0.0896743 -0.0558066 0)
(0.149934 -0.0612357 -1.29767e-20)
(0.174443 -0.0914022 0)
(0.170918 -0.129377 5.74008e-18)
(0.148872 -0.168075 -2.7482e-17)
(0.115026 -0.202166 1.85512e-17)
(0.0747338 -0.228435 1.29302e-17)
(0.0314765 -0.244747 1.0192e-17)
(-0.0123709 -0.250949 -5.06923e-18)
(-0.057551 -0.247372 1.27009e-18)
(-0.254893 -0.241935 0)
(-0.0941488 -0.0392777 1.66179e-16)
(0.0295767 -0.00292733 7.95173e-17)
(0.09296 -0.00184144 2.19217e-17)
(0.123084 -0.0287103 0)
(0.126649 -0.0641194 3.14176e-17)
(0.111779 -0.0997147 -2.99412e-18)
(0.0851367 -0.12999 -5.8145e-21)
(0.0524007 -0.15189 -1.39057e-17)
(0.017161 -0.163454 0)
(-0.0183745 -0.164378 -5.78974e-22)
(-0.0545851 -0.154755 4.0003e-26)
(-0.258956 -0.193123 -2.93322e-16)
(-0.136296 0.00789023 -2.82852e-16)
(-0.0267944 0.0511987 -7.2189e-17)
(0.0381678 0.055789 -6.69581e-17)
(0.0735659 0.0304098 0)
(0.0845293 -0.0038503 7.09557e-18)
(0.0773888 -0.0376295 -1.0076e-17)
(0.0582809 -0.0652481 6.65419e-21)
(0.0331643 -0.0838132 3.09393e-18)
(0.00583751 -0.0914928 0)
(-0.0214964 -0.0879516 5.93283e-18)
(-0.048893 -0.0731746 2.94058e-18)
(-0.248643 -0.132525 -2.11862e-19)
(-0.168549 0.0568866 1.68154e-16)
(-0.0801819 0.10759 0)
(-0.0156405 0.112446 1.00598e-17)
(0.0245719 0.0869599 -8.01598e-21)
(0.0434098 0.0523322 -3.41437e-17)
(0.0447058 0.0190108 2.8095e-17)
(0.0336342 -0.00716021 -3.42531e-17)
(0.0163558 -0.0234067 0)
(-0.003055 -0.028055 -1.41399e-17)
(-0.0222701 -0.0209285 0)
(-0.0410286 -0.00203209 -6.82094e-18)
(-0.228876 -0.0592526 4.33133e-16)
(-0.192724 0.105585 -2.83484e-17)
(-0.130432 0.166046 1.7283e-16)
(-0.0690412 0.169251 9.59175e-17)
(-0.0247844 0.142637 -8.7632e-17)
(0.00214745 0.106392 4.67437e-17)
(0.0126299 0.0719702 -1.09497e-17)
(0.01027 0.0458012 3.59501e-17)
(0.00121536 0.0307585 4.88064e-18)
(-0.0102247 0.0283246 3.50279e-17)
(-0.0213978 0.0381574 -6.7929e-18)
(-0.0317313 0.060046 4.45367e-18)
(-0.188211 0.00648725 0)
(-0.200555 0.16259 0)
(-0.175094 0.224717 -2.18489e-16)
(-0.121935 0.228347 0)
(-0.0756582 0.201607 2.02398e-16)
(-0.0408711 0.163533 -2.10791e-16)
(-0.0201733 0.125925 -4.91698e-17)
(-0.012813 0.097462 6.43802e-17)
(-0.0132148 0.0820645 0)
(-0.0167603 0.0809225 3.18554e-21)
(-0.0203304 0.0926498 4.64414e-17)
(-0.0227501 0.116454 0)
(-0.144475 0.0515989 -7.07965e-16)
(-0.201866 0.181542 -6.71203e-16)
(-0.212276 0.273287 6.80862e-17)
(-0.176615 0.282057 0)
(-0.133546 0.262941 -4.52995e-17)
(-0.0918891 0.2288 4.57077e-16)
(-0.0573041 0.187383 -5.04431e-17)
(-0.0375887 0.154562 -2.40815e-16)
(-0.0288796 0.138162 2.63465e-17)
(-0.0247777 0.137483 -1.01415e-16)
(-0.0214317 0.150333 -1.92076e-16)
(-0.0167839 0.17537 2.24486e-17)
(-0.107904 -0.88861 1.18119e-18)
(-0.206008 -0.912513 -1.22611e-18)
(-0.310079 -0.931465 1.28045e-18)
(-0.417392 -0.944185 1.0718e-17)
(-0.521591 -0.945954 1.13146e-17)
(-0.612158 -0.933292 -1.20147e-17)
(-0.676571 -0.903883 -6.37483e-18)
(-0.701866 -0.856458 -2.061e-17)
(-0.675941 -0.790065 6.14372e-17)
(-0.589291 -0.703166 0)
(-0.411604 -0.574316 5.25603e-17)
(-0.166187 -0.437873 0)
(-0.115656 -0.741724 1.18894e-18)
(-0.204902 -0.757661 0)
(-0.297194 -0.766566 0)
(-0.388633 -0.767332 1.26588e-20)
(-0.471532 -0.756545 -1.12976e-17)
(-0.53459 -0.732521 -3.03012e-17)
(-0.56478 -0.694603 -1.98851e-17)
(-0.548256 -0.642706 0)
(-0.470319 -0.576289 -3.54137e-17)
(-0.317089 -0.498162 1.15473e-17)
(-0.0413671 -0.384201 3.74025e-17)
(0.26743 -0.360398 1.85384e-16)
(-0.119149 -0.601048 -1.19934e-18)
(-0.197993 -0.607153 1.22645e-18)
(-0.276919 -0.604508 8.87467e-18)
(-0.351063 -0.592481 -1.85811e-17)
(-0.411899 -0.569248 -1.69081e-17)
(-0.447861 -0.535277 -2.99096e-18)
(-0.446064 -0.492329 4.03522e-17)
(-0.39336 -0.443236 2.31261e-17)
(-0.277582 -0.391231 -3.7609e-17)
(-0.0942883 -0.347262 0)
(0.145676 -0.306573 -8.63471e-17)
(0.329946 -0.329673 -4.58153e-20)
(-0.117991 -0.46842 2.42831e-18)
(-0.185485 -0.464133 0)
(-0.250306 -0.449928 -1.01645e-17)
(-0.306951 -0.425794 2.64577e-18)
(-0.346649 -0.391741 1.12332e-17)
(-0.358271 -0.350588 5.15552e-17)
(-0.330255 -0.307136 -3.36755e-17)
(-0.252387 -0.267975 -3.88788e-17)
(-0.12018 -0.240666 8.5091e-17)
(0.0549533 -0.240856 -4.91169e-17)
(0.234071 -0.269261 0)
(0.351654 -0.326374 -1.0732e-16)
(-0.112383 -0.345616 -2.4791e-18)
(-0.168136 -0.331283 0)
(-0.218853 -0.306402 0)
(-0.258777 -0.271704 8.01385e-18)
(-0.279464 -0.22906 2.81756e-17)
(-0.270935 -0.183582 -2.733e-17)
(-0.223972 -0.143141 2.69018e-17)
(-0.132525 -0.117556 -3.0915e-17)
(-0.000672944 -0.11686 -7.44753e-17)
(0.150955 -0.155365 -2.05916e-21)
(0.287106 -0.225244 7.3678e-17)
(0.362861 -0.296932 0)
(-0.102856 -0.233994 1.28051e-18)
(-0.146935 -0.210542 -5.1716e-18)
(-0.184106 -0.176301 0)
(-0.208723 -0.132856 0)
(-0.213133 -0.0837273 -2.56744e-17)
(-0.189027 -0.0360106 -2.1393e-17)
(-0.129998 -0.0001461 0)
(-0.0339437 0.0120124 3.0882e-17)
(0.0887635 -0.00986829 2.76955e-17)
(0.215916 -0.0772125 5.91367e-17)
(0.321333 -0.17408 -1.43858e-16)
(0.3548 -0.263066 2.14115e-16)
(-0.0901003 -0.134349 -4.02504e-26)
(-0.122895 -0.103018 6.76781e-18)
(-0.147423 -0.0608855 -1.37307e-18)
(-0.158452 -0.0103941 -2.80537e-18)
(-0.149399 0.0436126 5.88053e-18)
(-0.113895 0.0925451 2.19517e-17)
(-0.0482694 0.124115 0)
(0.0467198 0.125533 0)
(0.156815 0.0874625 3.76489e-17)
(0.261276 0.000190117 0)
(0.339879 -0.116014 5.57271e-17)
(0.33476 -0.217671 -1.98661e-16)
(-0.0748328 -0.0468571 2.93032e-18)
(-0.0969047 -0.00901358 5.85654e-18)
(-0.10984 0.0395747 1.17923e-17)
(-0.109023 0.0957 0)
(-0.0890579 0.153547 3.11874e-18)
(-0.0455326 0.203641 -9.96196e-18)
(0.0228405 0.232463 1.45612e-17)
(0.113635 0.226928 -4.98518e-17)
(0.209894 0.179055 -3.00501e-17)
(0.292805 0.0790043 0)
(0.345185 -0.0526342 1.64115e-16)
(0.3017 -0.168565 2.53622e-16)
(-0.0576711 0.0289642 -6.75594e-18)
(-0.0696152 0.0719713 -6.71402e-18)
(-0.0719638 0.125707 -1.34546e-17)
(-0.0608566 0.186363 3.41144e-18)
(-0.0320328 0.247568 -2.44467e-20)
(0.0170209 0.29942 -3.75743e-18)
(0.0856052 0.327613 0)
(0.170684 0.319087 -3.29391e-20)
(0.252439 0.266986 -1.14628e-17)
(0.313729 0.159897 1.36979e-16)
(0.338366 0.0150155 -1.90289e-16)
(0.259105 -0.115704 -2.99732e-16)
(-0.0394058 0.0944893 4.40391e-18)
(-0.0417905 0.141465 -8.72973e-18)
(-0.0344217 0.199252 1.74106e-17)
(-0.0142306 0.263646 0)
(0.0220663 0.328214 0)
(0.0750344 0.382684 -2.88267e-17)
(0.142426 0.412384 3.04254e-17)
(0.221151 0.404433 1.36045e-16)
(0.287845 0.352077 1.09962e-16)
(0.326554 0.242024 1.88026e-17)
(0.321159 0.0848576 -3.08924e-17)
(0.206858 -0.0602291 0)
(-0.0220041 0.153281 0)
(-0.0154756 0.203204 1.52324e-17)
(0.000846193 0.264246 -2.98333e-17)
(0.0294049 0.331841 7.22063e-18)
(0.0727857 0.400074 -7.15598e-18)
(0.129148 0.457573 5.72518e-17)
(0.196198 0.490817 -5.89579e-17)
(0.266595 0.486142 -1.28388e-16)
(0.318144 0.43364 -1.5223e-16)
(0.330946 0.323327 -2.00376e-16)
(0.288746 0.163223 3.62998e-16)
(0.148827 0.00175408 -6.83898e-17)
(-0.00865144 0.213065 4.14645e-17)
(0.00523498 0.2637 -7.57554e-17)
(0.0284016 0.32665 0)
(0.0625183 0.396164 -1.26693e-16)
(0.109922 0.468874 -1.1793e-16)
(0.166264 0.527586 0)
(0.228265 0.573497 2.74449e-17)
(0.294311 0.55895 -7.73437e-17)
(0.312304 0.496828 5.12135e-21)
(0.297189 0.391547 3.48785e-17)
(0.24569 0.236436 -8.53798e-16)
(0.122982 0.0381942 0)
(-0.241531 -0.527238 -9.04613e-17)
(-0.370126 -0.498232 -3.42748e-17)
(-0.418097 -0.517558 2.68192e-17)
(-0.457368 -0.516933 0)
(-0.50357 -0.494711 1.90967e-17)
(-0.560397 -0.45695 4.623e-18)
(-0.625594 -0.404262 -1.35049e-17)
(-0.692959 -0.335965 -6.66894e-18)
(-0.755455 -0.254406 -1.10169e-17)
(-0.805449 -0.163706 0)
(-0.842024 -0.073243 4.45847e-18)
(-0.867152 0.0191374 -1.14524e-18)
(-0.27394 -0.166602 0)
(-0.281217 -0.341124 3.87539e-17)
(-0.312082 -0.408859 -2.8199e-17)
(-0.354589 -0.43061 0)
(-0.401833 -0.420046 1.47556e-17)
(-0.456568 -0.388558 4.73728e-18)
(-0.516305 -0.341218 -1.84095e-17)
(-0.57567 -0.279737 -1.66697e-20)
(-0.629181 -0.207385 0)
(-0.67149 -0.128116 0)
(-0.702494 -0.0484579 0)
(-0.724292 0.033723 -1.15705e-18)
(-0.29672 0.00766059 0)
(-0.219954 -0.205587 2.58308e-17)
(-0.231816 -0.312477 2.98774e-17)
(-0.267243 -0.350217 0)
(-0.312127 -0.351052 -1.52837e-17)
(-0.362957 -0.326406 9.79481e-18)
(-0.416801 -0.284925 2.60223e-17)
(-0.468567 -0.230284 -4.64301e-18)
(-0.513901 -0.1665 -6.87166e-18)
(-0.548876 -0.0972886 0)
(-0.573787 -0.0273264 -4.60487e-18)
(-0.590274 0.045337 1.17006e-18)
(-0.303639 0.11884 0)
(-0.171644 -0.101626 -3.80168e-17)
(-0.166621 -0.228651 -5.14602e-17)
(-0.191488 -0.277047 0)
(-0.231802 -0.287501 -5.34288e-18)
(-0.277961 -0.269897 -1.52913e-17)
(-0.326055 -0.234619 1.96756e-17)
(-0.370967 -0.186848 9.57179e-18)
(-0.408992 -0.131161 -7.11538e-21)
(-0.437104 -0.0711005 1.1709e-18)
(-0.455586 -0.0101601 4.11484e-18)
(-0.465571 0.0532437 -5.96956e-19)
(-0.29653 0.190051 3.27964e-17)
(-0.128 -0.0215083 -2.11216e-17)
(-0.109436 -0.155211 2.81048e-17)
(-0.123746 -0.210684 6.06383e-18)
(-0.158765 -0.228893 2.83361e-17)
(-0.200401 -0.218328 -5.3815e-18)
(-0.243329 -0.189517 -3.8718e-17)
(-0.282308 -0.148663 -4.72814e-21)
(-0.313947 -0.100765 9.80054e-18)
(-0.335795 -0.0492854 -1.21479e-17)
(-0.347913 0.00300181 0)
(-0.350998 0.0572465 2.44648e-18)
(-0.276134 0.233237 0)
(-0.0846055 0.0422305 -1.19161e-17)
(-0.0558516 -0.0896026 7.79567e-18)
(-0.0612566 -0.149869 0)
(-0.0914 -0.174382 -1.822e-17)
(-0.129354 -0.170862 -2.30275e-17)
(-0.168031 -0.148824 1.64815e-17)
(-0.202096 -0.114987 -2.64752e-18)
(-0.228342 -0.0747024 2.58812e-18)
(-0.244632 -0.0314547 1.01921e-17)
(-0.250815 0.0123803 0)
(-0.247221 0.057546 -2.54021e-18)
(-0.242053 0.255032 2.71156e-16)
(-0.0393103 0.0942702 9.69513e-17)
(-0.00292747 -0.0294809 5.27843e-21)
(-0.00181095 -0.0928736 7.31405e-18)
(-0.028654 -0.123004 2.67113e-17)
(-0.064042 -0.126576 3.1418e-17)
(-0.0996159 -0.11172 -5.97895e-18)
(-0.129867 -0.0850905 0)
(-0.151746 -0.0523652 0)
(-0.163291 -0.0171379 0)
(-0.1642 0.0183821 4.72314e-18)
(-0.154566 0.0545762 6.73484e-19)
(-0.193212 0.259093 -2.56547e-16)
(0.0078934 0.136431 -1.49726e-16)
(0.0512448 0.0269121 0)
(0.0558704 -0.038061 0)
(0.0305186 -0.0734669 -5.31268e-17)
(-0.00372067 -0.0844402 2.83954e-17)
(-0.0374799 -0.0773173 -3.02328e-17)
(-0.0650765 -0.0582271 -3.20411e-17)
(-0.0836226 -0.0331238 3.09404e-18)
(-0.091287 -0.00581188 -1.50496e-18)
(-0.087735 0.021504 -4.44757e-18)
(-0.0729511 0.048882 -2.94069e-18)
(-0.132578 0.248772 0)
(0.0569234 0.168689 -2.10198e-17)
(0.107682 0.0803178 1.2691e-17)
(0.112575 0.0157654 1.0081e-17)
(0.087118 -0.024455 3.65559e-17)
(0.0525103 -0.0433044 -3.41443e-17)
(0.0192072 -0.0446222 2.40848e-17)
(-0.00694401 -0.0335723 6.08902e-17)
(-0.0231743 -0.0163097 0)
(-0.027811 0.00308436 1.76499e-18)
(-0.0206784 0.022279 -1.73272e-18)
(-0.00178107 0.0410169 3.41026e-18)
(-0.0592646 0.228996 0)
(0.105649 0.192865 -2.83455e-17)
(0.166181 0.130582 2.73036e-20)
(0.169424 0.0691803 1.23357e-16)
(0.14284 0.0249167 -1.12656e-16)
(0.106614 -0.00202759 7.01217e-17)
(0.07221 -0.0125345 -5.47917e-18)
(0.0460573 -0.0101995 -5.13491e-17)
(0.0310272 -0.00116304 4.88084e-18)
(0.0286014 0.0102597 1.86802e-17)
(0.0384347 0.0214093 0)
(0.0603188 0.0317215 4.45538e-18)
(0.00649362 0.188306 0)
(0.162695 0.200683 0)
(0.224888 0.175252 0)
(0.228557 0.122083 -1.86903e-16)
(0.201845 0.0758013 3.82195e-16)
(0.163793 0.0410032 -1.05431e-16)
(0.126207 0.0202821 9.82373e-18)
(0.0977546 0.0128938 -9.208e-18)
(0.0823641 0.0132759 0)
(0.0812253 0.0168016 -6.92082e-17)
(0.0929481 0.0203464 3.67668e-17)
(0.116741 0.0227472 -9.59317e-18)
(0.0516436 0.144565 8.08654e-16)
(0.181634 0.201974 0)
(0.273471 0.212469 -6.80506e-17)
(0.282286 0.176756 4.09278e-16)
(0.263191 0.133691 -3.17283e-16)
(0.229081 0.0920391 -9.1351e-17)
(0.18771 0.0574445 2.7697e-16)
(0.154883 0.0376877 -5.34806e-17)
(0.13848 0.0289535 2.63322e-17)
(0.137797 0.024829 2.02734e-16)
(0.150637 0.0214556 -9.59898e-17)
(0.175654 0.0167913 -4.48797e-17)
(-0.888653 0.107951 -1.18108e-18)
(-0.912512 0.206042 -1.22601e-18)
(-0.931418 0.310087 1.28036e-18)
(-0.944093 0.417362 0)
(-0.945819 0.521504 -1.41342e-17)
(-0.933123 0.611998 -8.99994e-18)
(-0.903688 0.676331 3.19126e-17)
(-0.856252 0.701557 2.06116e-17)
(-0.789869 0.675589 0)
(-0.703 0.588931 -1.47102e-19)
(-0.574204 0.4113 -5.2572e-17)
(-0.437785 0.16597 -8.00296e-17)
(-0.741719 0.115683 -2.37977e-18)
(-0.757615 0.204911 -1.2241e-18)
(-0.766478 0.297173 -8.9026e-18)
(-0.767207 0.38857 2.65788e-18)
(-0.756388 0.47141 8.46396e-18)
(-0.732344 0.534401 -3.03e-17)
(-0.694418 0.564524 -1.99093e-17)
(-0.642529 0.547955 0)
(-0.576137 0.470011 0)
(-0.498055 0.316823 -3.46915e-17)
(-0.384165 0.041223 -1.87193e-17)
(-0.360359 -0.267425 -1.48331e-16)
(-0.600997 0.119159 5.99674e-19)
(-0.607068 0.197982 5.533e-18)
(-0.604389 0.276874 1.01379e-17)
(-0.592335 0.350976 0)
(-0.569084 0.411756 -8.46147e-18)
(-0.535109 0.447661 3.9509e-17)
(-0.49217 0.445814 -2.01225e-17)
(-0.443099 0.393089 0)
(-0.391127 0.277336 0)
(-0.347201 0.0941142 0)
(-0.306557 -0.14574 0)
(-0.32965 -0.32993 1.2684e-16)
(-0.468327 0.117986 0)
(-0.464014 0.185457 -3.71603e-18)
(-0.449784 0.250244 -1.27364e-18)
(-0.425634 0.30685 2.64381e-18)
(-0.391578 0.346496 5.62777e-18)
(-0.350435 0.358073 -2.72915e-17)
(-0.307007 0.330023 6.79501e-18)
(-0.267877 0.252156 0)
(-0.240603 0.119993 -3.77841e-17)
(-0.240822 -0.0550661 3.6818e-17)
(-0.269237 -0.234107 -5.95423e-17)
(-0.326346 -0.351635 -1.07359e-16)
(-0.345484 0.112367 1.8608e-18)
(-0.331134 0.168096 6.30137e-19)
(-0.306238 0.218779 0)
(-0.271535 0.258668 -2.6593e-18)
(-0.228901 0.27931 -1.69039e-17)
(-0.183445 0.270748 -3.04481e-18)
(-0.143041 0.223766 2.76392e-20)
(-0.11749 0.132334 -3.09148e-17)
(-0.116825 0.000533628 2.79388e-17)
(-0.155347 -0.151034 -3.56748e-17)
(-0.225216 -0.287132 7.36405e-17)
(-0.296906 -0.362839 -1.02232e-19)
(-0.233825 0.102832 -3.19996e-18)
(-0.210365 0.146888 1.93751e-18)
(-0.176119 0.184026 -1.31692e-18)
(-0.13268 0.208614 2.70584e-18)
(-0.0835716 0.212985 2.28124e-17)
(-0.035886 0.188858 3.02607e-18)
(-6.70192e-05 0.129819 2.02287e-17)
(0.0120562 0.0337864 5.40495e-17)
(-0.00985142 -0.0888679 9.24461e-18)
(-0.0772071 -0.215976 0)
(-0.174051 -0.321349 0)
(-0.263045 -0.354772 1.06911e-16)
(-0.134147 0.0900716 -2.01254e-26)
(-0.102815 0.122844 -4.06611e-18)
(-0.0606852 0.147342 -1.23299e-17)
(-0.0102109 0.158347 0)
(0.0437667 0.149261 0)
(0.0926621 0.113745 -6.25239e-18)
(0.124179 0.0481171 6.91546e-18)
(0.125563 -0.0468481 -6.28755e-17)
(0.0874665 -0.156894 -4.70652e-17)
(0.000183936 -0.261322 2.44693e-17)
(-0.115989 -0.339887 1.30419e-16)
(-0.217656 -0.334727 2.27421e-16)
(-0.0466253 0.0748013 2.19942e-18)
(-0.00878637 0.0968543 8.05007e-18)
(0.0397919 0.109761 2.2107e-17)
(0.0958916 0.108927 -2.41112e-17)
(0.153701 0.088931 -2.19252e-17)
(0.203755 0.0454036 -9.96269e-18)
(0.232518 -0.0229685 7.30199e-18)
(0.22695 -0.113739 3.32122e-17)
(0.179051 -0.209949 1.20342e-16)
(0.0789836 -0.29284 1.06171e-16)
(-0.0526132 -0.345183 2.72267e-19)
(-0.168563 -0.301664 4.28062e-19)
(0.0292217 0.0576411 -3.37764e-18)
(0.0722195 0.0695652 -6.7164e-18)
(0.125942 0.0718933 -1.34554e-17)
(0.186563 0.0607665 5.13654e-17)
(0.247725 0.0319245 2.83403e-17)
(0.299536 -0.0171324 3.75777e-18)
(0.327662 -0.0857088 -3.26734e-17)
(0.319107 -0.170764 0)
(0.26697 -0.252479 8.97466e-20)
(0.159867 -0.313742 -2.43452e-16)
(0.015025 -0.338364 -2.14163e-16)
(-0.115709 -0.259056 3.78797e-17)
(0.0947664 0.0393817 0)
(0.141732 0.0417421 1.08999e-17)
(0.199503 0.0343625 -1.95924e-17)
(0.263852 0.0141426 -3.52673e-17)
(0.328378 -0.0221524 -3.18817e-17)
(0.3828 -0.0751312 -1.43715e-17)
(0.412431 -0.142506 1.19536e-20)
(0.40445 -0.221206 -7.93787e-17)
(0.352048 -0.287874 -2.3362e-16)
(0.241991 -0.326539 1.67552e-16)
(0.0848452 -0.321155 0)
(-0.0602304 -0.206811 -7.6452e-16)
(0.153573 0.0219868 0)
(0.203485 0.0154338 -2.66947e-17)
(0.26451 -0.000900943 2.60913e-17)
(0.332055 -0.0294864 -7.22047e-18)
(0.400239 -0.0728584 1.21287e-16)
(0.457691 -0.12923 5.73474e-17)
(0.490863 -0.196259 5.89626e-17)
(0.486152 -0.266631 1.28402e-16)
(0.433603 -0.31815 1.52255e-16)
(0.323282 -0.330911 0)
(0.163199 -0.288723 0)
(0.00173717 -0.148783 5.48106e-16)
(0.213358 0.00864641 -2.07247e-17)
(0.263981 -0.00526573 1.60873e-16)
(0.326918 -0.028445 6.03493e-17)
(0.396379 -0.0625894 1.26675e-16)
(0.469033 -0.109976 -1.17817e-16)
(0.527699 -0.166325 -2.78327e-17)
(0.573542 -0.228305 2.76092e-17)
(0.55893 -0.294315 -3.86045e-17)
(0.496775 -0.312284 3.00221e-17)
(0.391495 -0.297149 0)
(0.236391 -0.245657 0)
(0.0381703 -0.122937 1.2175e-15)
(-0.527044 0.2415 0)
(-0.498115 0.369965 -3.40786e-17)
(-0.517472 0.417916 5.37139e-18)
(-0.516865 0.457192 0)
(-0.494662 0.503409 0)
(-0.456927 0.560259 4.62514e-18)
(-0.404266 0.62548 6.74274e-18)
(-0.335995 0.692871 -2.2217e-18)
(-0.254459 0.755394 8.81284e-18)
(-0.163775 0.805412 0)
(-0.0733213 0.842008 4.46047e-18)
(0.0190558 0.867158 1.14848e-18)
(-0.166518 0.273869 0)
(-0.341044 0.281071 0)
(-0.408791 0.311928 -2.25993e-17)
(-0.43055 0.354445 0)
(-0.419998 0.401704 -4.91332e-18)
(-0.38853 0.456462 9.47454e-18)
(-0.341214 0.516223 -2.30219e-17)
(-0.279759 0.575612 -2.25796e-18)
(-0.20743 0.629149 2.24412e-18)
(-0.128177 0.67148 8.97664e-18)
(-0.0485292 0.702505 0)
(0.0336488 0.724324 -1.15559e-18)
(0.00767896 0.296625 0)
(-0.205546 0.219828 -8.59232e-18)
(-0.312428 0.231694 3.58316e-17)
(-0.350169 0.267133 -5.35243e-18)
(-0.351009 0.312033 0)
(-0.326377 0.362883 -1.46961e-17)
(-0.284917 0.416748 3.31459e-17)
(-0.230299 0.468538 0)
(-0.166538 0.513894 0)
(-0.0973432 0.548889 -7.99885e-18)
(-0.0273908 0.573821 3.45414e-18)
(0.0452706 0.590328 1.17179e-18)
(0.11881 0.303531 0)
(-0.10162 0.171542 0)
(-0.228625 0.166532 -2.57544e-17)
(-0.277013 0.191413 5.65251e-18)
(-0.287466 0.231741 -5.34946e-18)
(-0.269869 0.277918 4.5932e-17)
(-0.234607 0.326031 -4.90484e-18)
(-0.186857 0.370963 1.19772e-17)
(-0.131192 0.409007 -1.17998e-17)
(-0.0711489 0.437138 9.38748e-18)
(-0.0102179 0.455639 -4.70818e-18)
(0.0531849 0.46564 -1.19212e-18)
(0.189988 0.296422 0)
(-0.021532 0.127926 4.22016e-17)
(-0.155209 0.109382 2.81115e-17)
(-0.210666 0.123706 0)
(-0.228868 0.158739 -1.70176e-17)
(-0.218304 0.200388 -3.22842e-17)
(-0.189503 0.24333 -3.35702e-17)
(-0.148668 0.282326 7.51307e-18)
(-0.10079 0.313982 9.8109e-18)
(-0.0493281 0.335846 -9.71692e-18)
(0.00294955 0.347982 0)
(0.057195 0.351079 0)
(0.233151 0.276036 0)
(0.0421821 0.0845632 -4.77146e-17)
(-0.0896251 0.0558327 7.79386e-18)
(-0.14987 0.0612511 -6.58316e-18)
(-0.174371 0.0914076 2.43068e-17)
(-0.170845 0.12937 5.75392e-18)
(-0.148811 0.168056 1.64904e-17)
(-0.114988 0.202133 -4.50754e-17)
(-0.0747229 0.228392 2.58939e-18)
(-0.0314922 0.244698 -1.27294e-18)
(0.0123327 0.250898 1.26967e-18)
(0.0575013 0.24731 0)
(0.254935 0.241973 0)
(0.0942026 0.0392994 -1.10855e-16)
(-0.0295276 0.00294232 0)
(-0.0928958 0.00183887 -2.92659e-17)
(-0.123009 0.0286925 2.00493e-17)
(-0.126569 0.0640848 3.77352e-17)
(-0.111711 0.0996623 -2.99578e-18)
(-0.0850901 0.129921 2.00695e-17)
(-0.0523817 0.15181 0)
(-0.0171707 0.163367 -1.36217e-18)
(0.0183387 0.164295 1.35169e-18)
(0.0545387 0.154663 0)
(0.258993 0.193153 0)
(0.136351 -0.0078755 -1.67492e-17)
(0.0268441 -0.0511989 1.03245e-17)
(-0.0381035 -0.0558122 -3.35126e-17)
(-0.0734891 -0.0304515 -6.07485e-17)
(-0.0844462 0.00378799 -2.13151e-17)
(-0.0773144 0.0375456 -6.72469e-18)
(-0.058227 0.0651445 -2.88488e-17)
(-0.0331375 0.0836976 3.09553e-18)
(-0.00584033 0.0913725 -1.35686e-17)
(0.0214648 0.0878389 1.48616e-18)
(0.0488524 0.0730566 0)
(0.248678 0.132546 -3.39892e-16)
(0.168602 -0.056883 1.68256e-16)
(0.0802325 -0.107611 -8.88709e-17)
(0.015705 -0.112491 -1.01166e-17)
(-0.0244949 -0.0870249 3.65853e-17)
(-0.0433254 -0.0524205 8.53261e-18)
(-0.0446277 -0.0191242 -8.04032e-18)
(-0.0335749 0.00702445 6.57424e-22)
(-0.0163214 0.0232583 0)
(0.00305993 0.0279035 1.41461e-17)
(0.0222451 0.0207906 0)
(0.0409952 0.00189694 0)
(0.228904 0.0592463 4.331e-16)
(0.192774 -0.105594 -2.55562e-16)
(0.130484 -0.166092 1.5562e-16)
(0.0691063 -0.169318 1.09698e-16)
(0.0248606 -0.142723 1.25201e-17)
(-0.00206421 -0.106503 4.67569e-17)
(-0.0125505 -0.0721105 -4.92276e-17)
(-0.0102072 -0.0459663 3.08258e-17)
(-0.00117386 -0.0309364 4.88298e-18)
(0.0102384 -0.0285041 1.86883e-17)
(0.0213813 -0.0383156 -9.06428e-18)
(0.0317069 -0.0601897 0)
(0.188221 -0.00648913 0)
(0.200597 -0.162624 3.32193e-16)
(0.175148 -0.224789 -2.46021e-16)
(0.122 -0.228435 4.67585e-17)
(0.0757322 -0.201707 -4.49917e-17)
(0.0409515 -0.163661 -8.43544e-17)
(0.0202534 -0.12609 1.08224e-16)
(0.012879 -0.0976539 -9.21193e-18)
(0.0132629 -0.0822691 0)
(0.016782 -0.0811268 -3.25824e-17)
(0.0203222 -0.092824 4.64525e-17)
(0.0227345 -0.116601 0)
(0.144473 -0.0516016 -8.08941e-16)
(0.2019 -0.181548 5.36951e-16)
(0.212352 -0.273359 5.44527e-16)
(0.176672 -0.282151 0)
(0.133614 -0.263042 -3.62679e-16)
(0.0919708 -0.228931 -3.19959e-16)
(0.0573959 -0.187571 1.51136e-16)
(0.0376626 -0.154775 -2.67286e-17)
(0.0289359 -0.138386 2.63436e-17)
(0.0248096 -0.137707 0)
(0.0214316 -0.15051 1.28365e-20)
(0.0167742 -0.175506 2.24503e-17)
)
;

boundaryField
{
    rotor
    {
        type            fixedValue;
        value           nonuniform List<vector> 
192
(
(0.0684902 2.09216 -0)
(0.205177 2.0832 -0)
(0.340986 2.06532 -0)
(0.475334 2.0386 -0)
(0.607647 2.00314 -0)
(0.737357 1.95911 -0)
(0.863911 1.90669 -0)
(0.986765 1.84611 -0)
(1.10539 1.77762 -0)
(1.21929 1.70151 -0)
(1.32796 1.61813 -0)
(1.43095 1.52781 -0)
(1.52781 1.43095 -0)
(1.61813 1.32796 -0)
(1.70151 1.21929 -0)
(1.77762 1.10539 -0)
(1.84611 0.986765 -0)
(1.90669 0.863911 -0)
(1.95911 0.737358 -0)
(2.00314 0.607647 -0)
(2.0386 0.475334 -0)
(2.06532 0.340986 -0)
(2.0832 0.205177 -0)
(2.09216 0.0684902 -0)
(2.09216 -0.0684902 0)
(2.0832 -0.205177 0)
(2.06532 -0.340986 0)
(2.0386 -0.475334 0)
(2.00314 -0.607647 0)
(1.95911 -0.737357 0)
(1.90669 -0.863911 0)
(1.84611 -0.986765 0)
(1.77762 -1.10539 0)
(1.70151 -1.21929 0)
(1.61813 -1.32796 0)
(1.52781 -1.43095 0)
(1.43095 -1.52781 0)
(1.32796 -1.61813 0)
(1.21929 -1.70151 0)
(1.10539 -1.77762 0)
(0.986765 -1.84611 0)
(0.863911 -1.90669 0)
(0.737357 -1.95911 0)
(0.607647 -2.00314 0)
(0.475334 -2.0386 0)
(0.340986 -2.06532 0)
(0.205177 -2.0832 0)
(0.0684901 -2.09216 0)
(-0.0684902 -2.09216 0)
(-0.205177 -2.0832 0)
(-0.340986 -2.06532 0)
(-0.475334 -2.0386 0)
(-0.607647 -2.00314 0)
(-0.737358 -1.95911 0)
(-0.863911 -1.90669 0)
(-0.986765 -1.84611 0)
(-1.10539 -1.77762 0)
(-1.21929 -1.70151 0)
(-1.32796 -1.61813 0)
(-1.43095 -1.52781 0)
(-1.52781 -1.43095 0)
(-1.61813 -1.32796 0)
(-1.70151 -1.21929 0)
(-1.77762 -1.10539 0)
(-1.84611 -0.986765 0)
(-1.90669 -0.863911 0)
(-1.95911 -0.737357 0)
(-2.00314 -0.607647 0)
(-2.0386 -0.475334 0)
(-2.06532 -0.340986 0)
(-2.0832 -0.205177 0)
(-2.09216 -0.0684902 0)
(-2.09216 0.0684902 0)
(-2.0832 0.205177 0)
(-2.06532 0.340986 0)
(-2.0386 0.475334 0)
(-2.00314 0.607647 0)
(-1.95911 0.737358 0)
(-1.90669 0.863911 0)
(-1.84611 0.986765 0)
(-1.77762 1.10539 0)
(-1.70151 1.21929 0)
(-1.61813 1.32796 0)
(-1.52781 1.43095 0)
(-1.43095 1.52781 0)
(-1.32796 1.61813 0)
(-1.21929 1.70151 0)
(-1.10539 1.77762 0)
(-0.986765 1.84611 0)
(-0.863911 1.90669 0)
(-0.737357 1.95911 0)
(-0.607647 2.00314 0)
(-0.475334 2.0386 0)
(-0.340986 2.06532 0)
(-0.205177 2.0832 0)
(-0.0684902 2.09216 0)
(0 2.2253 0)
(0 2.4871 0)
(0 2.7489 0)
(0 3.0107 0)
(0 3.2725 0)
(0 3.5343 0)
(0 3.7961 0)
(0 4.0579 0)
(0 4.3197 0)
(0 4.5815 0)
(0 4.8433 0)
(0 5.1051 0)
(0 2.2253 0)
(0 2.4871 0)
(0 2.7489 0)
(0 3.0107 0)
(0 3.2725 0)
(0 3.5343 0)
(0 3.7961 0)
(0 4.0579 0)
(0 4.3197 0)
(0 4.5815 0)
(0 4.8433 0)
(0 5.1051 0)
(2.2253 3.99418e-09 -0)
(2.4871 4.46409e-09 -0)
(2.7489 4.93399e-09 -0)
(3.0107 5.4039e-09 -0)
(3.2725 5.8738e-09 -0)
(3.5343 6.3437e-09 -0)
(3.7961 6.81361e-09 -0)
(4.0579 7.28351e-09 -0)
(4.3197 7.75342e-09 -0)
(4.5815 8.22332e-09 -0)
(4.8433 8.69322e-09 -0)
(5.1051 9.16313e-09 -0)
(2.2253 3.99418e-09 -0)
(2.4871 4.46409e-09 -0)
(2.7489 4.93399e-09 -0)
(3.0107 5.4039e-09 -0)
(3.2725 5.8738e-09 -0)
(3.5343 6.3437e-09 -0)
(3.7961 6.81361e-09 -0)
(4.0579 7.28351e-09 -0)
(4.3197 7.75342e-09 -0)
(4.5815 8.22332e-09 -0)
(4.8433 8.69322e-09 -0)
(5.1051 9.16313e-09 -0)
(-7.98837e-09 -2.2253 0)
(-8.92818e-09 -2.4871 0)
(-9.86798e-09 -2.7489 0)
(-1.08078e-08 -3.0107 0)
(-1.17476e-08 -3.2725 0)
(-1.26874e-08 -3.5343 0)
(-1.36272e-08 -3.7961 0)
(-1.4567e-08 -4.0579 0)
(-1.55068e-08 -4.3197 0)
(-1.64466e-08 -4.5815 0)
(-1.73864e-08 -4.8433 0)
(-1.83263e-08 -5.1051 0)
(-7.98837e-09 -2.2253 0)
(-8.92818e-09 -2.4871 0)
(-9.86798e-09 -2.7489 0)
(-1.08078e-08 -3.0107 0)
(-1.17476e-08 -3.2725 0)
(-1.26874e-08 -3.5343 0)
(-1.36272e-08 -3.7961 0)
(-1.4567e-08 -4.0579 0)
(-1.55068e-08 -4.3197 0)
(-1.64466e-08 -4.5815 0)
(-1.73864e-08 -4.8433 0)
(-1.83263e-08 -5.1051 0)
(-2.2253 3.99418e-09 0)
(-2.4871 4.46409e-09 0)
(-2.7489 4.93399e-09 0)
(-3.0107 5.4039e-09 0)
(-3.2725 5.8738e-09 0)
(-3.5343 6.3437e-09 0)
(-3.7961 6.81361e-09 0)
(-4.0579 7.28351e-09 0)
(-4.3197 7.75342e-09 0)
(-4.5815 8.22332e-09 0)
(-4.8433 8.69322e-09 0)
(-5.1051 9.16313e-09 0)
(-2.2253 3.99418e-09 0)
(-2.4871 4.46409e-09 0)
(-2.7489 4.93399e-09 0)
(-3.0107 5.4039e-09 0)
(-3.2725 5.8738e-09 0)
(-3.5343 6.3437e-09 0)
(-3.7961 6.81361e-09 0)
(-4.0579 7.28351e-09 0)
(-4.3197 7.75342e-09 0)
(-4.5815 8.22332e-09 0)
(-4.8433 8.69322e-09 0)
(-5.1051 9.16313e-09 0)
)
;
    }
    stator
    {
        type            noSlip;
    }
    front
    {
        type            empty;
    }
    back
    {
        type            empty;
    }
}


// ************************************************************************* //
