/*--------------------------------*- C++ -*----------------------------------*\
| =========                 |                                                 |
| \\      /  F ield         | foam-extend: Open Source CFD                    |
|  \\    /   O peration     | Version:  3.0                                   |
|   \\  /    A nd           | Web:         http://www.extend-project.de       |
|    \\/     M anipulation  |                                                 |
\*---------------------------------------------------------------------------*/
FoamFile
{
    version     2.0;
    format      ascii;
    class       faceSet;
    location    "constant/polyMesh/sets";
    object      inlet_1_faces;
}
// * * * * * * * * * * * * * * * * * * * * * * * * * * * * * * * * * * * * * //


300
(
126368 
126369 
126370 
126371 
126372 
126373 
126374 
126375 
126376 
126377 
126378 
126379 
126380 
126381 
126382 
126383 
126384 
126385 
126386 
126387 
126388 
126389 
126390 
126391 
126392 
126393 
126394 
126395 
126396 
126397 
126398 
126399 
126400 
126401 
126402 
126403 
126404 
126405 
126406 
126407 
126408 
126409 
126410 
126411 
126412 
126413 
126414 
126415 
126416 
126417 
126418 
126419 
126420 
126421 
126422 
126423 
126424 
126425 
126426 
126427 
126428 
126429 
126430 
126431 
126432 
126433 
126434 
126435 
126436 
126437 
126438 
126439 
126440 
126441 
126442 
126443 
126444 
126445 
126446 
126447 
126448 
126449 
126450 
126451 
126452 
126453 
126454 
126455 
126456 
126457 
126458 
126459 
126460 
126461 
126462 
126463 
126464 
126465 
126466 
126467 
126468 
126469 
126470 
126471 
126472 
126473 
126474 
126475 
126476 
126477 
126478 
126479 
126480 
126481 
126482 
126483 
126484 
126485 
126486 
126487 
126488 
126489 
126490 
126491 
126492 
126493 
126494 
126495 
126496 
126497 
126498 
126499 
126500 
126501 
126502 
126503 
126504 
126505 
126506 
126507 
126508 
126509 
126510 
126511 
126512 
126513 
126514 
126515 
126516 
126517 
126518 
126519 
126520 
126521 
126522 
126523 
126524 
126525 
126526 
126527 
126528 
126529 
126530 
126531 
126532 
126533 
126534 
126535 
126536 
126537 
126538 
126539 
126540 
126541 
126542 
126543 
126544 
126545 
126546 
126547 
126548 
126549 
126550 
126551 
126552 
126553 
126554 
126555 
126556 
126557 
126558 
126559 
126560 
126561 
126562 
126563 
126564 
126565 
126566 
126567 
126568 
126569 
126570 
126571 
126572 
126573 
126574 
126575 
126576 
126577 
126578 
126579 
126580 
126581 
126582 
126583 
126584 
126585 
126586 
126587 
126588 
126589 
126590 
126591 
126592 
126593 
126594 
126595 
126596 
126597 
126598 
126599 
126600 
126601 
126602 
126603 
126604 
126605 
126606 
126607 
126608 
126609 
126610 
126611 
126612 
126613 
126614 
126615 
126616 
126617 
126618 
126619 
126620 
126621 
126622 
126623 
126624 
126625 
126626 
126627 
126628 
126629 
126630 
126631 
126632 
126633 
126634 
126635 
126636 
126637 
126638 
126639 
126640 
126641 
126642 
126643 
126644 
126645 
126646 
126647 
126648 
126649 
126650 
126651 
126652 
126653 
126654 
126655 
126656 
126657 
126658 
126659 
126660 
126661 
126662 
126663 
126664 
126665 
126666 
126667 
)

// ************************************************************************* //
