/*--------------------------------*- C++ -*----------------------------------*\
| =========                 |                                                 |
| \\      /  F ield         | foam-extend: Open Source CFD                    |
|  \\    /   O peration     | Version:  3.0                                   |
|   \\  /    A nd           | Web:         http://www.extend-project.de       |
|    \\/     M anipulation  |                                                 |
\*---------------------------------------------------------------------------*/
FoamFile
{
    version     2.0;
    format      ascii;
    class       faceSet;
    location    "constant/polyMesh/sets";
    object      outlet_0_faces;
}
// * * * * * * * * * * * * * * * * * * * * * * * * * * * * * * * * * * * * * //


320
(
119712 
119713 
119714 
119715 
119716 
119717 
119718 
119719 
119720 
119721 
119722 
119723 
119724 
119725 
119726 
119727 
119728 
119729 
119730 
119731 
119732 
119733 
119734 
119735 
119736 
119737 
119738 
119739 
119740 
119741 
119742 
119743 
119744 
119745 
119746 
119747 
119748 
119749 
119750 
119751 
119752 
119753 
119754 
119755 
119756 
119757 
119758 
119759 
119760 
119761 
119762 
119763 
119764 
119765 
119766 
119767 
119768 
119769 
119770 
119771 
119772 
119773 
119774 
119775 
119776 
119777 
119778 
119779 
119780 
119781 
119782 
119783 
119784 
119785 
119786 
119787 
119788 
119789 
119790 
119791 
119792 
119793 
119794 
119795 
119796 
119797 
119798 
119799 
119800 
119801 
119802 
119803 
119804 
119805 
119806 
119807 
119808 
119809 
119810 
119811 
119812 
119813 
119814 
119815 
119816 
119817 
119818 
119819 
119820 
119821 
119822 
119823 
119824 
119825 
119826 
119827 
119828 
119829 
119830 
119831 
119832 
119833 
119834 
119835 
119836 
119837 
119838 
119839 
119840 
119841 
119842 
119843 
119844 
119845 
119846 
119847 
119848 
119849 
119850 
119851 
119852 
119853 
119854 
119855 
119856 
119857 
119858 
119859 
119860 
119861 
119862 
119863 
119864 
119865 
119866 
119867 
119868 
119869 
119870 
119871 
119872 
119873 
119874 
119875 
119876 
119877 
119878 
119879 
119880 
119881 
119882 
119883 
119884 
119885 
119886 
119887 
119888 
119889 
119890 
119891 
119892 
119893 
119894 
119895 
119896 
119897 
119898 
119899 
119900 
119901 
119902 
119903 
119904 
119905 
119906 
119907 
119908 
119909 
119910 
119911 
119912 
119913 
119914 
119915 
119916 
119917 
119918 
119919 
119920 
119921 
119922 
119923 
119924 
119925 
119926 
119927 
119928 
119929 
119930 
119931 
119932 
119933 
119934 
119935 
119936 
119937 
119938 
119939 
119940 
119941 
119942 
119943 
119944 
119945 
119946 
119947 
119948 
119949 
119950 
119951 
119952 
119953 
119954 
119955 
119956 
119957 
119958 
119959 
119960 
119961 
119962 
119963 
119964 
119965 
119966 
119967 
119968 
119969 
119970 
119971 
119972 
119973 
119974 
119975 
119976 
119977 
119978 
119979 
119980 
119981 
119982 
119983 
119984 
119985 
119986 
119987 
119988 
119989 
119990 
119991 
119992 
119993 
119994 
119995 
119996 
119997 
119998 
119999 
120000 
120001 
120002 
120003 
120004 
120005 
120006 
120007 
120008 
120009 
120010 
120011 
120012 
120013 
120014 
120015 
120016 
120017 
120018 
120019 
120020 
120021 
120022 
120023 
120024 
120025 
120026 
120027 
120028 
120029 
120030 
120031 
)

// ************************************************************************* //
