/*--------------------------------*- C++ -*----------------------------------*\
  =========                 |
  \\      /  F ield         | OpenFOAM: The Open Source CFD Toolbox
   \\    /   O peration     | Website:  https://openfoam.org
    \\  /    A nd           | Version:  6
     \\/     M anipulation  |
\*---------------------------------------------------------------------------*/
FoamFile
{
    version     2.0;
    format      ascii;
    class       volScalarField;
    location    "400";
    object      p;
}
// * * * * * * * * * * * * * * * * * * * * * * * * * * * * * * * * * * * * * //

dimensions      [0 2 -2 0 0 0 0];

internalField   nonuniform List<scalar> 
3072
(
-0.000146042
-0.120502
-0.227101
-0.296856
-0.327761
-0.308171
-0.272123
-0.196242
-0.0490732
0.094211
-0.023137
-0.281499
0.66535
0.475699
0.342889
0.273628
0.273141
0.383681
0.628198
0.875567
1.5082
2.08952
2.32225
2.48173
1.3647
1.09202
0.967278
0.960095
1.07818
1.35217
1.80398
2.22445
2.62494
2.96306
3.17807
3.34952
2.26446
2.00835
1.95738
2.06277
2.36732
2.80376
3.25827
3.66548
4.02111
4.30511
4.52019
4.69325
3.27951
3.13229
3.18151
3.41511
3.80566
4.24867
4.66645
5.03191
5.348
5.59332
5.78069
5.92506
4.34204
4.30943
4.46465
4.78614
5.20243
5.62011
5.99352
6.30924
6.56981
6.77319
6.92998
7.04963
5.40033
5.49743
5.73969
6.11202
6.5267
6.91167
7.23759
7.50246
7.71345
7.8761
8.00021
8.09365
6.45417
6.70069
7.00469
7.398
7.7888
8.12668
8.39899
8.61151
8.7744
8.89653
8.98773
9.05527
7.52031
7.93451
8.27396
8.65805
9.00098
9.27665
9.48631
9.64124
9.75397
9.83495
9.89355
9.93611
8.6255
9.16965
9.52883
9.88191
10.1611
10.3592
10.4956
10.5872
10.6476
10.6875
10.7151
10.7347
9.77573
10.474
10.7918
11.0348
11.222
11.3298
11.3886
11.4183
11.4311
11.436
11.4395
11.4423
10.8008
11.7969
11.9825
12.0341
12.1002
12.1183
12.1107
12.0935
12.0749
12.0605
12.0538
12.0511
-0.507477
-0.611178
-0.566283
-0.376476
-0.0623512
0.357282
0.853896
1.36852
1.82816
2.18068
2.33441
2.205
2.56963
2.62811
2.6701
2.72694
2.80689
2.91645
3.03631
3.15673
3.25384
3.40331
3.35519
2.69522
3.45374
3.53549
3.61015
3.6969
3.79208
3.88389
3.96535
4.00858
3.98277
3.95816
3.8138
2.85223
4.81909
4.91756
4.99435
5.05315
5.09123
5.10598
5.09174
5.0163
4.85799
4.66303
4.38813
3.15425
6.02949
6.10484
6.15628
6.18644
6.19388
6.17402
6.11591
6.00453
5.81004
5.53093
5.19859
3.76375
7.13693
7.19839
7.23737
7.25526
7.25084
7.22011
7.15284
7.03557
6.84436
6.5551
6.20838
4.78091
8.16154
8.2086
8.23768
8.25008
8.24538
8.22101
8.17064
8.08332
7.94007
7.71573
7.43962
6.15616
9.10423
9.13844
9.16085
9.17331
9.1767
9.17063
9.15237
9.11649
9.0549
8.94808
8.83165
7.88374
9.9672
9.98966
10.0067
10.0212
10.0361
10.0534
10.0742
10.1005
10.1385
10.188
10.3167
9.89463
10.75
10.7619
10.7741
10.7897
10.8146
10.8543
10.913
11
11.1349
11.3472
11.8284
12.1228
11.4469
11.4513
11.4599
11.4755
11.5055
11.5602
11.6466
11.7803
11.9875
12.3345
13.208
14.3768
12.0542
12.0557
12.0631
12.078
12.1076
12.1649
12.2596
12.4117
12.6394
13.031
14.0046
15.8562
-0.00133331
-0.121627
-0.228112
-0.297811
-0.328694
-0.309057
-0.272962
-0.197095
-0.0499949
0.09352
-0.0236213
-0.281951
0.664193
0.474561
0.341805
0.27255
0.272035
0.38251
0.627106
0.874425
1.50693
2.08866
2.32158
2.48113
1.36364
1.09088
0.966077
0.958834
1.07688
1.35078
1.80269
2.2233
2.62387
2.96219
3.17729
3.34882
2.26347
2.00717
1.95606
2.06134
2.36581
2.80235
3.25703
3.66439
4.02015
4.3043
4.51945
4.69259
3.27857
3.13117
3.18022
3.41369
3.80427
4.24743
4.66538
5.03096
5.34717
5.59259
5.78004
5.92446
4.34118
4.30841
4.46349
4.78492
5.2013
5.61911
5.99264
6.30846
6.56911
6.77256
6.9294
7.0491
5.39955
5.49651
5.73868
6.11102
6.52579
6.91086
7.23688
7.50181
7.71287
7.87555
7.9997
8.09318
6.4535
6.69988
7.00384
7.39719
7.78807
8.12603
8.3984
8.61097
8.7739
8.89606
8.98728
9.05485
7.51971
7.93381
8.27325
8.65737
9.00038
9.2761
9.48581
9.64077
9.75352
9.83453
9.89314
9.93572
8.62497
9.16904
9.52822
9.88134
10.1605
10.3587
10.4952
10.5868
10.6472
10.6871
10.7147
10.7343
9.77522
10.4735
10.7912
11.0343
11.2216
11.3294
11.3882
11.4179
11.4307
11.4356
11.4391
11.4419
10.8003
11.7964
11.982
12.0336
12.0998
12.1178
12.1103
12.0931
12.0745
12.0601
12.0535
12.0507
-0.507915
-0.611712
-0.566827
-0.377056
-0.0629082
0.356739
0.853408
1.36808
1.8278
2.18039
2.33416
2.20471
2.56904
2.62758
2.66957
2.72643
2.80639
2.91598
3.03587
3.15633
3.25347
3.40301
3.3549
2.69487
3.45311
3.53491
3.60961
3.69638
3.79159
3.88343
3.96492
4.00817
3.98238
3.95779
3.81346
2.85182
4.81848
4.917
4.99383
5.05266
5.09076
5.10554
5.09132
5.01589
4.8576
4.66264
4.38774
3.15378
6.02894
6.10433
6.1558
6.18599
6.19345
6.1736
6.11551
6.00415
5.80965
5.53053
5.1982
3.76327
7.13644
7.19793
7.23693
7.25484
7.25044
7.21973
7.15247
7.0352
6.844
6.55473
6.20799
4.78044
8.1611
8.20818
8.23728
8.2497
8.24501
8.22066
8.17029
8.08298
7.93973
7.71538
7.43926
6.15573
9.10383
9.13806
9.16048
9.17295
9.17636
9.1703
9.15205
9.11618
9.05459
8.94777
8.83133
7.88339
9.96683
9.98929
10.0064
10.0209
10.0357
10.0531
10.0739
10.1002
10.1383
10.1877
10.3164
9.89438
10.7496
10.7616
10.7737
10.7894
10.8143
10.8541
10.9127
10.9997
11.1347
11.347
11.8282
12.1227
11.4466
11.4509
11.4595
11.4752
11.5052
11.5599
11.6463
11.7801
11.9873
12.3343
13.2079
14.3769
12.0539
12.0554
12.0627
12.0777
12.1073
12.1646
12.2594
12.4115
12.6392
13.0309
14.0045
15.8563
0.000809015
-0.118774
-0.225581
-0.29631
-0.327893
-0.308503
-0.272577
-0.196727
-0.0494694
0.0937269
-0.0236628
-0.281923
0.664333
0.476259
0.343726
0.274085
0.273127
0.383434
0.62792
0.875459
1.50822
2.08929
2.32195
2.48146
1.36381
1.09235
0.968074
0.961021
1.07886
1.35243
1.80408
2.22447
2.62493
2.96295
3.17795
3.3494
2.26357
2.00767
1.95722
2.06305
2.36779
2.80406
3.25842
3.66553
4.02109
4.30503
4.52008
4.69314
3.27867
3.13164
3.18112
3.41507
3.80578
4.24874
4.66645
5.03185
5.3479
5.59319
5.78056
5.92493
4.34118
4.30875
4.46417
4.78586
5.20225
5.61993
5.99333
6.30903
6.56961
6.77299
6.92981
7.04948
5.39935
5.49669
5.73911
6.11157
6.5263
6.9113
7.23724
7.50214
7.71317
7.87585
7.99999
8.09347
6.45314
6.6999
7.00403
7.39743
7.78827
8.12619
8.39855
8.61113
8.77407
8.89625
8.98749
9.05508
7.51932
7.93372
8.27327
8.65743
9.00041
9.27612
9.48584
9.64083
9.75362
9.83465
9.8933
9.93591
8.62459
9.1689
9.52814
9.88128
10.1605
10.3586
10.4952
10.5868
10.6473
10.6871
10.7148
10.7345
9.77488
10.4733
10.7911
11.0342
11.2215
11.3293
11.3881
11.4179
11.4307
11.4357
11.4393
11.4421
10.8
11.7962
11.9819
12.0335
12.0996
12.1177
12.1102
12.093
12.0745
12.0602
12.0536
12.0509
-0.5078
-0.611327
-0.566343
-0.376438
-0.0622715
0.357403
0.854017
1.36863
1.82826
2.18075
2.33446
2.20505
2.56944
2.62796
2.67002
2.72692
2.80692
2.91651
3.03638
3.15681
3.25392
3.40337
3.35523
2.69528
3.45364
3.53542
3.61012
3.69691
3.79211
3.88395
3.96543
4.00867
3.98286
3.95824
3.81388
2.85235
4.819
4.91749
4.99432
5.05315
5.09125
5.10604
5.09181
5.0164
4.85811
4.66317
4.38826
3.15442
6.02938
6.10476
6.15623
6.18643
6.1939
6.17407
6.116
6.00465
5.81019
5.5311
5.19877
3.76398
7.13681
7.19829
7.23731
7.25524
7.25085
7.22017
7.15293
7.0357
6.84453
6.55531
6.20861
4.7812
8.1614
8.2085
8.23761
8.25005
8.24539
8.22106
8.17073
8.08345
7.94026
7.71597
7.43989
6.1565
9.10408
9.13833
9.16078
9.17328
9.17671
9.17068
9.15246
9.11663
9.05509
8.94834
8.83196
7.88413
9.96704
9.98954
10.0067
10.0212
10.0361
10.0534
10.0743
10.1006
10.1387
10.1882
10.317
9.89507
10.7498
10.7618
10.774
10.7897
10.8146
10.8544
10.9131
11.0001
11.1351
11.3475
11.8287
12.1233
11.4467
11.4512
11.4598
11.4754
11.5055
11.5603
11.6467
11.7805
11.9877
12.3348
13.2084
14.3773
12.054
12.0556
12.063
12.078
12.1076
12.1649
12.2597
12.4118
12.6395
13.0312
14.0049
15.8566
-0.00107502
-0.121368
-0.22785
-0.297543
-0.328416
-0.308771
-0.272677
-0.196788
-0.0496362
0.0938076
-0.0234324
-0.281788
0.664453
0.474825
0.342077
0.272835
0.272338
0.382848
0.62745
0.874856
1.50747
2.08907
2.32192
2.48146
1.3639
1.09115
0.966364
0.959142
1.07722
1.35118
1.8031
2.22371
2.62429
2.96257
3.17766
3.34918
2.26373
2.00745
1.95636
2.06167
2.36618
2.80275
3.25744
3.6648
4.02056
4.30468
4.51983
4.69296
3.27882
3.13144
3.18051
3.41403
3.80464
4.24782
4.66578
5.03135
5.34756
5.59297
5.78042
5.92484
4.34144
4.30867
4.46378
4.78525
5.20166
5.61949
5.99302
6.30885
6.56949
6.77295
6.92979
7.04949
5.3998
5.49678
5.73897
6.11135
6.52616
6.91124
7.23726
7.5022
7.71325
7.87594
8.00009
8.09357
6.45374
6.70014
7.00414
7.39752
7.78843
8.1264
8.39878
8.61136
8.77429
8.89645
8.98767
9.05524
7.51995
7.93407
8.27354
8.6577
9.00073
9.27647
9.48618
9.64115
9.75391
9.83491
9.89353
9.93611
8.62519
9.16929
9.52851
9.88166
10.1609
10.3591
10.4955
10.5871
10.6476
10.6874
10.7151
10.7347
9.77543
10.4737
10.7915
11.0346
11.2219
11.3297
11.3885
11.4183
11.4311
11.436
11.4395
11.4423
10.8005
11.7966
11.9823
12.034
12.1001
12.1182
12.1107
12.0935
12.0749
12.0605
12.0538
12.0511
-0.507758
-0.611494
-0.566579
-0.376756
-0.0625764
0.357114
0.853806
1.3685
1.82823
2.18083
2.33461
2.20515
2.56938
2.6279
2.66991
2.72679
2.80677
2.91639
3.03629
3.15676
3.25391
3.40346
3.35534
2.69531
3.45346
3.53526
3.60997
3.69676
3.79198
3.88384
3.96534
4.0086
3.98282
3.95823
3.81389
2.85226
4.81886
4.91738
4.99421
5.05305
5.09117
5.10596
5.09174
5.01633
4.85804
4.66309
4.38819
3.15424
6.02932
6.10471
6.15619
6.18639
6.19385
6.17402
6.11594
6.00459
5.8101
5.53099
5.19866
3.76377
7.13682
7.19832
7.23732
7.25525
7.25085
7.22015
7.1529
7.03565
6.84446
6.55521
6.20848
4.78097
8.16149
8.20858
8.23767
8.2501
8.24542
8.22108
8.17073
8.08343
7.9402
7.71587
7.43977
6.1563
9.10422
9.13845
9.16088
9.17336
9.17677
9.17072
9.15248
9.11664
9.05506
8.94828
8.83187
7.88399
9.96721
9.98968
10.0068
10.0213
10.0362
10.0535
10.0743
10.1006
10.1387
10.1882
10.317
9.895
10.75
10.7619
10.7741
10.7898
10.8147
10.8545
10.9131
11.0002
11.1352
11.3475
11.8287
12.1233
11.4469
11.4513
11.4599
11.4755
11.5056
11.5603
11.6467
11.7805
11.9877
12.3348
13.2084
14.3774
12.0542
12.0557
12.0631
12.0781
12.1076
12.165
12.2598
12.4119
12.6396
13.0313
14.005
15.8568
12.8384
12.9991
12.8874
12.7716
12.7181
12.6719
12.627
12.5886
12.5628
12.5503
12.5522
12.5591
13.2246
13.0872
13.0759
13.0289
12.999
12.9659
12.932
12.9078
12.9018
12.914
12.944
12.9767
13.397
13.3022
13.2673
13.2087
13.1644
13.1288
13.1058
13.1044
13.1305
13.1821
13.2565
13.3307
13.5271
13.4432
13.3731
13.2956
13.2317
13.1883
13.1748
13.2017
13.2746
13.3903
13.5397
13.6931
12.5731
12.5773
12.5867
12.6001
12.6242
12.6721
12.7551
12.8936
13.081
13.3553
13.677
14.6049
13.0151
13.0258
13.0397
13.0484
13.0602
13.0876
13.1429
13.2478
13.3823
13.578
13.6574
13.9419
13.4041
13.4178
13.437
13.4341
13.4248
13.4203
13.4328
13.4852
13.5554
13.6884
13.6978
13.7846
13.8167
13.8139
13.833
13.8049
13.7578
13.7007
13.6446
13.6141
13.5977
13.6559
13.6368
13.7048
12.838
12.9987
12.887
12.7712
12.7176
12.6715
12.6266
12.5882
12.5624
12.55
12.5519
12.5588
13.2243
13.0868
13.0756
13.0285
12.9987
12.9656
12.9317
12.9074
12.9015
12.9136
12.9437
12.9764
13.3967
13.3019
13.2669
13.2083
13.1641
13.1285
13.1055
13.1041
13.1302
13.1819
13.2562
13.3304
13.5268
13.4429
13.3728
13.2953
13.2314
13.188
13.1745
13.2015
13.2744
13.3901
13.5394
13.6928
12.5728
12.577
12.5864
12.5998
12.6239
12.6718
12.7548
12.8934
13.0808
13.3551
13.6768
14.6048
13.0147
13.0255
13.0394
13.0481
13.06
13.0873
13.1427
13.2476
13.3821
13.5778
13.6572
13.9418
13.4038
13.4175
13.4367
13.4338
13.4245
13.42
13.4326
13.485
13.5552
13.6882
13.6977
13.7844
13.8164
13.8136
13.8327
13.8046
13.7576
13.7004
13.6444
13.6139
13.5975
13.6558
13.6366
13.7046
12.8378
12.9986
12.8868
12.771
12.7175
12.6713
12.6265
12.5881
12.5624
12.55
12.552
12.5589
13.2241
13.0866
13.0754
13.0283
12.9985
12.9654
12.9315
12.9073
12.9014
12.9136
12.9437
12.9764
13.3965
13.3017
13.2667
13.2081
13.1639
13.1282
13.1053
13.104
13.1301
13.1818
13.2562
13.3305
13.5266
13.4427
13.3726
13.2951
13.2312
13.1878
13.1743
13.2012
13.2741
13.39
13.5394
13.6929
12.5729
12.5772
12.5866
12.6
12.6242
12.6721
12.7551
12.8937
13.0811
13.3555
13.6772
14.6052
13.0149
13.0256
13.0396
13.0483
13.0602
13.0876
13.143
13.2479
13.3824
13.5782
13.6576
13.9422
13.4039
13.4176
13.4369
13.4341
13.4247
13.4203
13.4329
13.4854
13.5556
13.6885
13.698
13.7849
13.8166
13.8137
13.8329
13.8048
13.7578
13.7007
13.6447
13.6143
13.5979
13.6562
13.6371
13.7051
12.8383
12.999
12.8873
12.7716
12.718
12.6719
12.627
12.5886
12.5628
12.5504
12.5523
12.5591
13.2246
13.0872
13.0759
13.0289
12.9991
12.966
12.9321
12.9079
12.9019
12.9141
12.9441
12.9767
13.3971
13.3022
13.2673
13.2087
13.1645
13.1289
13.106
13.1046
13.1307
13.1823
13.2566
13.3308
13.5272
13.4433
13.3732
13.2957
13.2319
13.1886
13.1751
13.202
13.2749
13.3906
13.5399
13.6932
12.5731
12.5774
12.5867
12.6001
12.6243
12.6722
12.7552
12.8937
13.0812
13.3556
13.6773
14.6053
13.0151
13.0258
13.0397
13.0484
13.0603
13.0876
13.143
13.2479
13.3824
13.5782
13.6576
13.9423
13.4041
13.4178
13.437
13.4341
13.4248
13.4203
13.4329
13.4853
13.5556
13.6885
13.6981
13.7848
13.8168
13.8139
13.833
13.8049
13.7578
13.7007
13.6446
13.6142
13.5978
13.6561
13.637
13.7051
13.6439
13.5806
13.5065
13.4303
13.362
13.3116
13.2903
13.3087
13.3732
13.4822
13.6263
13.7913
13.7572
13.7009
13.637
13.573
13.5137
13.4656
13.4376
13.4385
13.4743
13.5453
13.6454
13.7682
13.8445
13.7925
13.735
13.6771
13.6204
13.5701
13.5336
13.5198
13.5366
13.5869
13.6688
13.7777
13.9095
13.8601
13.8055
13.7489
13.6901
13.6333
13.5859
13.5579
13.5605
13.6014
13.6803
13.741
13.9798
13.9976
14.0301
14.006
13.9617
13.8996
13.8311
13.7719
13.7209
13.7206
13.6789
13.7145
13.9975
14.0117
14.0577
14.0513
14.0318
13.9981
13.96
13.926
13.8932
13.8815
13.8386
13.8275
14.0791
14.0528
14.1012
14.1034
14.0954
14.0753
14.0509
14.0265
13.9995
13.9798
13.9373
13.9084
14.2731
14.1325
14.1542
14.1547
14.1496
14.1354
14.117
14.0958
14.0698
14.0443
14.0019
13.966
13.6437
13.5803
13.5062
13.43
13.3618
13.3114
13.29
13.3085
13.3729
13.482
13.626
13.791
13.757
13.7006
13.6367
13.5727
13.5134
13.4654
13.4373
13.4383
13.4741
13.545
13.6451
13.7679
13.8443
13.7923
13.7347
13.6769
13.6202
13.5698
13.5333
13.5196
13.5363
13.5866
13.6685
13.7775
13.9093
13.8599
13.8052
13.7487
13.6898
13.633
13.5857
13.5577
13.5602
13.6012
13.6801
13.7407
13.9795
13.9973
14.0299
14.0057
13.9614
13.8994
13.8309
13.7717
13.7207
13.7204
13.6787
13.7143
13.9972
14.0115
14.0574
14.0511
14.0315
13.9978
13.9598
13.9258
13.893
13.8814
13.8384
13.8273
14.0788
14.0525
14.1009
14.1031
14.0952
14.075
14.0507
14.0263
13.9993
13.9796
13.9372
13.9082
14.2728
14.1322
14.1539
14.1545
14.1494
14.1352
14.1168
14.0956
14.0696
14.0441
14.0017
13.9659
13.6435
13.5801
13.506
13.4298
13.3616
13.3112
13.2898
13.3083
13.3727
13.4818
13.6259
13.791
13.7568
13.7004
13.6365
13.5725
13.5132
13.4652
13.4371
13.4381
13.4739
13.5449
13.645
13.7679
13.8441
13.7921
13.7345
13.6767
13.62
13.5697
13.5332
13.5194
13.5362
13.5865
13.6685
13.7775
13.9091
13.8597
13.805
13.7485
13.6897
13.6329
13.5855
13.5575
13.5601
13.601
13.68
13.7407
13.9796
13.9975
14.0301
14.0059
13.9617
13.8997
13.8312
13.7721
13.7211
13.7208
13.6792
13.7148
13.9974
14.0117
14.0577
14.0513
14.0318
13.9981
13.9601
13.9262
13.8934
13.8818
13.8389
13.8278
14.0791
14.0527
14.1012
14.1034
14.0955
14.0754
14.0511
14.0267
13.9997
13.9801
13.9376
13.9087
14.2731
14.1325
14.1542
14.1548
14.1497
14.1355
14.1172
14.096
14.0701
14.0446
14.0022
13.9664
13.6441
13.5807
13.5066
13.4305
13.3623
13.3119
13.2906
13.309
13.3735
13.4825
13.6265
13.7914
13.7574
13.701
13.6371
13.5732
13.5139
13.4659
13.4378
13.4388
13.4746
13.5455
13.6456
13.7684
13.8447
13.7926
13.7351
13.6773
13.6207
13.5703
13.5338
13.5201
13.5368
13.5871
13.669
13.7779
13.9096
13.8602
13.8056
13.7491
13.6902
13.6335
13.5861
13.5581
13.5607
13.6016
13.6805
13.7412
13.9798
13.9976
14.0302
14.006
13.9617
13.8996
13.8311
13.772
13.721
13.7207
13.6791
13.7147
13.9976
14.0118
14.0577
14.0514
14.0318
13.9981
13.9601
13.9261
13.8933
13.8817
13.8388
13.8276
14.0792
14.0529
14.1013
14.1034
14.0955
14.0753
14.051
14.0266
13.9996
13.98
13.9375
13.9086
14.2732
14.1326
14.1542
14.1548
14.1497
14.1355
14.1171
14.0959
14.07
14.0445
14.0021
13.9662
13.9562
13.9072
13.8525
13.7936
13.7292
13.6631
13.6024
13.5578
13.541
13.5538
13.5952
13.5002
13.9877
13.9373
13.8801
13.8165
13.7446
13.6678
13.5932
13.5324
13.4976
13.488
13.5274
13.5141
14.0075
13.9546
13.8936
13.824
13.7441
13.6574
13.5715
13.4996
13.457
13.4478
13.4845
13.5058
14.0187
13.963
13.8978
13.8223
13.7356
13.6413
13.5482
13.472
13.4301
13.4283
13.4664
13.504
14.024
13.9658
13.8968
13.8165
13.7248
13.6259
13.5298
13.4545
13.4172
13.4229
13.4665
13.5129
14.0259
13.9656
13.894
13.8102
13.7154
13.6145
13.5187
13.4472
13.4158
13.429
13.4802
13.5305
14.0264
13.9647
13.8914
13.8057
13.7095
13.6085
13.5147
13.4482
13.4227
13.4427
13.5007
13.5533
14.027
13.9646
13.8907
13.8043
13.7081
13.608
13.5169
13.4553
13.4348
13.4608
13.5244
13.5776
14.029
13.9668
13.8933
13.8073
13.7119
13.613
13.5242
13.4664
13.4489
13.4795
13.5467
13.6
14.0344
13.9737
13.9018
13.8171
13.7229
13.6247
13.5362
13.4801
13.4619
13.4943
13.5633
13.619
14.0449
13.9877
13.9189
13.8366
13.7436
13.6449
13.5541
13.496
13.4725
13.504
13.5753
13.6323
14.0551
14.0019
13.9373
13.8589
13.7687
13.671
13.5811
13.5114
13.486
13.5148
13.5824
13.633
14.6297
14.2976
14.2125
14.2
14.1923
14.1803
14.1646
14.1446
14.1188
14.0898
14.0478
14.0084
14.607
14.3664
14.2542
14.2335
14.2245
14.2132
14.1984
14.1783
14.1522
14.1212
14.0796
14.0382
14.5466
14.3614
14.2799
14.2562
14.2479
14.2369
14.2221
14.2014
14.1743
14.1417
14.1005
14.0577
14.4848
14.342
14.2947
14.2718
14.2647
14.2539
14.2386
14.2168
14.1885
14.1546
14.1134
14.0694
14.4351
14.327
14.3035
14.2832
14.2767
14.2661
14.2499
14.2269
14.1973
14.1622
14.1207
14.0757
14.4035
14.3194
14.3096
14.292
14.2857
14.2747
14.2575
14.2332
14.2024
14.1663
14.1245
14.0786
14.3902
14.3205
14.3152
14.2996
14.2927
14.2807
14.2625
14.237
14.2051
14.1682
14.1263
14.0798
14.3907
14.3312
14.3215
14.3066
14.298
14.2846
14.2654
14.239
14.2063
14.1691
14.1273
14.0806
14.4001
14.3496
14.329
14.3128
14.3012
14.2863
14.2664
14.2395
14.2066
14.1695
14.1284
14.0823
14.4141
14.3719
14.3376
14.3169
14.3008
14.2844
14.2647
14.2383
14.2061
14.1701
14.1306
14.086
14.4291
14.3899
14.347
14.3186
14.2972
14.2792
14.2597
14.2347
14.2045
14.1712
14.1345
14.0931
14.4456
14.4064
14.3558
14.3217
14.2962
14.2762
14.2559
14.2313
14.2031
14.1723
14.1382
14.0998
13.956
13.9069
13.8522
13.7934
13.729
13.6629
13.6021
13.5575
13.5407
13.5536
13.5949
13.5
13.9876
13.9371
13.8799
13.8162
13.7443
13.6675
13.5929
13.5321
13.4973
13.4878
13.5272
13.5138
14.0073
13.9544
13.8934
13.8237
13.7439
13.6572
13.5712
13.4994
13.4568
13.4476
13.4843
13.5055
14.0185
13.9628
13.8975
13.8221
13.7354
13.6411
13.548
13.4718
13.4299
13.4281
13.4662
13.5037
14.0239
13.9656
13.8966
13.8163
13.7246
13.6256
13.5296
13.4543
13.417
13.4226
13.4663
13.5127
14.0258
13.9654
13.8937
13.81
13.7152
13.6142
13.5184
13.4469
13.4156
13.4287
13.4799
13.5302
14.0262
13.9645
13.8911
13.8054
13.7093
13.6082
13.5145
13.4479
13.4225
13.4425
13.5005
13.5531
14.0268
13.9644
13.8904
13.8041
13.7078
13.6078
13.5167
13.455
13.4345
13.4606
13.5242
13.5773
14.0289
13.9666
13.8931
13.8071
13.7116
13.6128
13.524
13.4662
13.4487
13.4792
13.5464
13.5997
14.0343
13.9735
13.9016
13.8169
13.7226
13.6244
13.5359
13.4798
13.4616
13.494
13.563
13.6188
14.0448
13.9875
13.9187
13.8364
13.7434
13.6447
13.5539
13.4958
13.4722
13.5038
13.5751
13.632
14.055
14.0017
13.9371
13.8587
13.7685
13.6707
13.5808
13.5111
13.4858
13.5146
13.5822
13.6327
14.6295
14.2974
14.2122
14.1998
14.1921
14.1801
14.1644
14.1443
14.1186
14.0896
14.0476
14.0082
14.6068
14.3662
14.2539
14.2333
14.2243
14.213
14.1982
14.1781
14.152
14.121
14.0794
14.038
14.5463
14.3611
14.2797
14.2559
14.2477
14.2367
14.2219
14.2012
14.1741
14.1416
14.1004
14.0575
14.4845
14.3418
14.2945
14.2716
14.2645
14.2537
14.2384
14.2166
14.1884
14.1544
14.1132
14.0692
14.4349
14.3268
14.3033
14.2829
14.2765
14.2659
14.2497
14.2267
14.1972
14.162
14.1206
14.0755
14.4033
14.3191
14.3094
14.2918
14.2855
14.2745
14.2573
14.2331
14.2023
14.1661
14.1243
14.0784
14.3899
14.3203
14.3149
14.2993
14.2925
14.2805
14.2623
14.2368
14.2049
14.1681
14.1262
14.0796
14.3904
14.3309
14.3213
14.3063
14.2978
14.2844
14.2652
14.2388
14.2061
14.1689
14.1271
14.0805
14.3998
14.3493
14.3287
14.3126
14.301
14.2861
14.2662
14.2393
14.2064
14.1693
14.1282
14.0821
14.4138
14.3716
14.3373
14.3167
14.3006
14.2842
14.2645
14.2381
14.2059
14.17
14.1304
14.0859
14.4288
14.3896
14.3468
14.3183
14.297
14.279
14.2595
14.2345
14.2044
14.1711
14.1344
14.093
14.4453
14.4062
14.3555
14.3214
14.2959
14.2759
14.2557
14.2311
14.2029
14.1721
14.1381
14.0996
13.9558
13.9068
13.8521
13.7932
13.7289
13.6627
13.602
13.5574
13.5406
13.5535
13.5948
13.4998
13.9874
13.9369
13.8798
13.8161
13.7442
13.6674
13.5928
13.532
13.4972
13.4877
13.5271
13.5137
14.0072
13.9542
13.8932
13.8236
13.7438
13.657
13.5711
13.4992
13.4566
13.4474
13.4841
13.5054
14.0183
13.9626
13.8974
13.8219
13.7353
13.6409
13.5478
13.4716
13.4297
13.4279
13.466
13.5036
14.0237
13.9654
13.8965
13.8162
13.7245
13.6255
13.5294
13.4541
13.4168
13.4225
13.4661
13.5125
14.0256
13.9653
13.8936
13.8099
13.7151
13.6141
13.5183
13.4468
13.4154
13.4285
13.4798
13.5301
14.0261
13.9644
13.891
13.8053
13.7091
13.6081
13.5143
13.4478
13.4223
13.4423
13.5003
13.553
14.0267
13.9643
13.8903
13.804
13.7077
13.6076
13.5166
13.4549
13.4344
13.4604
13.524
13.5772
14.0287
13.9665
13.8929
13.807
13.7115
13.6127
13.5238
13.466
13.4485
13.4791
13.5463
13.5996
14.0341
13.9734
13.9015
13.8168
13.7225
13.6243
13.5358
13.4797
13.4614
13.4939
13.5629
13.6187
14.0446
13.9874
13.9186
13.8363
13.7433
13.6446
13.5538
13.4957
13.4721
13.5036
13.575
13.6319
14.0548
14.0016
13.937
13.8586
13.7684
13.6706
13.5807
13.511
13.4856
13.5144
13.5821
13.6326
14.63
14.2977
14.2125
14.2001
14.1924
14.1805
14.1648
14.1448
14.119
14.0901
14.0481
14.0087
14.6072
14.3665
14.2543
14.2336
14.2246
14.2134
14.1986
14.1786
14.1524
14.1214
14.0799
14.0385
14.5468
14.3615
14.28
14.2563
14.2481
14.2371
14.2223
14.2016
14.1745
14.142
14.1008
14.058
14.485
14.3421
14.2948
14.2719
14.2648
14.2541
14.2388
14.2171
14.1888
14.1549
14.1137
14.0697
14.4353
14.3271
14.3036
14.2833
14.2769
14.2663
14.2501
14.2271
14.1976
14.1624
14.121
14.076
14.4037
14.3195
14.3097
14.2922
14.2859
14.2749
14.2577
14.2335
14.2027
14.1665
14.1248
14.0788
14.3904
14.3206
14.3153
14.2997
14.2929
14.2809
14.2627
14.2372
14.2054
14.1685
14.1266
14.0801
14.3909
14.3314
14.3217
14.3067
14.2982
14.2848
14.2656
14.2392
14.2066
14.1693
14.1276
14.0809
14.4003
14.3498
14.3291
14.313
14.3014
14.2865
14.2666
14.2398
14.2068
14.1698
14.1287
14.0825
14.4143
14.3721
14.3377
14.3171
14.301
14.2846
14.2649
14.2386
14.2063
14.1704
14.1309
14.0863
14.4293
14.3901
14.3472
14.3188
14.2974
14.2794
14.2599
14.2349
14.2048
14.1715
14.1348
14.0934
14.4459
14.4066
14.356
14.3219
14.2963
14.2764
14.2561
14.2315
14.2033
14.1726
14.1385
14.1001
13.9563
13.9073
13.8526
13.7938
13.7294
13.6633
13.6026
13.558
13.5412
13.554
13.5954
13.5004
13.9879
13.9375
13.8803
13.8166
13.7447
13.668
13.5934
13.5326
13.4978
13.4882
13.5276
13.5143
14.0077
13.9547
13.8937
13.8241
13.7443
13.6576
13.5717
13.4998
13.4572
13.448
13.4847
13.506
14.0188
13.9631
13.8979
13.8224
13.7358
13.6415
13.5484
13.4722
13.4303
13.4285
13.4666
13.5042
14.0242
13.9659
13.897
13.8167
13.725
13.626
13.53
13.4547
13.4174
13.4231
13.4667
13.5131
14.0261
13.9658
13.8941
13.8104
13.7156
13.6146
13.5189
13.4474
13.416
13.4292
13.4804
13.5307
14.0266
13.9648
13.8915
13.8058
13.7096
13.6086
13.5149
13.4484
13.4229
13.4429
13.5009
13.5536
14.0271
13.9647
13.8908
13.8045
13.7082
13.6082
13.5171
13.4555
13.435
13.461
13.5246
13.5778
14.0292
13.9669
13.8934
13.8075
13.712
13.6132
13.5244
13.4666
13.4491
13.4797
13.5469
13.6002
14.0346
13.9739
13.9019
13.8173
13.723
13.6248
13.5364
13.4803
13.4621
13.4945
13.5635
13.6192
14.0451
13.9878
13.9191
13.8368
13.7437
13.6451
13.5543
13.4962
13.4727
13.5042
13.5755
13.6325
14.0553
14.002
13.9374
13.859
13.7689
13.6711
13.5812
13.5116
13.4862
13.515
13.5826
13.6332
14.6298
14.2977
14.2125
14.2001
14.1924
14.1804
14.1647
14.1447
14.1189
14.09
14.0479
14.0086
14.6071
14.3665
14.2543
14.2336
14.2246
14.2133
14.1985
14.1785
14.1523
14.1213
14.0798
14.0383
14.5466
14.3614
14.28
14.2563
14.248
14.237
14.2223
14.2015
14.1744
14.1419
14.1007
14.0578
14.4848
14.342
14.2948
14.2719
14.2648
14.254
14.2387
14.217
14.1887
14.1547
14.1136
14.0696
14.4352
14.3271
14.3036
14.2832
14.2768
14.2662
14.25
14.227
14.1975
14.1623
14.1209
14.0758
14.4036
14.3194
14.3096
14.2921
14.2858
14.2748
14.2576
14.2334
14.2026
14.1664
14.1247
14.0787
14.3902
14.3205
14.3152
14.2996
14.2928
14.2808
14.2626
14.2371
14.2053
14.1684
14.1265
14.0799
14.3907
14.3312
14.3216
14.3066
14.2981
14.2847
14.2655
14.2391
14.2065
14.1692
14.1274
14.0808
14.4001
14.3496
14.329
14.3129
14.3013
14.2864
14.2665
14.2397
14.2067
14.1696
14.1285
14.0824
14.4141
14.3719
14.3376
14.317
14.3009
14.2846
14.2648
14.2384
14.2062
14.1703
14.1307
14.0862
14.4291
14.3899
14.3471
14.3187
14.2973
14.2793
14.2598
14.2348
14.2047
14.1714
14.1347
14.0933
14.4457
14.4065
14.3558
14.3218
14.2962
14.2763
14.256
14.2314
14.2032
14.1724
14.1383
14.0999
)
;

boundaryField
{
    rotor
    {
        type            zeroGradient;
    }
    stator
    {
        type            zeroGradient;
    }
    front
    {
        type            empty;
    }
    back
    {
        type            empty;
    }
}


// ************************************************************************* //
