/*--------------------------------*- C++ -*----------------------------------*\
  =========                 |
  \\      /  F ield         | OpenFOAM: The Open Source CFD Toolbox
   \\    /   O peration     | Website:  https://openfoam.org
    \\  /    A nd           | Version:  6
     \\/     M anipulation  |
\*---------------------------------------------------------------------------*/
FoamFile
{
    version     2.0;
    format      ascii;
    class       surfaceScalarField;
    location    "400";
    object      phi;
}
// * * * * * * * * * * * * * * * * * * * * * * * * * * * * * * * * * * * * * //

dimensions      [0 3 -1 0 0 0 0];

internalField   nonuniform List<scalar> 
5952
(
5.15726e-06
-5.16038e-06
8.75729e-06
-3.60196e-06
1.14653e-05
-2.70822e-06
1.28939e-05
-1.42945e-06
1.28801e-05
1.41698e-08
1.07981e-05
2.08446e-06
6.0646e-06
4.73425e-06
-1.43217e-06
7.49921e-06
-1.51627e-05
1.37303e-05
-2.89681e-05
1.38054e-05
-3.9172e-05
1.02036e-05
7.96567e-06
-4.71381e-05
1.42821e-06
-6.58706e-06
3.54159e-06
-5.71627e-06
3.63238e-06
-2.79862e-06
1.69256e-06
5.10132e-07
-2.83592e-06
4.54365e-06
-1.1279e-05
1.05286e-05
-2.30762e-05
1.6532e-05
-3.39996e-05
1.8423e-05
-3.87929e-05
1.85238e-05
-4.10792e-05
1.60916e-05
-4.36e-05
1.27244e-05
1.00407e-05
-4.56753e-05
1.25e-06
-7.83612e-06
7.32523e-07
-5.19887e-06
-1.91143e-06
-1.54398e-07
-7.63373e-06
6.23262e-06
-1.66253e-05
1.35357e-05
-2.53782e-05
1.9282e-05
-3.0432e-05
2.15862e-05
-3.31635e-05
2.11548e-05
-3.41835e-05
1.9544e-05
-3.47341e-05
1.66422e-05
-3.5579e-05
1.35692e-05
1.07175e-05
-3.62559e-05
-1.93647e-06
-5.89896e-06
-5.13551e-06
-1.99964e-06
-1.01508e-05
4.86118e-06
-1.65921e-05
1.26741e-05
-2.22435e-05
1.91874e-05
-2.54904e-05
2.25293e-05
-2.67613e-05
2.28574e-05
-2.71223e-05
2.1516e-05
-2.70775e-05
1.94993e-05
-2.70962e-05
1.66609e-05
-2.72361e-05
1.3709e-05
1.08212e-05
-2.73399e-05
-3.7583e-06
-2.13974e-06
-8.70477e-06
2.94727e-06
-1.36967e-05
9.85341e-06
-1.78149e-05
1.67927e-05
-2.01122e-05
2.1485e-05
-2.06271e-05
2.30446e-05
-2.02766e-05
2.25071e-05
-1.96425e-05
2.08822e-05
-1.88676e-05
1.87244e-05
-1.83147e-05
1.6108e-05
-1.79608e-05
1.3355e-05
1.0576e-05
-1.77157e-05
-4.8403e-06
2.70181e-06
-9.56711e-06
7.67479e-06
-1.31858e-05
1.34727e-05
-1.50759e-05
1.86834e-05
-1.51976e-05
2.16073e-05
-1.42738e-05
2.21212e-05
-1.29815e-05
2.12151e-05
-1.16751e-05
1.9576e-05
-1.04865e-05
1.75359e-05
-9.56311e-06
1.51846e-05
-8.89002e-06
1.26819e-05
1.00958e-05
-8.40983e-06
-5.01504e-06
7.71835e-06
-8.93938e-06
1.16001e-05
-1.10364e-05
1.55705e-05
-1.10923e-05
1.87401e-05
-9.6973e-06
2.02128e-05
-7.73023e-06
2.01546e-05
-5.70536e-06
1.91905e-05
-3.85357e-06
1.77245e-05
-2.26538e-06
1.59479e-05
-1.00129e-06
1.39206e-05
-4.0656e-08
1.17214e-05
9.39077e-06
6.64415e-07
-4.92341e-06
1.26426e-05
-7.78372e-06
1.44611e-05
-8.28846e-06
1.60759e-05
-6.79258e-06
1.72447e-05
-4.21343e-06
1.7634e-05
-1.35691e-06
1.72985e-05
1.3609e-06
1.6473e-05
3.76144e-06
1.53241e-05
5.78434e-06
1.39251e-05
7.41164e-06
1.22934e-05
8.67599e-06
1.04571e-05
8.43956e-06
9.62725e-06
-4.36393e-06
1.70073e-05
-6.02324e-06
1.61208e-05
-4.82206e-06
1.4875e-05
-1.93265e-06
1.43556e-05
1.69471e-06
1.4007e-05
5.36345e-06
1.363e-05
8.72322e-06
1.31134e-05
1.1636e-05
1.24115e-05
1.40685e-05
1.14927e-05
1.60325e-05
1.03296e-05
1.75768e-05
8.91289e-06
7.25715e-06
1.87592e-05
-3.9635e-06
2.09708e-05
-2.93804e-06
1.50955e-05
7.41349e-07
1.11957e-05
5.11478e-06
9.98231e-06
9.63961e-06
9.48231e-06
1.38786e-05
9.39112e-06
1.76161e-05
9.37613e-06
2.07876e-05
9.24006e-06
2.34044e-05
8.87602e-06
2.55112e-05
8.2228e-06
2.71769e-05
7.2472e-06
5.96662e-06
2.84675e-05
4.74108e-07
2.04968e-05
5.99446e-06
9.57519e-06
1.18977e-05
5.29253e-06
1.72772e-05
4.60302e-06
2.20121e-05
4.74751e-06
2.60764e-05
5.32705e-06
2.95052e-05
5.94745e-06
3.23476e-05
6.3978e-06
3.4664e-05
6.55969e-06
3.65183e-05
6.36848e-06
3.79907e-05
5.77492e-06
4.81327e-06
3.91441e-05
2.01714e-05
3.25301e-07
2.83856e-05
1.36092e-06
3.34629e-05
2.15197e-07
3.73817e-05
6.84287e-07
4.04274e-05
1.7019e-06
4.29323e-05
2.82219e-06
4.50351e-05
3.84474e-06
4.67795e-05
4.65347e-06
4.81987e-05
5.14058e-06
4.93264e-05
5.24078e-06
5.02286e-05
4.87278e-06
5.09492e-05
4.09271e-06
-5.27303e-05
5.59201e-06
-5.63623e-05
3.63171e-06
-5.8008e-05
1.64572e-06
-5.7879e-05
-1.29139e-07
-5.60174e-05
-1.86154e-06
-5.24384e-05
-3.57891e-06
-4.69314e-05
-5.50691e-06
-3.94832e-05
-7.44801e-06
-2.9922e-05
-9.56112e-06
-1.84694e-05
-1.14524e-05
-7.05705e-06
-1.14119e-05
-7.05688e-06
-4.72041e-05
7.12077e-06
-4.80237e-05
4.45116e-06
-4.82563e-05
1.8783e-06
-4.78218e-05
-5.63591e-07
-4.66727e-05
-3.01058e-06
-4.46027e-05
-5.64882e-06
-4.15451e-05
-8.56438e-06
-3.71655e-05
-1.18274e-05
-3.12738e-05
-1.54526e-05
-2.35828e-05
-1.91432e-05
-1.31377e-05
-2.18567e-05
-2.01944e-05
-3.69183e-05
7.78312e-06
-3.74032e-05
4.93594e-06
-3.76326e-05
2.10771e-06
-3.74377e-05
-7.58516e-07
-3.66672e-05
-3.78097e-06
-3.52568e-05
-7.05918e-06
-3.31024e-05
-1.07186e-05
-3.00735e-05
-1.48561e-05
-2.60836e-05
-1.94424e-05
-2.06547e-05
-2.45719e-05
-1.27827e-05
-2.97285e-05
-3.2977e-05
-2.74415e-05
7.88468e-06
-2.74616e-05
4.956e-06
-2.73431e-05
1.98915e-06
-2.70109e-05
-1.0907e-06
-2.64007e-05
-4.39106e-06
-2.54449e-05
-8.01493e-06
-2.40549e-05
-1.21085e-05
-2.21038e-05
-1.68071e-05
-1.93841e-05
-2.2162e-05
-1.54074e-05
-2.85485e-05
-9.41361e-06
-3.57221e-05
-4.23906e-05
-1.75672e-05
7.73611e-06
-1.74566e-05
4.84534e-06
-1.73284e-05
1.86087e-06
-1.71305e-05
-1.28851e-06
-1.6822e-05
-4.69954e-06
-1.63553e-05
-8.48159e-06
-1.56722e-05
-1.27915e-05
-1.47112e-05
-1.7768e-05
-1.32716e-05
-2.36015e-05
-1.11361e-05
-3.06837e-05
-7.42839e-06
-3.94296e-05
-4.98189e-05
-8.09113e-06
7.41739e-06
-7.88821e-06
4.64242e-06
-7.76087e-06
1.73354e-06
-7.67802e-06
-1.37131e-06
-7.61878e-06
-4.75872e-06
-7.56322e-06
-8.53704e-06
-7.50702e-06
-1.28476e-05
-7.41424e-06
-1.78607e-05
-7.17077e-06
-2.38448e-05
-6.59578e-06
-3.12585e-05
-4.86833e-06
-4.11569e-05
-5.46871e-05
1.15216e-06
6.92969e-06
1.4596e-06
4.33502e-06
1.61371e-06
1.57951e-06
1.6273e-06
-1.38481e-06
1.49848e-06
-4.62975e-06
1.2128e-06
-8.25123e-06
7.41731e-07
-1.23764e-05
6.68958e-08
-1.71857e-05
-7.88433e-07
-2.29893e-05
-1.70622e-06
-3.03405e-05
-2.22634e-06
-4.06365e-05
-5.69133e-05
1.03104e-05
6.24661e-06
1.07587e-05
3.88678e-06
1.0991e-05
1.34732e-06
1.10066e-05
-1.40034e-06
1.07847e-05
-4.4077e-06
1.02814e-05
-7.74774e-06
9.42212e-06
-1.15169e-05
8.11358e-06
-1.5877e-05
6.26103e-06
-2.11366e-05
3.84392e-06
-2.79233e-05
1.24226e-06
-3.80346e-05
-5.56709e-05
1.96358e-05
5.37009e-06
2.02407e-05
3.28196e-06
2.05906e-05
9.97576e-07
2.06764e-05
-1.48603e-06
2.04633e-05
-4.19439e-06
1.98831e-05
-7.16745e-06
1.88125e-05
-1.04461e-05
1.70735e-05
-1.41378e-05
1.44204e-05
-1.84834e-05
1.05964e-05
-2.40989e-05
5.69524e-06
-3.31333e-05
-4.99756e-05
2.94529e-05
4.38479e-06
3.01674e-05
2.56754e-06
3.063e-05
5.35044e-07
3.08277e-05
-1.6836e-06
3.07147e-05
-4.08121e-06
3.02047e-05
-6.6573e-06
2.91319e-05
-9.37311e-06
2.7242e-05
-1.22478e-05
2.41242e-05
-1.53655e-05
1.92736e-05
-1.92483e-05
1.18774e-05
-2.57369e-05
-3.80981e-05
4.00625e-05
3.46647e-06
4.07705e-05
1.85962e-06
4.12902e-05
1.54663e-08
4.16063e-05
-1.99957e-06
4.16644e-05
-4.13915e-06
4.13658e-05
-6.35857e-06
4.05182e-05
-8.52531e-06
3.88253e-05
-1.05547e-05
3.57373e-05
-1.22774e-05
3.05187e-05
-1.40295e-05
2.06597e-05
-1.58777e-05
-1.74383e-05
5.15922e-05
2.82353e-06
5.21568e-05
1.29509e-06
5.2666e-05
-4.93628e-07
5.30966e-05
-2.43005e-06
5.33814e-05
-4.4239e-06
5.34121e-05
-6.38909e-06
5.29944e-05
-8.10754e-06
5.18606e-05
-9.42077e-06
4.94867e-05
-9.90337e-06
4.49357e-05
-9.47854e-06
3.45748e-05
-5.51673e-06
1.71367e-05
5.16329e-06
-5.16391e-06
8.76439e-06
-3.60356e-06
1.14709e-05
-2.70718e-06
1.28978e-05
-1.42772e-06
1.28821e-05
1.55461e-08
1.08016e-05
2.08292e-06
6.06931e-06
4.73248e-06
-1.42349e-06
7.49521e-06
-1.5153e-05
1.37291e-05
-2.89624e-05
1.38096e-05
-3.91687e-05
1.02059e-05
7.96781e-06
-4.71368e-05
1.42775e-06
-6.59166e-06
3.54163e-06
-5.71897e-06
3.63363e-06
-2.79943e-06
1.69588e-06
5.09434e-07
-2.82974e-06
4.54161e-06
-1.12698e-05
1.05238e-05
-2.30675e-05
1.65306e-05
-3.39965e-05
1.84246e-05
-3.8794e-05
1.85266e-05
-4.10801e-05
1.60956e-05
-4.36014e-05
1.27271e-05
1.0043e-05
-4.56768e-05
1.24919e-06
-7.84042e-06
7.33032e-07
-5.20331e-06
-1.9086e-06
-1.5786e-07
-7.627e-06
6.22785e-06
-1.66164e-05
1.35314e-05
-2.53737e-05
1.92816e-05
-3.04316e-05
2.15888e-05
-3.3165e-05
2.11583e-05
-3.4186e-05
1.95477e-05
-3.47364e-05
1.66459e-05
-3.55814e-05
1.3572e-05
1.07198e-05
-3.62583e-05
-1.93626e-06
-5.90356e-06
-5.13308e-06
-2.0064e-06
-1.01457e-05
4.855e-06
-1.65871e-05
1.26695e-05
-2.22419e-05
1.91865e-05
-2.54919e-05
2.25319e-05
-2.67641e-05
2.28612e-05
-2.71254e-05
2.15199e-05
-2.70806e-05
1.9503e-05
-2.7099e-05
1.66643e-05
-2.72388e-05
1.37116e-05
1.08233e-05
-2.73423e-05
-3.75769e-06
-2.14487e-06
-8.70307e-06
2.93966e-06
-1.36954e-05
9.84763e-06
-1.78158e-05
1.67903e-05
-2.01152e-05
2.14863e-05
-2.06309e-05
2.3048e-05
-2.02802e-05
2.25109e-05
-1.96461e-05
2.08858e-05
-1.88707e-05
1.87278e-05
-1.83174e-05
1.61108e-05
-1.79631e-05
1.33573e-05
1.05777e-05
-1.77178e-05
-4.83908e-06
2.6965e-06
-9.56737e-06
7.66859e-06
-1.31878e-05
1.34689e-05
-1.50795e-05
1.86828e-05
-1.52019e-05
2.16093e-05
-1.42777e-05
2.21245e-05
-1.29851e-05
2.12185e-05
-1.1678e-05
1.95792e-05
-1.0489e-05
1.75388e-05
-9.56508e-06
1.5187e-05
-8.89171e-06
1.26839e-05
1.00973e-05
-8.41121e-06
-5.01579e-06
7.71349e-06
-8.94142e-06
1.15954e-05
-1.10399e-05
1.5568e-05
-1.10965e-05
1.87402e-05
-9.70123e-06
2.02148e-05
-7.7336e-06
2.01574e-05
-5.708e-06
1.91934e-05
-3.85567e-06
1.77271e-05
-2.26696e-06
1.59503e-05
-1.00251e-06
1.39227e-05
-4.157e-08
1.1723e-05
9.39201e-06
6.6371e-07
-4.92447e-06
1.26392e-05
-7.78636e-06
1.44578e-05
-8.29202e-06
1.60744e-05
-6.7962e-06
1.72449e-05
-4.21649e-06
1.76355e-05
-1.35927e-06
1.73006e-05
1.35919e-06
1.64753e-05
3.76027e-06
1.53263e-05
5.78359e-06
1.39272e-05
7.4112e-06
1.22952e-05
8.67577e-06
1.04585e-05
8.44064e-06
9.62719e-06
-4.36545e-06
1.70052e-05
-6.02568e-06
1.61187e-05
-4.82497e-06
1.48739e-05
-1.93536e-06
1.43556e-05
1.69254e-06
1.40079e-05
5.36192e-06
1.36315e-05
8.72227e-06
1.31152e-05
1.16356e-05
1.24132e-05
1.40685e-05
1.14944e-05
1.60327e-05
1.03311e-05
1.75771e-05
8.91416e-06
7.25811e-06
1.87597e-05
-3.96436e-06
2.09703e-05
-2.93944e-06
1.50939e-05
7.39726e-07
1.11951e-05
5.11318e-06
9.98236e-06
9.63837e-06
9.48297e-06
1.38778e-05
9.39219e-06
1.76158e-05
9.37744e-06
2.07877e-05
9.24147e-06
2.34048e-05
8.87743e-06
2.55118e-05
8.22412e-06
2.71777e-05
7.24831e-06
5.96747e-06
2.84684e-05
4.74277e-07
2.04964e-05
5.99442e-06
9.57415e-06
1.18974e-05
5.29211e-06
1.72767e-05
4.60318e-06
2.20118e-05
4.74809e-06
2.60762e-05
5.32792e-06
2.95053e-05
5.94851e-06
3.23479e-05
6.39897e-06
3.46646e-05
6.56089e-06
3.65192e-05
6.36963e-06
3.79916e-05
5.77589e-06
4.81402e-06
3.91452e-05
2.01725e-05
3.24195e-07
2.83864e-05
1.36029e-06
3.34633e-05
2.15466e-07
3.73817e-05
6.8481e-07
4.04273e-05
1.70258e-06
4.29324e-05
2.82299e-06
4.50353e-05
3.84566e-06
4.67799e-05
4.65447e-06
4.81993e-05
5.14161e-06
4.93272e-05
5.24175e-06
5.02295e-05
4.8736e-06
5.09503e-05
4.0933e-06
-5.27303e-05
5.59322e-06
-5.63635e-05
3.63304e-06
-5.80099e-05
1.64628e-06
-5.78814e-05
-1.2861e-07
-5.60199e-05
-1.86143e-06
-5.24412e-05
-3.57883e-06
-4.6934e-05
-5.50712e-06
-3.94857e-05
-7.44828e-06
-2.9924e-05
-9.56164e-06
-1.84709e-05
-1.1453e-05
-7.05801e-06
-1.14128e-05
-7.05795e-06
-4.72063e-05
7.1226e-06
-4.80259e-05
4.45249e-06
-4.82587e-05
1.87909e-06
-4.78243e-05
-5.63146e-07
-4.66752e-05
-3.01046e-06
-4.46051e-05
-5.64897e-06
-4.15474e-05
-8.56482e-06
-3.71675e-05
-1.18281e-05
-3.12755e-05
-1.54536e-05
-2.3584e-05
-1.91444e-05
-1.31385e-05
-2.18581e-05
-2.01964e-05
-3.69207e-05
7.78484e-06
-3.74055e-05
4.93716e-06
-3.76349e-05
2.10845e-06
-3.74399e-05
-7.582e-07
-3.66693e-05
-3.78104e-06
-3.52587e-05
-7.05959e-06
-3.31041e-05
-1.07194e-05
-3.0075e-05
-1.48572e-05
-2.60848e-05
-1.94437e-05
-2.06555e-05
-2.45736e-05
-1.27831e-05
-2.97305e-05
-3.29795e-05
-2.74438e-05
7.88618e-06
-2.74637e-05
4.957e-06
-2.7345e-05
1.98965e-06
-2.70126e-05
-1.09061e-06
-2.64023e-05
-4.39135e-06
-2.54464e-05
-8.01556e-06
-2.40562e-05
-1.21095e-05
-2.2105e-05
-1.68084e-05
-1.93851e-05
-2.21635e-05
-1.54082e-05
-2.85504e-05
-9.4141e-06
-3.57245e-05
-4.23936e-05
-1.7569e-05
7.73735e-06
-1.74582e-05
4.84609e-06
-1.73297e-05
1.86117e-06
-1.71318e-05
-1.28861e-06
-1.68231e-05
-4.7e-06
-1.63563e-05
-8.48237e-06
-1.56732e-05
-1.27927e-05
-1.4712e-05
-1.77694e-05
-1.32722e-05
-2.36033e-05
-1.11367e-05
-3.06859e-05
-7.42873e-06
-3.94323e-05
-4.98223e-05
-8.0923e-06
7.41839e-06
-7.8892e-06
4.64297e-06
-7.76172e-06
1.73369e-06
-7.67877e-06
-1.37154e-06
-7.61943e-06
-4.75929e-06
-7.56381e-06
-8.53795e-06
-7.50755e-06
-1.28488e-05
-7.41474e-06
-1.78622e-05
-7.17121e-06
-2.38467e-05
-6.5962e-06
-3.12609e-05
-4.86863e-06
-4.11598e-05
-5.46908e-05
1.15162e-06
6.93052e-06
1.4592e-06
4.33544e-06
1.61341e-06
1.57954e-06
1.62708e-06
-1.38513e-06
1.4983e-06
-4.63042e-06
1.21267e-06
-8.2522e-06
7.41592e-07
-1.23777e-05
6.67805e-08
-1.71873e-05
-7.88567e-07
-2.29913e-05
-1.70639e-06
-3.03429e-05
-2.22651e-06
-4.06395e-05
-5.69173e-05
1.03105e-05
6.24731e-06
1.07589e-05
3.8871e-06
1.09912e-05
1.34729e-06
1.10069e-05
-1.40072e-06
1.0785e-05
-4.40841e-06
1.02817e-05
-7.74876e-06
9.42242e-06
-1.15182e-05
8.11385e-06
-1.58786e-05
6.26122e-06
-2.11385e-05
3.84406e-06
-2.79256e-05
1.24227e-06
-3.80376e-05
-5.56749e-05
1.96364e-05
5.37071e-06
2.02414e-05
3.28222e-06
2.05913e-05
9.97499e-07
2.06772e-05
-1.48645e-06
2.0464e-05
-4.19513e-06
1.98839e-05
-7.1685e-06
1.88132e-05
-1.04474e-05
1.70742e-05
-1.41395e-05
1.44211e-05
-1.84853e-05
1.05968e-05
-2.41013e-05
5.69548e-06
-3.31361e-05
-4.99793e-05
2.94538e-05
4.38533e-06
3.01684e-05
2.56775e-06
3.06311e-05
5.34911e-07
3.08289e-05
-1.68405e-06
3.07159e-05
-4.082e-06
3.02059e-05
-6.65838e-06
2.91331e-05
-9.37447e-06
2.72431e-05
-1.22494e-05
2.41253e-05
-1.53674e-05
1.92745e-05
-1.92504e-05
1.18779e-05
-2.57394e-05
-3.81012e-05
4.00637e-05
3.46692e-06
4.07718e-05
1.85976e-06
4.12916e-05
1.52602e-08
4.16078e-05
-2.0001e-06
4.1666e-05
-4.14002e-06
4.13674e-05
-6.35972e-06
4.05198e-05
-8.52674e-06
3.88269e-05
-1.05563e-05
3.57388e-05
-1.22792e-05
3.052e-05
-1.40315e-05
2.06606e-05
-1.58798e-05
-1.74406e-05
5.15934e-05
2.82384e-06
5.21582e-05
1.29508e-06
5.26675e-05
-4.93962e-07
5.30983e-05
-2.43073e-06
5.33833e-05
-4.4249e-06
5.3414e-05
-6.39038e-06
5.29964e-05
-8.10906e-06
5.18626e-05
-9.42245e-06
4.94887e-05
-9.90515e-06
4.49376e-05
-9.48025e-06
3.45761e-05
-5.51838e-06
1.71358e-05
5.21318e-06
-5.21242e-06
8.80611e-06
-3.59476e-06
1.14866e-05
-2.68014e-06
1.28926e-05
-1.40625e-06
1.28689e-05
2.46157e-08
1.07883e-05
2.0839e-06
6.05766e-06
4.73184e-06
-1.44151e-06
7.50232e-06
-1.51722e-05
1.37306e-05
-2.89733e-05
1.38013e-05
-3.9175e-05
1.02013e-05
7.96362e-06
-4.71391e-05
1.42754e-06
-6.63934e-06
3.54231e-06
-5.71074e-06
3.64462e-06
-2.78204e-06
1.70691e-06
5.31416e-07
-2.83351e-06
4.56614e-06
-1.12841e-05
1.05357e-05
-2.30841e-05
1.65325e-05
-3.40023e-05
1.84211e-05
-3.87922e-05
1.85206e-05
-4.10784e-05
1.60874e-05
-4.35988e-05
1.27215e-05
1.00384e-05
-4.56739e-05
1.19548e-06
-7.83455e-06
6.93421e-07
-5.2091e-06
-1.93423e-06
-1.54401e-07
-7.64799e-06
6.2452e-06
-1.66319e-05
1.35504e-05
-2.53802e-05
1.92846e-05
-3.04315e-05
2.15842e-05
-3.31617e-05
2.11517e-05
-3.41812e-05
1.95402e-05
-3.47322e-05
1.66384e-05
-3.55771e-05
1.35662e-05
1.07151e-05
-3.62539e-05
-1.9458e-06
-5.88847e-06
-5.15656e-06
-1.99844e-06
-1.01723e-05
4.8614e-06
-1.66054e-05
1.26784e-05
-2.22462e-05
1.91915e-05
-2.54895e-05
2.25283e-05
-2.67593e-05
2.28543e-05
-2.71198e-05
2.15125e-05
-2.7075e-05
1.94956e-05
-2.7094e-05
1.66574e-05
-2.72339e-05
1.37061e-05
1.08188e-05
-2.73378e-05
-3.75522e-06
-2.13275e-06
-8.70768e-06
2.95431e-06
-1.37027e-05
9.85668e-06
-1.78188e-05
1.67949e-05
-2.01118e-05
2.1485e-05
-2.06253e-05
2.30422e-05
-2.02744e-05
2.25037e-05
-1.96401e-05
2.08786e-05
-1.88654e-05
1.8721e-05
-1.83127e-05
1.61048e-05
-1.7959e-05
1.33523e-05
1.05737e-05
-1.7714e-05
-4.84147e-06
2.70969e-06
-9.56698e-06
7.6804e-06
-1.31859e-05
1.34763e-05
-1.50754e-05
1.86849e-05
-1.51959e-05
2.16062e-05
-1.42718e-05
2.21186e-05
-1.29794e-05
2.12119e-05
-1.16732e-05
1.95727e-05
-1.04848e-05
1.75328e-05
-9.56159e-06
1.51817e-05
-8.88861e-06
1.26794e-05
1.00936e-05
-8.40851e-06
-5.01409e-06
7.72499e-06
-8.93754e-06
1.16047e-05
-1.10342e-05
1.55737e-05
-1.10898e-05
1.87413e-05
-9.69486e-06
2.02118e-05
-7.72808e-06
2.01524e-05
-5.70361e-06
1.91878e-05
-3.85211e-06
1.77216e-05
-2.26414e-06
1.59451e-05
-1.00018e-06
1.3918e-05
-3.96368e-08
1.1719e-05
9.38872e-06
6.654e-07
-4.92161e-06
1.26473e-05
-7.78071e-06
1.44645e-05
-8.28501e-06
1.60785e-05
-6.78915e-06
1.72459e-05
-4.21055e-06
1.76336e-05
-1.35465e-06
1.72969e-05
1.36261e-06
1.64709e-05
3.76279e-06
1.53218e-05
5.78545e-06
1.39227e-05
7.4126e-06
1.22911e-05
8.67688e-06
1.04549e-05
8.43761e-06
9.62811e-06
-4.36153e-06
1.70096e-05
-6.01967e-06
1.61231e-05
-4.81808e-06
1.48772e-05
-1.92876e-06
1.43569e-05
1.69806e-06
1.40071e-05
5.36616e-06
1.36291e-05
8.72537e-06
1.3112e-05
1.16378e-05
1.24096e-05
1.407e-05
1.14907e-05
1.60338e-05
1.03276e-05
1.75779e-05
8.91097e-06
7.25538e-06
1.87603e-05
-3.96117e-06
2.09712e-05
-2.93478e-06
1.50969e-05
7.45385e-07
1.11973e-05
5.11897e-06
9.98349e-06
9.64351e-06
9.48271e-06
1.3882e-05
9.39074e-06
1.7619e-05
9.37516e-06
2.07901e-05
9.23871e-06
2.34066e-05
8.87447e-06
2.55131e-05
8.22118e-06
2.71786e-05
7.2456e-06
5.96512e-06
2.8469e-05
4.75476e-07
2.04961e-05
5.99754e-06
9.57504e-06
1.19017e-05
5.29324e-06
1.72815e-05
4.6038e-06
2.20165e-05
4.74789e-06
2.60805e-05
5.32686e-06
2.9509e-05
5.9468e-06
3.2351e-05
6.39684e-06
3.4667e-05
6.55856e-06
3.6521e-05
6.36729e-06
3.7993e-05
5.77374e-06
4.81215e-06
3.91461e-05
2.01738e-05
3.22346e-07
2.8389e-05
1.35985e-06
3.34668e-05
2.1538e-07
3.7386e-05
6.84657e-07
4.04319e-05
1.70204e-06
4.29368e-05
2.82198e-06
4.50394e-05
3.84423e-06
4.67835e-05
4.65279e-06
4.82023e-05
5.13982e-06
4.93297e-05
5.24003e-06
5.02314e-05
4.87205e-06
5.09516e-05
4.09204e-06
-5.27302e-05
5.59078e-06
-5.6361e-05
3.63049e-06
-5.80063e-05
1.64515e-06
-5.78769e-05
-1.29623e-07
-5.60152e-05
-1.8617e-06
-5.24363e-05
-3.57903e-06
-4.69295e-05
-5.50681e-06
-3.94816e-05
-7.44785e-06
-2.99208e-05
-9.56082e-06
-1.84687e-05
-1.1452e-05
-7.05688e-06
-1.14116e-05
-7.05681e-06
-4.72022e-05
7.1189e-06
-4.80217e-05
4.44977e-06
-4.82541e-05
1.8774e-06
-4.78197e-05
-5.64165e-07
-4.66705e-05
-3.01087e-06
-4.46007e-05
-5.64886e-06
-4.15433e-05
-8.56422e-06
-3.7164e-05
-1.18271e-05
-3.12726e-05
-1.54521e-05
-2.3582e-05
-1.91426e-05
-1.31374e-05
-2.18561e-05
-2.01941e-05
-3.69164e-05
7.78117e-06
-3.74012e-05
4.93445e-06
-3.76306e-05
2.10667e-06
-3.74357e-05
-7.59161e-07
-3.66653e-05
-3.78125e-06
-3.5255e-05
-7.05914e-06
-3.31009e-05
-1.07183e-05
-3.00722e-05
-1.48557e-05
-2.60826e-05
-1.94417e-05
-2.06539e-05
-2.45711e-05
-1.27823e-05
-2.97276e-05
-3.29763e-05
-2.74394e-05
7.88275e-06
-2.74596e-05
4.95454e-06
-2.73412e-05
1.98815e-06
-2.70091e-05
-1.09129e-06
-2.63991e-05
-4.39127e-06
-2.54434e-05
-8.0148e-06
-2.40536e-05
-1.21081e-05
-2.21027e-05
-1.68065e-05
-1.93832e-05
-2.21611e-05
-1.54068e-05
-2.85475e-05
-9.41334e-06
-3.5721e-05
-4.23896e-05
-1.75656e-05
7.73427e-06
-1.7455e-05
4.84394e-06
-1.73268e-05
1.8599e-06
-1.7129e-05
-1.28907e-06
-1.68206e-05
-4.69972e-06
-1.6354e-05
-8.48139e-06
-1.56711e-05
-1.2791e-05
-1.47103e-05
-1.77672e-05
-1.32709e-05
-2.36004e-05
-1.11357e-05
-3.06825e-05
-7.4282e-06
-3.94284e-05
-4.98178e-05
-8.08984e-06
7.41563e-06
-7.88696e-06
4.64104e-06
-7.75962e-06
1.73257e-06
-7.6768e-06
-1.37188e-06
-7.61758e-06
-4.7589e-06
-7.56208e-06
-8.53683e-06
-7.50598e-06
-1.2847e-05
-7.41336e-06
-1.78597e-05
-7.17012e-06
-2.38436e-05
-6.59538e-06
-3.12572e-05
-4.86816e-06
-4.11555e-05
-5.46859e-05
1.15312e-06
6.92796e-06
1.46058e-06
4.33364e-06
1.6147e-06
1.5785e-06
1.62832e-06
-1.38544e-06
1.4995e-06
-4.62999e-06
1.2138e-06
-8.25106e-06
7.42672e-07
-1.23758e-05
6.77033e-08
-1.71847e-05
-7.87819e-07
-2.2988e-05
-1.70586e-06
-3.0339e-05
-2.22618e-06
-4.0635e-05
-5.6912e-05
1.03112e-05
6.24493e-06
1.07596e-05
3.8854e-06
1.09919e-05
1.34628e-06
1.10075e-05
-1.40101e-06
1.07857e-05
-4.40799e-06
1.02823e-05
-7.7476e-06
9.42301e-06
-1.15163e-05
8.11437e-06
-1.58759e-05
6.26163e-06
-2.11351e-05
3.84427e-06
-2.79215e-05
1.24242e-06
-3.8033e-05
-5.56694e-05
1.96368e-05
5.36852e-06
2.02417e-05
3.28065e-06
2.05915e-05
9.96563e-07
2.06773e-05
-1.48671e-06
2.04642e-05
-4.19469e-06
1.9884e-05
-7.16732e-06
1.88133e-05
-1.04455e-05
1.70743e-05
-1.41367e-05
1.44211e-05
-1.84818e-05
1.05968e-05
-2.4097e-05
5.6954e-06
-3.31314e-05
-4.9974e-05
2.94542e-05
4.38344e-06
3.01686e-05
2.56638e-06
3.06311e-05
5.3415e-07
3.08287e-05
-1.68418e-06
3.07156e-05
-4.08145e-06
3.02056e-05
-6.65714e-06
2.91328e-05
-9.37246e-06
2.72428e-05
-1.22466e-05
2.41249e-05
-1.53637e-05
1.92741e-05
-1.92461e-05
1.18776e-05
-2.57348e-05
-3.80963e-05
4.00642e-05
3.46544e-06
4.0772e-05
1.85873e-06
4.12915e-05
1.47882e-08
4.16075e-05
-1.99998e-06
4.16654e-05
-4.13926e-06
4.13667e-05
-6.35829e-06
4.0519e-05
-8.52457e-06
3.8826e-05
-1.05534e-05
3.57379e-05
-1.22755e-05
3.05191e-05
-1.40272e-05
2.06598e-05
-1.58753e-05
-1.74363e-05
5.15943e-05
2.82289e-06
5.21585e-05
1.29454e-06
5.26674e-05
-4.94018e-07
5.30978e-05
-2.43023e-06
5.33824e-05
-4.4238e-06
5.34129e-05
-6.38861e-06
5.29951e-05
-8.10661e-06
5.18611e-05
-9.41926e-06
4.9487e-05
-9.90135e-06
4.49359e-05
-9.47619e-06
3.45749e-05
-5.51416e-06
1.71388e-05
5.16323e-06
-5.16381e-06
8.76423e-06
-3.60343e-06
1.14706e-05
-2.70702e-06
1.28973e-05
-1.4275e-06
1.28813e-05
1.59173e-08
1.08001e-05
2.08363e-06
6.06726e-06
4.73303e-06
-1.42792e-06
7.49761e-06
-1.51588e-05
1.37305e-05
-2.89671e-05
1.38084e-05
-3.91726e-05
1.02051e-05
7.9671e-06
-4.714e-05
1.42762e-06
-6.59141e-06
3.54129e-06
-5.71861e-06
3.63295e-06
-2.79891e-06
1.69471e-06
5.10173e-07
-2.83184e-06
4.54293e-06
-1.12732e-05
1.05259e-05
-2.30717e-05
1.6532e-05
-3.3999e-05
1.84253e-05
-3.87951e-05
1.85266e-05
-4.10814e-05
1.60947e-05
-4.36028e-05
1.27264e-05
1.00423e-05
-4.56782e-05
1.24907e-06
-7.84003e-06
7.32641e-07
-5.20266e-06
-1.90948e-06
-1.5683e-07
-7.62873e-06
6.22946e-06
-1.66188e-05
1.35333e-05
-2.53755e-05
1.92831e-05
-3.04329e-05
2.15897e-05
-3.31659e-05
2.11585e-05
-3.41867e-05
1.95475e-05
-3.47372e-05
1.66452e-05
-3.55823e-05
1.35713e-05
1.07191e-05
-3.62593e-05
-1.93633e-06
-5.90309e-06
-5.1334e-06
-2.00548e-06
-1.01464e-05
4.85644e-06
-1.65881e-05
1.26713e-05
-2.22428e-05
1.91883e-05
-2.54925e-05
2.25333e-05
-2.67646e-05
2.28619e-05
-2.71258e-05
2.15201e-05
-2.70812e-05
1.95028e-05
-2.70997e-05
1.66638e-05
-2.72395e-05
1.3711e-05
1.08226e-05
-2.73431e-05
-3.75776e-06
-2.14433e-06
-8.70323e-06
2.94067e-06
-1.36956e-05
9.84918e-06
-1.78161e-05
1.67922e-05
-2.01155e-05
2.14882e-05
-2.06312e-05
2.30493e-05
-2.02804e-05
2.25117e-05
-1.96464e-05
2.08861e-05
-1.88711e-05
1.87277e-05
-1.83179e-05
1.61105e-05
-1.79637e-05
1.33568e-05
1.05771e-05
-1.77184e-05
-4.83918e-06
2.69716e-06
-9.56749e-06
7.66962e-06
-1.31879e-05
1.34705e-05
-1.50796e-05
1.86847e-05
-1.5202e-05
2.1611e-05
-1.42778e-05
2.21258e-05
-1.29851e-05
2.12192e-05
-1.16782e-05
1.95796e-05
-1.04893e-05
1.75388e-05
-9.56541e-06
1.51868e-05
-8.89208e-06
1.26834e-05
1.00966e-05
-8.41159e-06
-5.01581e-06
7.71416e-06
-8.94151e-06
1.15965e-05
-1.104e-05
1.55695e-05
-1.10965e-05
1.8742e-05
-9.70108e-06
2.02164e-05
-7.73341e-06
2.01586e-05
-5.70786e-06
1.91942e-05
-3.8556e-06
1.77276e-05
-2.26697e-06
1.59504e-05
-1.00257e-06
1.39225e-05
-4.16573e-08
1.17226e-05
9.39134e-06
6.63629e-07
-4.92456e-06
1.264e-05
-7.78649e-06
1.4459e-05
-8.29203e-06
1.60758e-05
-6.79597e-06
1.72465e-05
-4.21609e-06
1.7637e-05
-1.35881e-06
1.73018e-05
1.35962e-06
1.64761e-05
3.76064e-06
1.53268e-05
5.7839e-06
1.39273e-05
7.41147e-06
1.2295e-05
8.67603e-06
1.04581e-05
8.43996e-06
9.62748e-06
-4.36568e-06
1.70062e-05
-6.02586e-06
1.61198e-05
-4.82489e-06
1.48751e-05
-1.93498e-06
1.43569e-05
1.69313e-06
1.40092e-05
5.3626e-06
1.36326e-05
8.72295e-06
1.3116e-05
1.16362e-05
1.24137e-05
1.40691e-05
1.14946e-05
1.60333e-05
1.03309e-05
1.75778e-05
8.9137e-06
7.2574e-06
1.87604e-05
-3.96463e-06
2.09715e-05
-2.93959e-06
1.50949e-05
7.39834e-07
1.1196e-05
5.11359e-06
9.98333e-06
9.639e-06
9.48401e-06
1.38786e-05
9.39318e-06
1.76165e-05
9.37824e-06
2.07885e-05
9.24197e-06
2.34056e-05
8.87759e-06
2.55127e-05
8.22392e-06
2.71786e-05
7.24781e-06
5.96671e-06
2.84694e-05
4.74128e-07
2.04978e-05
5.99431e-06
9.5751e-06
1.18974e-05
5.29287e-06
1.7277e-05
4.60396e-06
2.20122e-05
4.74898e-06
2.60767e-05
5.32881e-06
2.95059e-05
5.94923e-06
3.23486e-05
6.3994e-06
3.46654e-05
6.56096e-06
3.652e-05
6.36933e-06
3.79926e-05
5.77528e-06
4.81316e-06
3.91462e-05
2.01721e-05
3.25986e-07
2.83859e-05
1.36132e-06
3.34628e-05
2.16237e-07
3.73813e-05
6.85596e-07
4.0427e-05
1.70339e-06
4.29321e-05
2.82375e-06
4.50352e-05
3.84622e-06
4.678e-05
4.65471e-06
4.81996e-05
5.14148e-06
4.93277e-05
5.24124e-06
5.02302e-05
4.87279e-06
5.09512e-05
4.09225e-06
-5.27329e-05
5.5927e-06
-5.63655e-05
3.63239e-06
-5.80115e-05
1.64588e-06
-5.78826e-05
-1.29033e-07
-5.60208e-05
-1.86172e-06
-5.24418e-05
-3.57914e-06
-4.69344e-05
-5.5073e-06
-3.9486e-05
-7.44844e-06
-2.99242e-05
-9.56169e-06
-1.84712e-05
-1.1453e-05
-7.05825e-06
-1.14128e-05
-7.05819e-06
-4.72074e-05
7.12182e-06
-4.8027e-05
4.45178e-06
-4.82596e-05
1.87847e-06
-4.7825e-05
-5.63709e-07
-4.66757e-05
-3.01097e-06
-4.46055e-05
-5.64941e-06
-4.15475e-05
-8.56517e-06
-3.71676e-05
-1.18284e-05
-3.12755e-05
-1.54537e-05
-2.3584e-05
-1.91444e-05
-1.31385e-05
-2.18581e-05
-2.01966e-05
-3.69216e-05
7.78407e-06
-3.74064e-05
4.93639e-06
-3.76356e-05
2.1077e-06
-3.74405e-05
-7.5892e-07
-3.66698e-05
-3.78171e-06
-3.5259e-05
-7.06019e-06
-3.31042e-05
-1.07199e-05
-3.0075e-05
-1.48576e-05
-2.60847e-05
-1.9444e-05
-2.06553e-05
-2.45737e-05
-1.27829e-05
-2.97304e-05
-3.29795e-05
-2.74445e-05
7.88541e-06
-2.74644e-05
4.95618e-06
-2.73456e-05
1.98883e-06
-2.70131e-05
-1.09144e-06
-2.64027e-05
-4.39215e-06
-2.54466e-05
-8.01632e-06
-2.40562e-05
-1.21102e-05
-2.21049e-05
-1.68089e-05
-1.93849e-05
-2.21639e-05
-1.5408e-05
-2.85505e-05
-9.41397e-06
-3.57244e-05
-4.23934e-05
-1.75696e-05
7.73657e-06
-1.74587e-05
4.84523e-06
-1.73302e-05
1.86027e-06
-1.71321e-05
-1.28954e-06
-1.68234e-05
-4.70092e-06
-1.63564e-05
-8.48325e-06
-1.56731e-05
-1.27934e-05
-1.47119e-05
-1.77701e-05
-1.3272e-05
-2.36037e-05
-1.11363e-05
-3.06861e-05
-7.42845e-06
-3.94322e-05
-4.98218e-05
-8.09267e-06
7.41758e-06
-7.88951e-06
4.64207e-06
-7.76195e-06
1.7327e-06
-7.6789e-06
-1.37256e-06
-7.61945e-06
-4.76032e-06
-7.56373e-06
-8.53893e-06
-7.50735e-06
-1.28497e-05
-7.41446e-06
-1.78629e-05
-7.17088e-06
-2.38472e-05
-6.59583e-06
-3.1261e-05
-4.86836e-06
-4.11595e-05
-5.46901e-05
1.15157e-06
6.92969e-06
1.4592e-06
4.33448e-06
1.61348e-06
1.57849e-06
1.62724e-06
-1.38623e-06
1.49854e-06
-4.63153e-06
1.21299e-06
-8.25326e-06
7.41994e-07
-1.23786e-05
6.72336e-08
-1.7188e-05
-7.8809e-07
-2.29918e-05
-1.70594e-06
-3.0343e-05
-2.22612e-06
-4.06391e-05
-5.69161e-05
1.03108e-05
6.24645e-06
1.07592e-05
3.8861e-06
1.09916e-05
1.34618e-06
1.10074e-05
-1.40188e-06
1.07856e-05
-4.40957e-06
1.02823e-05
-7.74987e-06
9.42304e-06
-1.15192e-05
8.11448e-06
-1.58794e-05
6.26181e-06
-2.1139e-05
3.84457e-06
-2.79256e-05
1.24265e-06
-3.80371e-05
-5.56733e-05
1.96371e-05
5.36981e-06
2.02421e-05
3.28118e-06
2.05921e-05
9.96355e-07
2.0678e-05
-1.48765e-06
2.04649e-05
-4.19632e-06
1.98847e-05
-7.16961e-06
1.8814e-05
-1.04484e-05
1.7075e-05
-1.41402e-05
1.44218e-05
-1.84856e-05
1.05973e-05
-2.41011e-05
5.69589e-06
-3.31353e-05
-4.99773e-05
2.94549e-05
4.38438e-06
3.01695e-05
2.56667e-06
3.06322e-05
5.33738e-07
3.083e-05
-1.68526e-06
3.0717e-05
-4.08318e-06
3.02069e-05
-6.65945e-06
2.91341e-05
-9.37535e-06
2.7244e-05
-1.225e-05
2.4126e-05
-1.53675e-05
1.9275e-05
-1.925e-05
1.18782e-05
-2.57385e-05
-3.80989e-05
4.00648e-05
3.46589e-06
4.0773e-05
1.85862e-06
4.12929e-05
1.4051e-08
4.16091e-05
-2.00132e-06
4.16672e-05
-4.14116e-06
4.13686e-05
-6.36071e-06
4.05208e-05
-8.52748e-06
3.88277e-05
-1.05567e-05
3.57394e-05
-1.22791e-05
3.05203e-05
-1.40309e-05
2.06607e-05
-1.58786e-05
-1.74382e-05
5.15945e-05
2.82266e-06
5.21594e-05
1.29383e-06
5.26688e-05
-4.95233e-07
5.30995e-05
-2.43195e-06
5.33844e-05
-4.42597e-06
5.3415e-05
-6.39122e-06
5.29972e-05
-8.10958e-06
5.18631e-05
-9.42256e-06
4.94889e-05
-9.90478e-06
4.49375e-05
-9.47939e-06
3.45759e-05
-5.51695e-06
1.71378e-05
6.55457e-05
4.15445e-06
-6.93747e-05
6.48514e-05
2.05523e-06
6.34857e-05
1.58085e-06
6.2748e-05
1.42202e-06
6.25398e-05
1.91024e-06
6.2643e-05
2.71902e-06
6.28791e-05
3.60873e-06
6.31244e-05
4.40825e-06
6.33137e-05
4.95137e-06
6.34272e-05
5.12733e-06
6.35128e-05
4.78713e-06
4.00275e-06
6.36028e-05
8.42216e-05
3.29229e-06
-8.33596e-05
8.38779e-05
2.39893e-06
8.31989e-05
2.25973e-06
8.23385e-05
2.28245e-06
8.15087e-05
2.74004e-06
8.07271e-05
3.50065e-06
7.99612e-05
4.37467e-06
7.91798e-05
5.1897e-06
7.83792e-05
5.75195e-06
7.75915e-05
5.91502e-06
7.69133e-05
5.46534e-06
4.48861e-06
7.64274e-05
9.72564e-05
2.31105e-06
-9.62751e-05
9.75634e-05
2.09194e-06
9.75117e-05
2.31136e-06
9.71056e-05
2.68857e-06
9.64307e-05
3.41501e-06
9.55269e-05
4.4045e-06
9.44215e-05
5.48005e-06
9.31588e-05
6.45243e-06
9.1815e-05
7.09572e-06
9.05141e-05
7.21592e-06
8.94333e-05
6.54617e-06
5.13597e-06
8.87859e-05
0.000109095
-0.000108501
1.71673e-06
0.000109361
1.82582e-06
0.000109312
2.36068e-06
0.000108904
3.09565e-06
0.000108148
4.17135e-06
0.000107079
5.47379e-06
0.000105756
6.80283e-06
0.000104282
7.92608e-06
0.000102808
8.56984e-06
0.000101553
8.47091e-06
0.000100772
7.32733e-06
0.000100897
5.01069e-06
6.38528e-05
2.57354e-06
6.42187e-05
9.2931e-07
6.47202e-05
-9.9504e-07
6.53076e-05
-3.01729e-06
6.58853e-05
-5.00156e-06
6.63207e-05
-6.82438e-06
6.64351e-05
-8.22188e-06
6.60281e-05
-9.0136e-06
6.488e-05
-8.75529e-06
6.2735e-05
-7.33333e-06
6.10549e-05
-3.83653e-06
8.81818e-06
6.93734e-05
7.64091e-05
2.59187e-06
7.67271e-05
6.1138e-07
7.738e-05
-1.64789e-06
7.82561e-05
-3.89342e-06
7.92143e-05
-5.95972e-06
8.00762e-05
-7.68615e-06
8.06579e-05
-8.80357e-06
8.0766e-05
-9.12164e-06
8.03432e-05
-8.33238e-06
7.92667e-05
-6.25696e-06
7.89426e-05
-3.51239e-06
4.40237e-06
8.33585e-05
8.89923e-05
2.3855e-06
8.96771e-05
-7.3285e-08
9.07829e-05
-2.75368e-06
9.21047e-05
-5.21513e-06
9.34583e-05
-7.31329e-06
9.46299e-05
-8.85773e-06
9.54456e-05
-9.61918e-06
9.57221e-05
-9.39817e-06
9.54778e-05
-8.08804e-06
9.47126e-05
-5.49156e-06
9.41643e-05
-2.96412e-06
2.29198e-06
9.62747e-05
0.000102233
1.04937e-06
0.000103758
-1.59824e-06
0.000105467
-4.46246e-06
0.000107125
-6.87295e-06
0.000108571
-8.75972e-06
0.000109631
-9.91753e-06
0.000110197
-1.01853e-05
0.00011017
-9.37145e-06
0.000109632
-7.5499e-06
0.000108768
-4.62695e-06
0.000107822
-2.01872e-06
0.000108501
1.61317e-06
6.55442e-05
4.15339e-06
6.48499e-05
2.0547e-06
6.34845e-05
1.58075e-06
6.27471e-05
1.42231e-06
6.25391e-05
1.9107e-06
6.26425e-05
2.71962e-06
6.28788e-05
3.60947e-06
6.31243e-05
4.40906e-06
6.33137e-05
4.95221e-06
6.34274e-05
5.12808e-06
6.35133e-05
4.78772e-06
4.0031e-06
6.36036e-05
8.42203e-05
3.29171e-06
8.38764e-05
2.39856e-06
8.31976e-05
2.25972e-06
8.23373e-05
2.28261e-06
8.15076e-05
2.74039e-06
8.07261e-05
3.50115e-06
7.99603e-05
4.37531e-06
7.9179e-05
5.19038e-06
7.83786e-05
5.75258e-06
7.75912e-05
5.9155e-06
7.69134e-05
5.46559e-06
4.48861e-06
7.64279e-05
9.72556e-05
2.31078e-06
9.75624e-05
2.09181e-06
9.75107e-05
2.31127e-06
9.71046e-05
2.68878e-06
9.64296e-05
3.41542e-06
9.55257e-05
4.40506e-06
9.44203e-05
5.4807e-06
9.31577e-05
6.45302e-06
9.18141e-05
7.09613e-06
9.05136e-05
7.21605e-06
8.94332e-05
6.54599e-06
5.13549e-06
8.87863e-05
0.000109095
1.71711e-06
0.00010936
1.82608e-06
0.000109311
2.36093e-06
0.000108904
3.09603e-06
0.000108147
4.17189e-06
0.000107078
5.47444e-06
0.000105755
6.80346e-06
0.000104281
7.92651e-06
0.000102807
8.56993e-06
0.000101553
8.47058e-06
0.000100772
7.32665e-06
0.000100898
5.00974e-06
6.38539e-05
2.57362e-06
6.42201e-05
9.29065e-07
6.47218e-05
-9.95604e-07
6.53093e-05
-3.01819e-06
6.58873e-05
-5.00276e-06
6.63228e-05
-6.82585e-06
6.64374e-05
-8.22354e-06
6.60304e-05
-9.01538e-06
6.48824e-05
-8.75706e-06
6.27373e-05
-7.33514e-06
6.10572e-05
-3.83804e-06
8.81679e-06
6.93761e-05
7.641e-05
2.59158e-06
7.67283e-05
6.10792e-07
7.73816e-05
-1.64879e-06
7.8258e-05
-3.89461e-06
7.92164e-05
-5.96117e-06
8.00784e-05
-7.6878e-06
8.06603e-05
-8.80535e-06
8.07684e-05
-9.12348e-06
8.03456e-05
-8.33421e-06
7.92692e-05
-6.25866e-06
7.89451e-05
-3.51407e-06
4.40093e-06
8.33611e-05
8.89932e-05
2.38477e-06
8.96784e-05
-7.42765e-08
9.07846e-05
-2.75493e-06
9.21067e-05
-5.2166e-06
9.34605e-05
-7.31496e-06
9.46322e-05
-8.85952e-06
9.54479e-05
-9.62103e-06
9.57245e-05
-9.40001e-06
9.54801e-05
-8.08982e-06
9.47149e-05
-5.49338e-06
9.41667e-05
-2.96572e-06
2.29034e-06
9.62772e-05
0.000102235
1.04829e-06
0.00010376
-1.59954e-06
0.000105469
-4.46394e-06
0.000107127
-6.87462e-06
0.000108573
-8.7615e-06
0.000109633
-9.91936e-06
0.000110199
-1.01871e-05
0.000110172
-9.37327e-06
0.000109634
-7.55171e-06
0.00010877
-4.62869e-06
0.000107824
-2.02059e-06
0.000108503
1.61149e-06
6.55467e-05
4.1518e-06
6.48528e-05
2.05372e-06
6.34881e-05
1.58011e-06
6.27512e-05
1.42158e-06
6.25435e-05
1.90979e-06
6.2647e-05
2.71848e-06
6.28831e-05
3.60812e-06
6.31283e-05
4.40766e-06
6.33173e-05
4.95087e-06
6.34304e-05
5.12696e-06
6.35156e-05
4.78686e-06
4.00254e-06
6.36052e-05
8.42228e-05
3.29009e-06
8.38791e-05
2.39729e-06
8.32007e-05
2.25854e-06
8.23408e-05
2.28144e-06
8.15114e-05
2.73909e-06
8.07301e-05
3.49973e-06
7.99643e-05
4.37387e-06
7.91829e-05
5.1891e-06
7.83821e-05
5.75162e-06
7.75941e-05
5.91497e-06
7.69155e-05
5.46548e-06
4.48884e-06
7.64292e-05
9.72581e-05
2.30918e-06
9.75649e-05
2.0904e-06
9.75134e-05
2.31002e-06
9.71075e-05
2.68734e-06
9.64328e-05
3.41384e-06
9.55291e-05
4.40341e-06
9.44237e-05
5.47918e-06
9.31609e-05
6.45189e-06
9.18169e-05
7.0956e-06
9.05156e-05
7.21623e-06
8.94344e-05
6.54673e-06
5.13656e-06
8.87866e-05
0.000109097
1.71541e-06
0.000109363
1.82458e-06
0.000109313
2.35939e-06
0.000108906
3.09444e-06
0.00010815
4.17018e-06
0.00010708
5.47276e-06
0.000105757
6.8021e-06
0.000104283
7.92581e-06
0.000102809
8.57012e-06
0.000101553
8.47171e-06
0.000100771
7.32836e-06
0.000100896
5.01154e-06
6.38548e-05
2.5733e-06
6.42204e-05
9.29104e-07
6.47216e-05
-9.95136e-07
6.53086e-05
-3.0172e-06
6.58861e-05
-5.0012e-06
6.63213e-05
-6.82364e-06
6.64355e-05
-8.22068e-06
6.60281e-05
-9.01182e-06
6.48798e-05
-8.753e-06
6.27347e-05
-7.33085e-06
6.10544e-05
-3.83387e-06
8.82069e-06
6.93726e-05
7.64106e-05
2.59195e-06
7.67283e-05
6.11439e-07
7.73809e-05
-1.64775e-06
7.82568e-05
-3.89308e-06
7.92148e-05
-5.95907e-06
8.00762e-05
-7.68507e-06
8.06576e-05
-8.80196e-06
8.07653e-05
-9.11947e-06
8.03421e-05
-8.32974e-06
7.92655e-05
-6.25427e-06
7.89413e-05
-3.50966e-06
4.40494e-06
8.33571e-05
8.89929e-05
2.38575e-06
8.96775e-05
-7.30865e-08
9.07832e-05
-2.75336e-06
9.21047e-05
-5.21455e-06
9.34579e-05
-7.31229e-06
9.46291e-05
-8.8562e-06
9.54442e-05
-9.61706e-06
9.57203e-05
-9.39552e-06
9.54756e-05
-8.08503e-06
9.47102e-05
-5.48869e-06
9.4162e-05
-2.96142e-06
2.29442e-06
9.62725e-05
0.000102233
1.04957e-06
0.000103758
-1.59795e-06
0.000105466
-4.46193e-06
0.000107124
-6.87203e-06
0.00010857
-8.75829e-06
0.000109629
-9.9155e-06
0.000110194
-1.01827e-05
0.000110167
-9.36844e-06
0.000109629
-7.54672e-06
0.000108764
-4.62407e-06
0.000107819
-2.01626e-06
0.000108498
1.61529e-06
6.55432e-05
4.15535e-06
6.48485e-05
2.05611e-06
6.34829e-05
1.58177e-06
6.27454e-05
1.42315e-06
6.25375e-05
1.91142e-06
6.26411e-05
2.72018e-06
6.28777e-05
3.60976e-06
6.31235e-05
4.40899e-06
6.33133e-05
4.95174e-06
6.34273e-05
5.12723e-06
6.35136e-05
4.78659e-06
4.00174e-06
6.36041e-05
8.42187e-05
3.29383e-06
8.38746e-05
2.40023e-06
8.31955e-05
2.26103e-06
8.2335e-05
2.28364e-06
8.15053e-05
2.74116e-06
8.07239e-05
3.50161e-06
7.99583e-05
4.37537e-06
7.91773e-05
5.18998e-06
7.83774e-05
5.75173e-06
7.75904e-05
5.91422e-06
7.6913e-05
5.46401e-06
4.48681e-06
7.6428e-05
9.72535e-05
2.31285e-06
9.75602e-05
2.09357e-06
9.75084e-05
2.31274e-06
9.71021e-05
2.68995e-06
9.6427e-05
3.41625e-06
9.55232e-05
4.40546e-06
9.4418e-05
5.48057e-06
9.31557e-05
6.45232e-06
9.18125e-05
7.09489e-06
9.05125e-05
7.21429e-06
8.94326e-05
6.54389e-06
5.13319e-06
8.87862e-05
0.000109092
1.71901e-06
0.000109358
1.82777e-06
0.000109309
2.36238e-06
0.000108901
3.0972e-06
0.000108145
4.17267e-06
0.000107076
5.47469e-06
0.000105753
6.80308e-06
0.00010428
7.92547e-06
0.000102806
8.56826e-06
0.000101552
8.46834e-06
0.000100772
7.32405e-06
0.000100898
5.00712e-06
6.38547e-05
2.57218e-06
6.4221e-05
9.27637e-07
6.47229e-05
-9.96969e-07
6.53104e-05
-3.0194e-06
6.58882e-05
-5.00372e-06
6.63236e-05
-6.82647e-06
6.64378e-05
-8.22376e-06
6.60304e-05
-9.01513e-06
6.4882e-05
-8.7563e-06
6.27366e-05
-7.33391e-06
6.10562e-05
-3.83638e-06
8.81926e-06
7.64104e-05
2.58979e-06
7.6729e-05
6.09151e-07
7.73823e-05
-1.65023e-06
7.82587e-05
-3.89576e-06
7.92169e-05
-5.96194e-06
8.00786e-05
-7.68813e-06
8.06601e-05
-8.8052e-06
8.07678e-05
-9.12282e-06
8.03446e-05
-8.33304e-06
7.92678e-05
-6.25709e-06
7.89436e-05
-3.5122e-06
4.40325e-06
8.89935e-05
2.38263e-06
8.96788e-05
-7.60329e-08
9.0785e-05
-2.75631e-06
9.21068e-05
-5.21754e-06
9.34602e-05
-7.31541e-06
9.46316e-05
-8.85947e-06
9.54469e-05
-9.62048e-06
9.57231e-05
-9.39895e-06
9.54784e-05
-8.08829e-06
9.47128e-05
-5.49151e-06
9.41645e-05
-2.96371e-06
2.29256e-06
0.000102235
1.04613e-06
0.00010376
-1.60112e-06
0.000105469
-4.46499e-06
0.000107126
-6.87515e-06
0.000108572
-8.76154e-06
0.000109632
-9.91891e-06
0.000110197
-1.01862e-05
0.00011017
-9.37185e-06
0.000109632
-7.54986e-06
0.000108767
-4.62661e-06
0.000107822
-2.01844e-06
1.6134e-06
-3.98521e-05
1.60929e-06
3.99596e-05
-4.02078e-05
2.18138e-06
-4.09311e-05
3.0839e-06
-4.20267e-05
4.1912e-06
-4.34152e-05
5.55982e-06
-4.49565e-05
7.01507e-06
-4.64687e-05
8.31501e-06
-4.77233e-05
9.18064e-06
-4.84686e-05
9.31507e-06
-4.84514e-05
8.45364e-06
-4.74587e-05
6.33455e-06
2.85604e-06
-4.53043e-05
-3.54971e-05
1.99022e-06
3.51159e-05
-3.62998e-05
2.98396e-06
-3.74435e-05
4.2274e-06
-3.88868e-05
5.63432e-06
-4.04893e-05
7.16225e-06
-4.20548e-05
8.58044e-06
-4.33476e-05
9.60772e-06
-4.4116e-05
9.94896e-06
-4.41393e-05
9.33831e-06
-4.32804e-05
7.59464e-06
-4.14913e-05
4.54529e-06
8.3047e-08
-3.87181e-05
-3.13613e-05
2.66536e-06
3.0686e-05
-3.23914e-05
4.01395e-06
-3.37006e-05
5.53643e-06
-3.52103e-05
7.14392e-06
-3.67528e-05
8.70465e-06
-3.81109e-05
9.9384e-06
-3.90421e-05
1.05389e-05
-3.93173e-05
1.0224e-05
-3.87831e-05
8.80404e-06
-3.74419e-05
6.25329e-06
-3.54619e-05
2.56526e-06
-2.51237e-06
-3.28667e-05
-2.73074e-05
2.65242e-05
3.44827e-06
-2.83666e-05
5.07295e-06
-2.96274e-05
6.79706e-06
-3.09901e-05
8.5064e-06
-3.22811e-05
9.99547e-06
-3.3282e-05
1.09392e-05
-3.37548e-05
1.10116e-05
-3.34792e-05
9.94833e-06
-3.23176e-05
7.64242e-06
-3.0332e-05
4.2676e-06
-2.78627e-05
9.5809e-08
-2.69979e-05
-3.37707e-06
-4.22552e-05
-1.99949e-06
-4.02863e-05
-3.56707e-06
-3.86605e-05
-6.08826e-06
-3.74501e-05
-8.08332e-06
-3.6741e-05
-9.46881e-06
-3.65677e-05
-1.00908e-05
-3.69144e-05
-9.83858e-06
-3.76822e-05
-8.60364e-06
-3.87107e-05
-6.52154e-06
-3.9616e-05
-3.72149e-06
-4.03141e-05
-1.32067e-06
1.25817e-06
-3.99591e-05
-3.49305e-05
-5.78711e-06
-3.30184e-05
-5.47918e-06
-3.17823e-05
-7.32442e-06
-3.10284e-05
-8.83735e-06
-3.08014e-05
-9.69585e-06
-3.1071e-05
-9.82128e-06
-3.17593e-05
-9.15036e-06
-3.27116e-05
-7.65145e-06
-3.37335e-05
-5.49963e-06
-3.45304e-05
-2.92477e-06
-3.5083e-05
-7.68126e-07
1.29034e-06
-3.51152e-05
-2.86077e-05
-1.00459e-05
-2.70607e-05
-7.0262e-06
-2.6313e-05
-8.07222e-06
-2.59622e-05
-9.18827e-06
-2.60397e-05
-9.61838e-06
-2.6511e-05
-9.35002e-06
-2.7288e-05
-8.37342e-06
-2.82189e-05
-6.72061e-06
-2.91325e-05
-4.5861e-06
-2.98345e-05
-2.22269e-06
-3.03658e-05
-2.36987e-07
1.6096e-06
-3.06851e-05
-2.23049e-05
-1.47392e-05
-2.1698e-05
-7.63323e-06
-2.16048e-05
-8.16556e-06
-2.16546e-05
-9.13855e-06
-2.19459e-05
-9.32728e-06
-2.25004e-05
-8.79561e-06
-2.32569e-05
-7.617e-06
-2.40954e-05
-5.88223e-06
-2.48863e-05
-3.79523e-06
-2.55131e-05
-1.59614e-06
-2.60451e-05
2.94928e-07
-2.65231e-05
2.08762e-06
-3.98522e-05
1.61008e-06
-4.02079e-05
2.18188e-06
-4.09314e-05
3.08418e-06
-4.20271e-05
4.19165e-06
-4.34156e-05
5.56032e-06
-4.49568e-05
7.01556e-06
-4.64687e-05
8.31535e-06
-4.77229e-05
9.18069e-06
-4.84678e-05
9.31474e-06
-4.84502e-05
8.45294e-06
-4.74573e-05
6.33364e-06
2.85504e-06
-4.53028e-05
-3.54968e-05
1.99171e-06
-3.62997e-05
2.98471e-06
-3.74434e-05
4.22794e-06
-3.88866e-05
5.63475e-06
-4.04891e-05
7.16261e-06
-4.20543e-05
8.58065e-06
-4.33468e-05
9.6077e-06
-4.41148e-05
9.94862e-06
-4.41378e-05
9.33764e-06
-4.32787e-05
7.59372e-06
-4.14895e-05
4.54432e-06
8.21614e-08
-3.87165e-05
-3.13607e-05
2.66723e-06
-3.23909e-05
4.01482e-06
-3.37001e-05
5.5369e-06
-3.52097e-05
7.14427e-06
-3.6752e-05
8.7048e-06
-3.81098e-05
9.93832e-06
-3.90408e-05
1.05385e-05
-3.93157e-05
1.02234e-05
-3.87813e-05
8.80316e-06
-3.744e-05
6.25231e-06
-3.54601e-05
2.56438e-06
-2.51311e-06
-3.28651e-05
-2.73066e-05
3.45062e-06
-2.83658e-05
5.07395e-06
-2.96265e-05
6.79762e-06
-3.09891e-05
8.50665e-06
-3.22799e-05
9.99543e-06
-3.32806e-05
1.09389e-05
-3.37532e-05
1.10109e-05
-3.34774e-05
9.94749e-06
-3.23159e-05
7.64149e-06
-3.03303e-05
4.2667e-06
-2.78613e-05
9.51012e-08
-2.69965e-05
-3.37795e-06
-4.22537e-05
-2.0006e-06
-4.02846e-05
-3.56848e-06
-3.86587e-05
-6.08982e-06
-3.74483e-05
-8.08507e-06
-3.67392e-05
-9.47064e-06
-3.65659e-05
-1.00927e-05
-3.69126e-05
-9.84046e-06
-3.76803e-05
-8.60551e-06
-3.87087e-05
-6.52337e-06
-3.9614e-05
-3.72343e-06
-4.03119e-05
-1.32245e-06
1.25633e-06
-3.9957e-05
-3.49291e-05
-5.78811e-06
-3.30169e-05
-5.48063e-06
-3.17808e-05
-7.32605e-06
-3.10268e-05
-8.83915e-06
-3.07998e-05
-9.69775e-06
-3.10693e-05
-9.82321e-06
-3.17576e-05
-9.15229e-06
-3.27098e-05
-7.65336e-06
-3.37317e-05
-5.50154e-06
-3.45285e-05
-2.92662e-06
-3.50811e-05
-7.7008e-07
1.28861e-06
-3.51133e-05
-2.86064e-05
-1.00467e-05
-2.70594e-05
-7.02769e-06
-2.63117e-05
-8.07389e-06
-2.59608e-05
-9.19013e-06
-2.60382e-05
-9.62036e-06
-2.65095e-05
-9.35202e-06
-2.72864e-05
-8.37541e-06
-2.82173e-05
-6.72256e-06
-2.91309e-05
-4.58799e-06
-2.9833e-05
-2.22462e-06
-3.03642e-05
-2.38738e-07
1.60787e-06
-3.06838e-05
-2.23038e-05
-1.47396e-05
-2.16969e-05
-7.63479e-06
-2.16036e-05
-8.1673e-06
-2.16534e-05
-9.14049e-06
-2.19446e-05
-9.32932e-06
-2.2499e-05
-8.79766e-06
-2.32555e-05
-7.61901e-06
-2.4094e-05
-5.88417e-06
-2.4885e-05
-3.79709e-06
-2.55118e-05
-1.59789e-06
-2.6044e-05
2.93174e-07
-2.65223e-05
2.08613e-06
-3.98501e-05
1.60842e-06
-4.0206e-05
2.18036e-06
-4.09295e-05
3.08278e-06
-4.20253e-05
4.19016e-06
-4.34141e-05
5.5589e-06
-4.49559e-05
7.01444e-06
-4.64687e-05
8.31483e-06
-4.77241e-05
9.18104e-06
-4.84701e-05
9.31606e-06
-4.84535e-05
8.45505e-06
-4.74612e-05
6.33596e-06
2.85695e-06
-4.53069e-05
-3.54951e-05
1.99005e-06
-3.62982e-05
2.98325e-06
-3.74422e-05
4.22659e-06
-3.88859e-05
5.63364e-06
-4.0489e-05
7.16184e-06
-4.20552e-05
8.58048e-06
-4.33489e-05
9.60836e-06
-4.41182e-05
9.95022e-06
-4.41424e-05
9.34009e-06
-4.32841e-05
7.59662e-06
-4.14953e-05
4.54696e-06
8.39881e-08
-3.87221e-05
-3.13596e-05
2.66577e-06
-3.23901e-05
4.01362e-06
-3.36998e-05
5.53606e-06
-3.52101e-05
7.14379e-06
-3.67533e-05
8.70494e-06
-3.81123e-05
9.93929e-06
-3.90445e-05
1.05404e-05
-3.93206e-05
1.02262e-05
-3.87872e-05
8.80655e-06
-3.74465e-05
6.25575e-06
-3.54667e-05
2.56717e-06
-2.51143e-06
-3.28716e-05
-2.73061e-05
3.44933e-06
-2.83657e-05
5.07305e-06
-2.96271e-05
6.79719e-06
-3.09904e-05
8.5069e-06
-3.22822e-05
9.99654e-06
-3.32841e-05
1.0941e-05
-3.37578e-05
1.1014e-05
-3.34831e-05
9.95126e-06
-3.23221e-05
7.64547e-06
-3.03367e-05
4.27034e-06
-2.78675e-05
9.77939e-08
-2.70033e-05
-3.37557e-06
-4.22576e-05
-1.9995e-06
-4.02888e-05
-3.56661e-06
-3.86633e-05
-6.08742e-06
-3.74533e-05
-8.0821e-06
-3.67445e-05
-9.46712e-06
-3.65713e-05
-1.00886e-05
-3.69181e-05
-9.83596e-06
-3.76858e-05
-8.60073e-06
-3.87139e-05
-6.5186e-06
-3.9619e-05
-3.71891e-06
-4.03168e-05
-1.31851e-06
1.26003e-06
-3.99615e-05
-3.49341e-05
-5.7876e-06
-3.3022e-05
-5.47867e-06
-3.17861e-05
-7.32339e-06
-3.10323e-05
-8.836e-06
-3.08053e-05
-9.69415e-06
-3.10749e-05
-9.8192e-06
-3.17629e-05
-9.14795e-06
-3.27149e-05
-7.64885e-06
-3.37364e-05
-5.49707e-06
-3.4533e-05
-2.92253e-06
-3.50852e-05
-7.663e-07
1.29188e-06
-3.5117e-05
-2.86117e-05
-1.00473e-05
-2.70646e-05
-7.02575e-06
-2.6317e-05
-8.07111e-06
-2.59662e-05
-9.18695e-06
-2.60435e-05
-9.61682e-06
-2.65146e-05
-9.34818e-06
-2.72912e-05
-8.37135e-06
-2.82217e-05
-6.71843e-06
-2.91349e-05
-4.58397e-06
-2.98365e-05
-2.22086e-06
-3.03674e-05
-2.35515e-07
1.61079e-06
-3.06864e-05
-2.23087e-05
-1.47422e-05
-2.17018e-05
-7.63282e-06
-2.16086e-05
-8.16443e-06
-2.16583e-05
-9.13733e-06
-2.19493e-05
-9.32594e-06
-2.25035e-05
-8.79409e-06
-2.32596e-05
-7.61533e-06
-2.40977e-05
-5.88048e-06
-2.48882e-05
-3.79354e-06
-2.55145e-05
-1.5947e-06
-2.60461e-05
2.96022e-07
-2.65238e-05
2.08842e-06
-3.98543e-05
1.61175e-06
-4.02099e-05
2.18334e-06
-4.09331e-05
3.08541e-06
-4.20285e-05
4.19258e-06
-4.34167e-05
5.56081e-06
-4.49575e-05
7.01547e-06
-4.64691e-05
8.3146e-06
-4.7723e-05
9.1793e-06
-4.84675e-05
9.31274e-06
-4.84497e-05
8.45044e-06
-4.74566e-05
6.33095e-06
2.85263e-06
-4.53024e-05
-3.54983e-05
1.99305e-06
-3.63009e-05
2.98581e-06
-3.74442e-05
4.2288e-06
-3.88871e-05
5.63531e-06
-4.04891e-05
7.16272e-06
-4.2054e-05
8.58019e-06
-4.33461e-05
9.60663e-06
-4.41139e-05
9.947e-06
-4.41367e-05
9.33551e-06
-4.32776e-05
7.5912e-06
-4.14886e-05
4.54179e-06
8.02189e-08
-3.8716e-05
-3.13616e-05
2.66819e-06
-3.23913e-05
4.01551e-06
-3.37001e-05
5.53734e-06
-3.52093e-05
7.14442e-06
-3.67512e-05
8.70453e-06
-3.81087e-05
9.93752e-06
-3.90394e-05
1.05372e-05
-3.93142e-05
1.02217e-05
-3.87798e-05
8.80105e-06
-3.74387e-05
6.24992e-06
-3.5459e-05
2.56212e-06
-2.51447e-06
-3.28647e-05
-2.73068e-05
3.45116e-06
-2.83655e-05
5.0742e-06
-2.96258e-05
6.79761e-06
-3.0988e-05
8.50639e-06
-3.22784e-05
9.99479e-06
-3.32789e-05
1.09378e-05
-3.37513e-05
1.10095e-05
-3.34756e-05
9.94578e-06
-3.23141e-05
7.63953e-06
-3.03289e-05
4.26457e-06
-2.78602e-05
9.32663e-08
-2.69961e-05
-3.37864e-06
-4.22539e-05
-2.00216e-06
-4.02854e-05
-3.56951e-06
-3.866e-05
-6.09036e-06
-3.745e-05
-8.08513e-06
-3.67413e-05
-9.47026e-06
-3.65684e-05
-1.00919e-05
-3.69154e-05
-9.83918e-06
-3.76835e-05
-8.6038e-06
-3.8712e-05
-6.52133e-06
-3.96174e-05
-3.72131e-06
-4.03151e-05
-1.32054e-06
1.25771e-06
-3.49294e-05
-5.78885e-06
-3.3018e-05
-5.48095e-06
-3.17824e-05
-7.32603e-06
-3.10289e-05
-8.83873e-06
-3.08023e-05
-9.69694e-06
-3.10723e-05
-9.82201e-06
-3.17608e-05
-9.1507e-06
-3.27133e-05
-7.65142e-06
-3.37353e-05
-5.4994e-06
-3.45321e-05
-2.92453e-06
-3.50844e-05
-7.68444e-07
1.28922e-06
-2.86068e-05
-1.00465e-05
-2.70606e-05
-7.02725e-06
-2.63134e-05
-8.07329e-06
-2.5963e-05
-9.18923e-06
-2.60409e-05
-9.61914e-06
-2.65125e-05
-9.35047e-06
-2.72897e-05
-8.37354e-06
-2.82207e-05
-6.72044e-06
-2.91344e-05
-4.5858e-06
-2.98363e-05
-2.22265e-06
-3.03673e-05
-2.37485e-07
1.60783e-06
-2.23043e-05
-1.47386e-05
-2.16981e-05
-7.63361e-06
-2.16054e-05
-8.16617e-06
-2.16556e-05
-9.13916e-06
-2.19471e-05
-9.32773e-06
-2.25019e-05
-8.79581e-06
-2.32586e-05
-7.61692e-06
-2.40972e-05
-5.88193e-06
-2.48882e-05
-3.79492e-06
-2.55148e-05
-1.59608e-06
-2.60466e-05
2.94057e-07
2.08535e-06
-2.32987e-05
4.19475e-06
2.25521e-05
-2.4235e-05
6.00906e-06
-2.52885e-05
7.85035e-06
-2.6352e-05
9.56979e-06
-2.72568e-05
1.09001e-05
-2.77882e-05
1.14705e-05
-2.76962e-05
1.09195e-05
-2.67044e-05
8.95645e-06
-2.45014e-05
5.43934e-06
-2.06467e-05
4.12783e-07
-1.40141e-05
-6.53677e-06
-1.73911e-05
-1.93637e-05
4.80314e-06
1.8755e-05
-2.00752e-05
6.72039e-06
-2.08207e-05
8.59567e-06
-2.14966e-05
1.02455e-05
-2.19475e-05
1.13509e-05
-2.19715e-05
1.14945e-05
-2.13164e-05
1.02643e-05
-1.9671e-05
7.31097e-06
-1.66428e-05
2.41112e-06
-1.16486e-05
-4.58142e-06
-4.94748e-06
-1.32379e-05
-2.23385e-05
-1.55592e-05
5.21215e-06
1.515e-05
-1.59909e-05
7.15191e-06
-1.63826e-05
8.98723e-06
-1.66438e-05
1.05066e-05
-1.66453e-05
1.13522e-05
-1.62205e-05
1.10696e-05
-1.51599e-05
9.20363e-06
-1.3218e-05
5.36904e-06
-1.0201e-05
-6.05929e-07
-6.17277e-06
-8.60968e-06
-2.08108e-06
-1.73295e-05
-2.44195e-05
-1.1949e-05
5.39197e-06
1.1769e-05
-1.20823e-05
7.28502e-06
-1.21166e-05
9.02141e-06
-1.19832e-05
1.0373e-05
-1.15918e-05
1.09608e-05
-1.08355e-05
1.03132e-05
-9.59188e-06
7.95993e-06
-7.75401e-06
3.53114e-06
-5.39097e-06
-2.96898e-06
-2.8907e-06
-1.11099e-05
-8.64175e-07
-1.9356e-05
-2.52836e-05
-8.59126e-06
5.33587e-06
8.64722e-06
-8.43197e-06
7.12562e-06
-8.13137e-06
8.72074e-06
-7.64833e-06
9.88986e-06
-6.9407e-06
1.02531e-05
-5.97499e-06
9.34744e-06
-4.73155e-06
6.71645e-06
-3.23678e-06
2.03632e-06
-1.70015e-06
-4.50563e-06
-4.4238e-07
-1.23677e-05
3.40736e-07
-2.01391e-05
-2.49428e-05
-5.53094e-06
5.05303e-06
5.81359e-06
-5.09927e-06
6.69382e-06
-4.49788e-06
8.11925e-06
-3.71672e-06
9.10862e-06
-2.76333e-06
9.29962e-06
-1.67849e-06
8.26254e-06
-5.34841e-07
5.57276e-06
5.53863e-07
9.47599e-07
1.33452e-06
-5.28629e-06
1.61835e-06
-1.26516e-05
1.36542e-06
-1.98862e-05
-2.35774e-05
-2.79661e-06
4.56359e-06
3.28593e-06
-2.12026e-06
6.01739e-06
-1.25471e-06
7.2537e-06
-2.21196e-07
8.07505e-06
9.26854e-07
8.15156e-06
2.08288e-06
7.10648e-06
3.10283e-06
4.55279e-06
3.82684e-06
2.2357e-07
3.98625e-06
-5.44575e-06
3.47233e-06
-1.21376e-05
2.33501e-06
-1.87489e-05
-2.12424e-05
-3.99467e-07
3.89351e-06
1.06936e-06
4.91168e-07
5.12672e-06
1.58684e-06
6.15797e-06
2.83721e-06
6.82465e-06
4.15114e-06
6.83756e-06
5.36767e-06
5.88991e-06
6.28841e-06
3.63201e-06
6.72942e-06
-2.17483e-07
6.39283e-06
-5.10917e-06
5.17865e-06
-1.09235e-05
3.16644e-06
-1.67367e-05
-1.8076e-05
1.66785e-06
3.07168e-06
-8.45947e-07
2.7432e-06
4.05114e-06
4.04011e-06
4.86127e-06
5.48381e-06
5.38077e-06
6.95429e-06
5.36721e-06
8.24521e-06
4.59893e-06
9.11499e-06
2.76222e-06
9.3623e-06
-4.64732e-07
8.62754e-06
-4.37455e-06
6.76367e-06
-9.05953e-06
3.87474e-06
-1.38479e-05
-1.42013e-05
3.43701e-06
2.12574e-06
-2.49128e-06
4.67117e-06
2.81691e-06
6.14676e-06
3.38573e-06
7.77226e-06
3.7552e-06
9.40468e-06
3.73482e-06
1.07974e-05
3.20616e-06
1.16672e-05
1.89245e-06
1.17996e-05
-5.97173e-07
1.07296e-05
-3.30454e-06
8.22801e-06
-6.55798e-06
4.41188e-06
-1.00319e-05
-9.78948e-06
4.99373e-06
1.08332e-06
-3.95184e-06
6.36307e-06
1.44736e-06
8.00039e-06
1.74848e-06
9.80489e-06
1.95058e-06
1.16081e-05
1.93164e-06
1.31415e-05
1.6727e-06
1.40481e-05
9.85852e-07
1.40928e-05
-6.41836e-07
1.26718e-05
-1.88361e-06
9.54446e-06
-3.43068e-06
4.85285e-06
-5.34037e-06
-4.93679e-06
6.49674e-06
-5.41367e-06
7.94412e-06
9.69257e-06
1.16431e-05
1.35748e-05
1.52475e-05
1.62333e-05
1.55915e-05
1.37079e-05
1.02772e-05
4.93679e-06
-1.40772e-05
-6.62255e-07
-1.66188e-05
-5.09195e-06
-1.73829e-05
-7.40175e-06
-1.78442e-05
-8.6773e-06
-1.83001e-05
-8.87151e-06
-1.88818e-05
-8.21399e-06
-1.9576e-05
-6.92284e-06
-2.03036e-05
-5.15467e-06
-2.09764e-05
-3.12255e-06
-2.15296e-05
-1.04298e-06
-2.20354e-05
8.00608e-07
2.60313e-06
-2.2551e-05
-9.0419e-06
8.3784e-06
-1.24446e-05
-1.68951e-06
-1.3702e-05
-6.14459e-06
-1.44382e-05
-7.94124e-06
-1.50044e-05
-8.30546e-06
-1.55828e-05
-7.63569e-06
-1.62028e-05
-6.30288e-06
-1.6821e-05
-4.53668e-06
-1.73819e-05
-2.56171e-06
-1.78527e-05
-5.72422e-07
-1.82944e-05
1.24222e-06
3.06257e-06
-1.87539e-05
-6.17127e-06
1.45503e-05
-9.11387e-06
1.25261e-06
-1.05232e-05
-4.73568e-06
-1.13798e-05
-7.08471e-06
-1.20038e-05
-7.6815e-06
-1.25639e-05
-7.07566e-06
-1.3113e-05
-5.75388e-06
-1.3632e-05
-4.01776e-06
-1.40881e-05
-2.10575e-06
-1.44651e-05
-1.95472e-07
-1.48089e-05
1.58591e-06
3.40243e-06
-1.51489e-05
-4.10366e-06
1.86527e-05
-6.39596e-06
3.54462e-06
-7.74477e-06
-3.38707e-06
-8.6148e-06
-6.21483e-06
-9.25744e-06
-7.03896e-06
-9.79791e-06
-6.5353e-06
-1.02886e-05
-5.26335e-06
-1.07241e-05
-3.58236e-06
-1.1085e-05
-1.74497e-06
-1.13617e-05
8.10159e-08
-1.15846e-05
1.80875e-06
3.58565e-06
-1.17679e-05
-2.38548e-06
2.10393e-05
-4.04784e-06
5.20613e-06
-5.25165e-06
-2.18378e-06
-6.08266e-06
-5.38389e-06
-6.72846e-06
-6.39323e-06
-7.26193e-06
-6.00186e-06
-7.71389e-06
-4.8115e-06
-8.08526e-06
-3.21108e-06
-8.36427e-06
-1.46608e-06
-8.54211e-06
2.58789e-07
-8.6352e-06
1.90171e-06
3.59659e-06
-8.64625e-06
-8.48036e-07
2.1887e-05
-1.91359e-06
6.27132e-06
-2.94171e-06
-1.15594e-06
-3.7283e-06
-4.5974e-06
-4.38779e-06
-5.73381e-06
-4.93575e-06
-5.45401e-06
-5.3744e-06
-4.37296e-06
-5.70429e-06
-2.88132e-06
-5.9182e-06
-1.25228e-06
-6.00621e-06
3.46637e-07
-5.97281e-06
1.86821e-06
3.43645e-06
-5.81276e-06
6.04148e-07
2.12815e-05
1.0515e-07
6.7697e-06
-7.38352e-07
-3.12713e-07
-1.50345e-06
-3.8325e-06
-2.20614e-06
-5.03124e-06
-2.79935e-06
-4.86087e-06
-3.25517e-06
-3.91731e-06
-3.5694e-06
-2.56717e-06
-3.73842e-06
-1.08343e-06
-3.75106e-06
3.5922e-07
-3.60332e-06
1.72033e-06
3.11824e-06
-3.28522e-06
1.99748e-06
1.92853e-05
2.05696e-06
6.70967e-06
1.40831e-06
3.35493e-07
6.32546e-07
-3.05678e-06
-1.5293e-07
-4.24582e-06
-8.30649e-07
-4.18327e-06
-1.33844e-06
-3.40963e-06
-1.66573e-06
-2.24004e-06
-1.81256e-06
-9.36717e-07
-1.76824e-06
3.14726e-07
-1.52423e-06
1.4762e-06
2.66267e-06
-1.06876e-06
3.31196e-06
1.5968e-05
3.9582e-06
6.06501e-06
3.52586e-06
7.68388e-07
2.71098e-06
-2.2426e-06
1.80356e-06
-3.33867e-06
9.98814e-07
-3.37849e-06
4.00997e-07
-2.81227e-06
2.90641e-08
-1.86797e-06
-1.20218e-07
-7.87793e-07
-3.93862e-08
2.3399e-07
2.79018e-07
1.15766e-06
2.09513e-06
8.46451e-07
4.5947e-06
1.13731e-05
5.79703e-06
4.86431e-06
5.62402e-06
9.41736e-07
4.76621e-06
-1.38528e-06
3.71281e-06
-2.2856e-06
2.74325e-06
-2.40916e-06
2.0126e-06
-2.08202e-06
1.55703e-06
-1.41259e-06
1.37694e-06
-6.07992e-07
1.47288e-06
1.37964e-07
1.84081e-06
7.89649e-07
1.44412e-06
2.49168e-06
5.55917e-06
5.81391e-06
7.51141e-06
2.91402e-06
7.69776e-06
7.56263e-07
6.8652e-06
-5.53344e-07
5.69084e-06
-1.11188e-06
4.53673e-06
-1.25557e-06
3.61716e-06
-1.1633e-06
3.01763e-06
-8.13588e-07
2.76607e-06
-3.57147e-07
2.85275e-06
5.10451e-08
3.24572e-06
3.96461e-07
7.37422e-07
3.9521e-06
5.81429e-06
8.72852e-06
9.48464e-06
8.93117e-06
7.8192e-06
6.56346e-06
5.40006e-06
4.58631e-06
4.22911e-06
4.28011e-06
4.67651e-06
5.41387e-06
-2.32978e-05
4.19727e-06
-2.4234e-05
6.01008e-06
-2.52874e-05
7.85082e-06
-2.63508e-05
9.56994e-06
-2.72554e-05
1.08999e-05
-2.77867e-05
1.147e-05
-2.76946e-05
1.09187e-05
-2.67028e-05
8.95558e-06
-2.45e-05
5.43856e-06
-2.06457e-05
4.12258e-07
-1.40137e-05
-6.53697e-06
-1.73918e-05
-1.93625e-05
4.80587e-06
-2.0074e-05
6.72145e-06
-2.08194e-05
8.59619e-06
-2.14952e-05
1.02455e-05
-2.1946e-05
1.13506e-05
-2.19701e-05
1.14939e-05
-2.1315e-05
1.02635e-05
-1.96697e-05
7.31021e-06
-1.66419e-05
2.41065e-06
-1.16482e-05
-4.58145e-06
-4.94749e-06
-1.32379e-05
-2.23395e-05
-1.5558e-05
5.21491e-06
-1.59896e-05
7.15294e-06
-1.63812e-05
8.98767e-06
-1.66424e-05
1.05066e-05
-1.66439e-05
1.13519e-05
-1.62191e-05
1.10689e-05
-1.51587e-05
9.2029e-06
-1.32171e-05
5.36848e-06
-1.02004e-05
-6.06065e-07
-6.17256e-06
-8.6094e-06
-2.08107e-06
-1.73295e-05
-2.44206e-05
-1.19478e-05
5.3948e-06
-1.2081e-05
7.28608e-06
-1.21153e-05
9.02192e-06
-1.19818e-05
1.0373e-05
-1.15905e-05
1.09605e-05
-1.08343e-05
1.03126e-05
-9.59091e-06
7.95935e-06
-7.75331e-06
3.5308e-06
-5.39058e-06
-2.96886e-06
-2.89048e-06
-1.11096e-05
-8.6404e-07
-1.9356e-05
-2.52848e-05
-8.59015e-06
5.33862e-06
-8.43076e-06
7.12662e-06
-8.13013e-06
8.7212e-06
-7.64711e-06
9.88992e-06
-6.93957e-06
1.02528e-05
-5.97401e-06
9.34698e-06
-4.73079e-06
6.71602e-06
-3.23624e-06
2.03618e-06
-1.69981e-06
-4.50537e-06
-4.42091e-07
-1.23674e-05
3.40977e-07
-2.01392e-05
-2.49439e-05
-5.5299e-06
5.0557e-06
-5.09813e-06
6.69481e-06
-4.49673e-06
8.11979e-06
-3.7156e-06
9.10871e-06
-2.76233e-06
9.29946e-06
-1.67766e-06
8.2622e-06
-5.34214e-07
5.57249e-06
5.5431e-07
9.47584e-07
1.33487e-06
-5.28598e-06
1.6187e-06
-1.26513e-05
1.36573e-06
-1.98864e-05
-2.35784e-05
-2.79564e-06
4.56603e-06
-2.11919e-06
6.01831e-06
-1.25365e-06
7.25419e-06
-2.2018e-07
8.07517e-06
9.27755e-07
8.15148e-06
2.08361e-06
7.10627e-06
3.10338e-06
4.55264e-06
3.82726e-06
2.2364e-07
3.98664e-06
-5.44544e-06
3.47273e-06
-1.21374e-05
2.33535e-06
-1.87492e-05
-2.12432e-05
-3.98545e-07
3.89575e-06
4.92191e-07
5.12754e-06
1.58785e-06
6.1585e-06
2.83815e-06
6.82481e-06
4.15197e-06
6.83755e-06
5.36834e-06
5.88981e-06
6.28894e-06
3.63195e-06
6.72985e-06
-2.17362e-07
6.39326e-06
-5.10892e-06
5.17908e-06
-1.09234e-05
3.16679e-06
-1.6737e-05
-1.80766e-05
1.66872e-06
3.0734e-06
2.74423e-06
4.05198e-06
4.04107e-06
4.86162e-06
5.4847e-06
5.38094e-06
6.95508e-06
5.36725e-06
8.24585e-06
4.59891e-06
9.11552e-06
2.76224e-06
9.36276e-06
-4.64621e-07
8.62802e-06
-4.37432e-06
6.76411e-06
-9.05951e-06
3.87507e-06
-1.38482e-05
-1.42016e-05
3.43792e-06
2.12704e-06
4.67223e-06
2.8176e-06
6.14774e-06
3.38592e-06
7.77314e-06
3.75529e-06
9.40546e-06
3.73484e-06
1.07981e-05
3.20618e-06
1.16677e-05
1.89247e-06
1.18001e-05
-5.97092e-07
1.07301e-05
-3.30442e-06
8.22848e-06
-6.55803e-06
4.41216e-06
-1.00322e-05
-9.78972e-06
4.99472e-06
1.08418e-06
6.3643e-06
1.4478e-06
8.00148e-06
1.74835e-06
9.80585e-06
1.95044e-06
1.16089e-05
1.93154e-06
1.31422e-05
1.67265e-06
1.40487e-05
9.85806e-07
1.40934e-05
-6.41891e-07
1.26724e-05
-1.88367e-06
9.54499e-06
-3.4308e-06
4.85304e-06
-5.34055e-06
-4.93718e-06
6.49801e-06
7.94574e-06
9.69398e-06
1.16444e-05
1.35759e-05
1.52485e-05
1.62343e-05
1.55923e-05
1.37086e-05
1.02778e-05
4.93718e-06
-1.40765e-05
-6.6329e-07
-1.66179e-05
-5.09367e-06
-1.73819e-05
-7.40357e-06
-1.78432e-05
-8.67929e-06
-1.8299e-05
-8.8736e-06
-1.88807e-05
-8.21608e-06
-1.95749e-05
-6.92485e-06
-2.03026e-05
-5.15657e-06
-2.09755e-05
-3.12431e-06
-2.15288e-05
-1.04467e-06
-2.20348e-05
7.99144e-07
2.6018e-06
-2.25507e-05
-9.04151e-06
8.37683e-06
-1.2444e-05
-1.69146e-06
-1.37013e-05
-6.14649e-06
-1.44374e-05
-7.94329e-06
-1.50036e-05
-8.30757e-06
-1.5582e-05
-7.63777e-06
-1.62021e-05
-6.30485e-06
-1.68203e-05
-4.53848e-06
-1.73814e-05
-2.56334e-06
-1.78523e-05
-5.73868e-07
-1.82943e-05
1.24087e-06
3.06154e-06
-1.87541e-05
-6.17098e-06
1.45486e-05
-9.11347e-06
1.25059e-06
-1.05227e-05
-4.73762e-06
-1.13794e-05
-7.08675e-06
-1.20034e-05
-7.68359e-06
-1.25635e-05
-7.07771e-06
-1.31127e-05
-5.75578e-06
-1.36318e-05
-4.01945e-06
-1.4088e-05
-2.10721e-06
-1.44652e-05
-1.96776e-07
-1.48093e-05
1.58488e-06
3.40163e-06
-1.51496e-05
-4.10355e-06
1.86509e-05
-6.3958e-06
3.54264e-06
-7.7446e-06
-3.38898e-06
-8.61468e-06
-6.21687e-06
-9.25739e-06
-7.041e-06
-9.79794e-06
-6.53728e-06
-1.02887e-05
-5.26514e-06
-1.07243e-05
-3.58389e-06
-1.10854e-05
-1.74625e-06
-1.13623e-05
7.99747e-08
-1.15855e-05
1.80789e-06
3.58513e-06
-1.17691e-05
-2.38553e-06
2.10377e-05
-4.04795e-06
5.20424e-06
-5.2518e-06
-2.18564e-06
-6.08289e-06
-5.38579e-06
-6.72881e-06
-6.39516e-06
-7.26239e-06
-6.00372e-06
-7.71445e-06
-4.81315e-06
-8.08598e-06
-3.21244e-06
-8.36517e-06
-1.46716e-06
-8.54324e-06
2.57925e-07
-8.63656e-06
1.90114e-06
3.59629e-06
-8.6479e-06
-8.48275e-07
2.18859e-05
-1.914e-06
6.2697e-06
-2.94219e-06
-1.15765e-06
-3.72891e-06
-4.59921e-06
-4.38857e-06
-5.73559e-06
-4.93666e-06
-5.45574e-06
-5.37543e-06
-4.37447e-06
-5.70549e-06
-2.88248e-06
-5.91959e-06
-1.25316e-06
-6.0078e-06
3.46028e-07
-5.97463e-06
1.86782e-06
3.43638e-06
-5.81482e-06
6.03721e-07
2.12808e-05
1.04426e-07
6.76829e-06
-7.39217e-07
-3.14314e-07
-1.50444e-06
-3.8341e-06
-2.20736e-06
-5.03282e-06
-2.80071e-06
-4.86242e-06
-3.25665e-06
-3.91863e-06
-3.57107e-06
-2.56813e-06
-3.74026e-06
-1.0841e-06
-3.75312e-06
3.58777e-07
-3.60556e-06
1.72018e-06
3.11834e-06
-3.28767e-06
1.99688e-06
1.92849e-05
2.05591e-06
6.70849e-06
1.40706e-06
3.34205e-07
6.31167e-07
-3.05818e-06
-1.54578e-07
-4.24716e-06
-8.32457e-07
-4.18469e-06
-1.34036e-06
-3.41082e-06
-1.66785e-06
-2.24078e-06
-1.81484e-06
-9.37224e-07
-1.77071e-06
3.14508e-07
-1.52685e-06
1.4762e-06
2.66291e-06
-1.07155e-06
3.3112e-06
1.59678e-05
3.95685e-06
6.06415e-06
3.52421e-06
7.67175e-07
2.70926e-06
-2.24358e-06
1.80149e-06
-3.33983e-06
9.96583e-07
-3.37964e-06
3.98673e-07
-2.8132e-06
2.65176e-08
-1.86858e-06
-1.22887e-07
-7.88069e-07
-4.22344e-08
2.33857e-07
2.76065e-07
1.15782e-06
2.0955e-06
8.43382e-07
4.59381e-06
1.13727e-05
5.79534e-06
4.8634e-06
5.62204e-06
9.40887e-07
4.76415e-06
-1.38576e-06
3.71037e-06
-2.28651e-06
2.74063e-06
-2.41007e-06
2.00988e-06
-2.0827e-06
1.55411e-06
-1.41298e-06
1.3739e-06
-6.0811e-07
1.46971e-06
1.37926e-07
1.83759e-06
7.89867e-07
1.44446e-06
2.48837e-06
5.55811e-06
5.81292e-06
7.50944e-06
2.913e-06
7.6955e-06
7.55829e-07
6.86286e-06
-5.53237e-07
5.68805e-06
-1.11249e-06
4.5337e-06
-1.25613e-06
3.61402e-06
-1.16358e-06
3.01431e-06
-8.13743e-07
2.76268e-06
-3.57093e-07
2.84927e-06
5.10055e-08
3.24226e-06
3.96602e-07
7.37517e-07
3.94858e-06
5.81309e-06
8.7263e-06
9.48213e-06
8.92874e-06
7.81617e-06
6.55994e-06
5.39627e-06
4.58239e-06
4.22522e-06
4.27617e-06
4.67264e-06
5.41e-06
-2.32979e-05
4.19631e-06
-2.42346e-05
6.00961e-06
-2.52886e-05
7.85103e-06
-2.63528e-05
9.57093e-06
-2.72583e-05
1.09019e-05
-2.77906e-05
1.14731e-05
-2.76994e-05
1.09227e-05
-2.67082e-05
8.95993e-06
-2.45055e-05
5.44261e-06
-2.06505e-05
4.15293e-07
-1.4017e-05
-6.53569e-06
-1.73927e-05
-1.93632e-05
4.8052e-06
-2.00752e-05
6.72136e-06
-2.08212e-05
8.59686e-06
-2.14976e-05
1.02472e-05
-2.19493e-05
1.13533e-05
-2.1974e-05
1.14977e-05
-2.13194e-05
1.0268e-05
-1.96743e-05
7.3147e-06
-1.6646e-05
2.41423e-06
-1.16511e-05
-4.57961e-06
-4.94867e-06
-1.32381e-05
-2.23413e-05
-1.55592e-05
5.21458e-06
-1.59912e-05
7.15325e-06
-1.63833e-05
8.98886e-06
-1.66451e-05
1.05087e-05
-1.66471e-05
1.13552e-05
-1.62227e-05
1.10732e-05
-1.51624e-05
9.20759e-06
-1.32206e-05
5.37278e-06
-1.02032e-05
-6.03186e-07
-6.17425e-06
-8.60861e-06
-2.08165e-06
-1.73307e-05
-2.44228e-05
-1.19494e-05
5.39472e-06
-1.2083e-05
7.28666e-06
-1.21177e-05
9.02338e-06
-1.19845e-05
1.03754e-05
-1.15935e-05
1.0964e-05
-1.08374e-05
1.0317e-05
-9.59387e-06
7.96394e-06
-7.75586e-06
3.5347e-06
-5.3924e-06
-2.96666e-06
-2.89155e-06
-1.11094e-05
-8.64486e-07
-1.93577e-05
-2.52873e-05
-8.59209e-06
5.3388e-06
-8.43299e-06
7.12744e-06
-8.13262e-06
8.72291e-06
-7.64975e-06
9.89248e-06
-6.94226e-06
1.02564e-05
-5.97656e-06
9.3512e-06
-4.73301e-06
6.72032e-06
-3.23798e-06
2.03961e-06
-1.70095e-06
-4.50372e-06
-4.42762e-07
-1.23676e-05
3.40691e-07
-2.01411e-05
-2.49466e-05
-5.53219e-06
5.05605e-06
-5.1006e-06
6.69571e-06
-4.49932e-06
8.1215e-06
-3.71816e-06
9.11119e-06
-2.76474e-06
9.30288e-06
-1.67972e-06
8.26611e-06
-5.35822e-07
5.57636e-06
5.53206e-07
9.50551e-07
1.33423e-06
-5.28475e-06
1.61834e-06
-1.26517e-05
1.36558e-06
-1.98884e-05
-2.35809e-05
-2.79825e-06
4.56649e-06
-2.12187e-06
6.01925e-06
-1.25632e-06
7.25585e-06
-2.22641e-07
8.07747e-06
9.25601e-07
8.15457e-06
2.08195e-06
7.10971e-06
3.10227e-06
4.55602e-06
3.82663e-06
2.26137e-07
3.9864e-06
-5.44451e-06
3.47264e-06
-1.2138e-05
2.33536e-06
-1.87511e-05
-2.12456e-05
-4.01447e-07
3.89629e-06
4.89313e-07
5.12836e-06
1.5851e-06
6.15996e-06
2.83576e-06
6.8267e-06
4.15002e-06
6.84024e-06
5.36699e-06
5.89267e-06
6.2882e-06
3.63475e-06
6.7296e-06
-2.15281e-07
6.39334e-06
-5.10829e-06
5.17924e-06
-1.09239e-05
3.16693e-06
-1.67388e-05
-1.80787e-05
1.66555e-06
3.07382e-06
2.74119e-06
4.05282e-06
4.03822e-06
4.86267e-06
5.48238e-06
5.38262e-06
6.95326e-06
5.36925e-06
8.24475e-06
4.60117e-06
9.11509e-06
2.76446e-06
9.36279e-06
-4.63101e-07
8.62843e-06
-4.37377e-06
6.76448e-06
-9.06011e-06
3.87535e-06
-1.38496e-05
-1.42034e-05
3.43454e-06
2.12734e-06
4.669e-06
2.81822e-06
6.14482e-06
3.38664e-06
7.77081e-06
3.75654e-06
9.40374e-06
3.73622e-06
1.07971e-05
3.20776e-06
1.16675e-05
1.89404e-06
1.18004e-05
-5.96015e-07
1.07307e-05
-3.30406e-06
8.22906e-06
-6.5585e-06
4.41254e-06
-1.00331e-05
-9.79095e-06
4.99111e-06
1.08408e-06
6.36085e-06
1.44806e-06
7.99839e-06
1.74864e-06
9.80345e-06
1.95126e-06
1.16072e-05
1.93226e-06
1.31414e-05
1.67352e-06
1.40487e-05
9.86716e-07
1.40939e-05
-6.4126e-07
1.26733e-05
-1.8834e-06
9.54573e-06
-3.43104e-06
4.85351e-06
-5.34097e-06
-4.93756e-06
6.494e-06
7.94197e-06
9.69057e-06
1.16418e-05
1.3574e-05
1.52476e-05
1.62343e-05
1.5593e-05
1.37096e-05
1.02785e-05
4.93756e-06
-1.40799e-05
-6.62525e-07
-1.66221e-05
-5.091e-06
-1.73862e-05
-7.40057e-06
-1.78475e-05
-8.67621e-06
-1.8303e-05
-8.87043e-06
-1.88844e-05
-8.21282e-06
-1.95782e-05
-6.92157e-06
-2.03054e-05
-5.15336e-06
-2.09777e-05
-3.12129e-06
-2.15305e-05
-1.04195e-06
-2.20359e-05
8.01326e-07
2.60356e-06
-2.25511e-05
-9.04401e-06
8.38016e-06
-1.24473e-05
-1.68797e-06
-1.37047e-05
-6.14336e-06
-1.44408e-05
-7.94028e-06
-1.50068e-05
-8.30463e-06
-1.55848e-05
-7.63486e-06
-1.62045e-05
-6.302e-06
-1.68222e-05
-4.53576e-06
-1.73828e-05
-2.56084e-06
-1.78531e-05
-5.71759e-07
-1.82945e-05
1.24258e-06
3.06264e-06
-1.87536e-05
-6.17286e-06
1.45536e-05
-9.11598e-06
1.25467e-06
-1.05253e-05
-4.73441e-06
-1.13818e-05
-7.08388e-06
-1.20056e-05
-7.68091e-06
-1.25654e-05
-7.07514e-06
-1.31141e-05
-5.75336e-06
-1.36328e-05
-4.01721e-06
-1.40885e-05
-2.10523e-06
-1.44652e-05
-1.9514e-07
-1.48087e-05
1.58597e-06
3.40219e-06
-1.51483e-05
-4.1048e-06
1.86571e-05
-6.39747e-06
3.54704e-06
-7.74631e-06
-3.38578e-06
-8.61623e-06
-6.21412e-06
-9.25865e-06
-7.03859e-06
-9.79885e-06
-6.53505e-06
-1.02892e-05
-5.26312e-06
-1.07244e-05
-3.58212e-06
-1.1085e-05
-1.74474e-06
-1.13614e-05
8.10994e-08
-1.15841e-05
1.80856e-06
3.58517e-06
-1.17671e-05
-2.38618e-06
2.10444e-05
-4.04877e-06
5.20875e-06
-5.25259e-06
-2.18247e-06
-6.08349e-06
-5.38331e-06
-6.72909e-06
-6.39304e-06
-7.26236e-06
-6.00183e-06
-7.71406e-06
-4.81152e-06
-8.08517e-06
-3.21109e-06
-8.36394e-06
-1.46609e-06
-8.54157e-06
2.58667e-07
-8.63448e-06
1.90135e-06
3.59596e-06
-8.64536e-06
-8.48326e-07
2.18922e-05
-1.91395e-06
6.27397e-06
-2.94205e-06
-1.15465e-06
-3.72855e-06
-4.59692e-06
-4.38788e-06
-5.73378e-06
-4.93569e-06
-5.45412e-06
-5.37414e-06
-4.37318e-06
-5.70384e-06
-2.88151e-06
-5.91757e-06
-1.25247e-06
-6.00543e-06
3.46391e-07
-5.97192e-06
1.86774e-06
3.43574e-06
-5.81178e-06
6.04255e-07
2.12866e-05
1.05335e-07
6.77225e-06
-7.38124e-07
-3.11471e-07
-1.50314e-06
-3.83213e-06
-2.20573e-06
-5.03131e-06
-2.79884e-06
-4.86109e-06
-3.25453e-06
-3.91764e-06
-3.56864e-06
-2.56749e-06
-3.73752e-06
-1.08372e-06
-3.75009e-06
3.5889e-07
-3.6023e-06
1.71983e-06
3.11753e-06
-3.28418e-06
1.99795e-06
1.92898e-05
2.05765e-06
6.71197e-06
1.40908e-06
3.3662e-07
6.33376e-07
-3.05647e-06
-1.52029e-07
-4.24597e-06
-8.29717e-07
-4.18351e-06
-1.33744e-06
-3.41002e-06
-1.66467e-06
-2.24041e-06
-1.81143e-06
-9.37076e-07
-1.76708e-06
3.14395e-07
-1.52309e-06
1.47572e-06
2.66202e-06
-1.06767e-06
3.31278e-06
1.59717e-05
3.95933e-06
6.06688e-06
3.52713e-06
7.69445e-07
2.71229e-06
-2.24245e-06
1.80492e-06
-3.33878e-06
1.00013e-06
-3.37878e-06
4.02336e-07
-2.8126e-06
3.03897e-08
-1.8684e-06
-1.18859e-07
-7.88121e-07
-3.80654e-08
2.33655e-07
2.80273e-07
1.15727e-06
2.0946e-06
8.47595e-07
4.5958e-06
1.13755e-05
5.79853e-06
4.86571e-06
5.62571e-06
9.42577e-07
4.76794e-06
-1.38523e-06
3.71456e-06
-2.28572e-06
2.74492e-06
-2.4094e-06
2.01423e-06
-2.08229e-06
1.5586e-06
-1.41296e-06
1.37849e-06
-6.08274e-07
1.47435e-06
1.37697e-07
1.84217e-06
7.8936e-07
1.44376e-06
2.49288e-06
5.56031e-06
5.81498e-06
7.51317e-06
2.91466e-06
7.69977e-06
7.56773e-07
6.86725e-06
-5.53438e-07
5.69285e-06
-1.11195e-06
4.53862e-06
-1.25575e-06
3.61898e-06
-1.16346e-06
3.01934e-06
-8.13867e-07
2.76772e-06
-3.57304e-07
2.85428e-06
5.08616e-08
3.2471e-06
3.963e-07
7.37281e-07
3.95329e-06
5.81533e-06
8.73019e-06
9.4868e-06
8.93324e-06
7.82119e-06
6.56528e-06
5.40172e-06
4.5877e-06
4.23034e-06
4.28115e-06
4.67739e-06
5.41462e-06
-2.32975e-05
4.19741e-06
-2.42333e-05
6.00992e-06
-2.52862e-05
7.85041e-06
-2.63493e-05
9.56931e-06
-2.72536e-05
1.08989e-05
-2.77847e-05
1.14687e-05
-2.76925e-05
1.09172e-05
-2.67009e-05
8.95397e-06
-2.44983e-05
5.43688e-06
-2.06443e-05
4.10518e-07
-1.40129e-05
-6.53825e-06
-1.73917e-05
-1.93619e-05
4.80565e-06
-2.0073e-05
6.72092e-06
-2.0818e-05
8.59542e-06
-2.14935e-05
1.02446e-05
-2.19441e-05
1.13494e-05
-2.1968e-05
1.14925e-05
-2.13129e-05
1.0262e-05
-1.96678e-05
7.30879e-06
-1.66404e-05
2.40935e-06
-1.16473e-05
-4.58259e-06
-4.94726e-06
-1.32385e-05
-2.23391e-05
-1.55571e-05
5.21438e-06
-1.59884e-05
7.15211e-06
-1.63798e-05
8.98664e-06
-1.66407e-05
1.05054e-05
-1.66421e-05
1.13506e-05
-1.62172e-05
1.10675e-05
-1.51569e-05
9.20151e-06
-1.32155e-05
5.36732e-06
-1.01993e-05
-6.06952e-07
-6.17198e-06
-8.61e-06
-2.08096e-06
-1.73296e-05
-2.44201e-05
-1.19468e-05
5.39404e-06
-1.20798e-05
7.28502e-06
-1.21139e-05
9.02068e-06
-1.19803e-05
1.03717e-05
-1.15889e-05
1.09591e-05
-1.08328e-05
1.03112e-05
-9.58946e-06
7.9581e-06
-7.75212e-06
3.5299e-06
-5.38974e-06
-2.96939e-06
-2.89001e-06
-1.11098e-05
-8.63856e-07
-1.93558e-05
-2.52841e-05
-8.58911e-06
5.33772e-06
-8.42958e-06
7.12543e-06
-8.12885e-06
8.71986e-06
-7.64576e-06
9.88855e-06
-6.93824e-06
1.02515e-05
-5.97276e-06
9.34566e-06
-4.7297e-06
6.71494e-06
-3.23538e-06
2.03551e-06
-1.6992e-06
-4.50565e-06
-4.41717e-07
-1.23673e-05
3.41154e-07
-2.01388e-05
-2.4943e-05
-5.52886e-06
5.05475e-06
-5.09705e-06
6.69358e-06
-4.49563e-06
8.11841e-06
-3.71452e-06
9.10735e-06
-2.76131e-06
9.29816e-06
-1.67676e-06
8.26101e-06
-5.33479e-07
5.57157e-06
5.5487e-07
9.4709e-07
1.33527e-06
-5.28609e-06
1.61895e-06
-1.26511e-05
1.36586e-06
-1.98858e-05
-2.35773e-05
-2.79462e-06
4.5651e-06
-2.11822e-06
6.01713e-06
-1.25275e-06
7.25288e-06
-2.19355e-07
8.07389e-06
9.28459e-07
8.15029e-06
2.08417e-06
7.10523e-06
3.10379e-06
4.55188e-06
3.82754e-06
2.23281e-07
3.98682e-06
-5.44545e-06
3.47283e-06
-1.21372e-05
2.33539e-06
-1.87486e-05
-2.12421e-05
-3.97551e-07
3.89492e-06
4.93053e-07
5.12649e-06
1.58857e-06
6.15733e-06
2.83873e-06
6.82367e-06
4.15239e-06
6.83654e-06
5.3686e-06
5.88893e-06
6.28905e-06
3.63134e-06
6.72987e-06
-2.17617e-07
6.39322e-06
-5.10885e-06
5.17902e-06
-1.09231e-05
3.16674e-06
-1.67364e-05
-1.80755e-05
1.66971e-06
3.07273e-06
2.74501e-06
4.05114e-06
4.04164e-06
4.86066e-06
5.48509e-06
5.38002e-06
6.95525e-06
5.36642e-06
8.24586e-06
4.59823e-06
9.11538e-06
2.76175e-06
9.36254e-06
-4.64777e-07
8.62777e-06
-4.37423e-06
6.76389e-06
-9.05923e-06
3.87493e-06
-1.38477e-05
-1.42007e-05
3.43891e-06
2.12659e-06
4.67297e-06
2.81702e-06
6.14821e-06
3.38526e-06
7.77336e-06
3.75466e-06
9.40544e-06
3.73427e-06
1.07978e-05
3.20571e-06
1.16674e-05
1.89213e-06
1.17997e-05
-5.97163e-07
1.07297e-05
-3.30431e-06
8.2281e-06
-6.5578e-06
4.41192e-06
-1.00318e-05
-9.78901e-06
4.99566e-06
1.08399e-06
6.36495e-06
1.44753e-06
8.00182e-06
1.74804e-06
9.80591e-06
1.95016e-06
1.16087e-05
1.93127e-06
1.31418e-05
1.67242e-06
1.40481e-05
9.85617e-07
1.40927e-05
-6.41869e-07
1.26718e-05
-1.88355e-06
9.54445e-06
-3.43065e-06
4.8527e-06
-5.34033e-06
-4.93676e-06
6.49857e-06
7.94604e-06
9.69399e-06
1.16441e-05
1.35753e-05
1.52477e-05
1.62333e-05
1.55914e-05
1.37078e-05
1.02772e-05
4.93676e-06
-1.40772e-05
-6.61551e-07
-1.66191e-05
-5.09196e-06
-1.73835e-05
-7.40202e-06
-1.78452e-05
-8.67762e-06
-1.83013e-05
-8.87172e-06
-1.88832e-05
-8.214e-06
-1.95776e-05
-6.9226e-06
-2.03053e-05
-5.15427e-06
-2.09781e-05
-3.12219e-06
-2.15313e-05
-1.04306e-06
-2.20368e-05
7.99603e-07
2.60046e-06
-9.04211e-06
8.37916e-06
-1.2445e-05
-1.68931e-06
-1.37026e-05
-6.1446e-06
-1.44391e-05
-7.94134e-06
-1.50055e-05
-8.30549e-06
-1.5584e-05
-7.63553e-06
-1.62042e-05
-6.30252e-06
-1.68224e-05
-4.53618e-06
-1.73834e-05
-2.56131e-06
-1.78541e-05
-5.72466e-07
-1.82957e-05
1.24098e-06
3.05965e-06
-6.17156e-06
1.45515e-05
-9.11431e-06
1.25299e-06
-1.05238e-05
-4.73551e-06
-1.13806e-05
-7.08462e-06
-1.20048e-05
-7.68138e-06
-1.2565e-05
-7.07539e-06
-1.31142e-05
-5.75343e-06
-1.36332e-05
-4.01719e-06
-1.40893e-05
-2.10531e-06
-1.44663e-05
-1.95579e-07
-1.48101e-05
1.58469e-06
3.39937e-06
-4.10398e-06
1.86542e-05
-6.39639e-06
3.54521e-06
-7.7453e-06
-3.38675e-06
-8.61545e-06
-6.21467e-06
-9.2582e-06
-7.03875e-06
-9.79875e-06
-6.53495e-06
-1.02895e-05
-5.26282e-06
-1.0725e-05
-3.58174e-06
-1.1086e-05
-1.74449e-06
-1.13626e-05
8.09889e-08
-1.15856e-05
1.80751e-06
3.58259e-06
-2.38577e-06
2.10413e-05
-4.04825e-06
5.20687e-06
-5.25212e-06
-2.18339e-06
-6.08316e-06
-5.38364e-06
-6.72903e-06
-6.39297e-06
-7.26254e-06
-6.00146e-06
-7.71451e-06
-4.81092e-06
-8.08591e-06
-3.21042e-06
-8.36495e-06
-1.46555e-06
-8.54286e-06
2.58778e-07
-8.63605e-06
1.90059e-06
3.59361e-06
-8.48307e-07
2.18895e-05
-1.91397e-06
6.27228e-06
-2.94209e-06
-1.15547e-06
-3.72867e-06
-4.5972e-06
-4.38818e-06
-5.73354e-06
-4.93615e-06
-5.45361e-06
-5.37477e-06
-4.37238e-06
-5.70467e-06
-2.88061e-06
-5.91863e-06
-1.2517e-06
-6.00672e-06
3.46752e-07
-5.97345e-06
1.86715e-06
3.43364e-06
6.03897e-07
2.12843e-05
1.04783e-07
6.77068e-06
-7.38688e-07
-3.12308e-07
-1.50368e-06
-3.83233e-06
-2.20638e-06
-5.03099e-06
-2.79954e-06
-4.86047e-06
-3.2553e-06
-3.91672e-06
-3.56953e-06
-2.56645e-06
-3.73857e-06
-1.08279e-06
-3.75134e-06
3.59392e-07
-3.60375e-06
1.71946e-06
3.11571e-06
1.99725e-06
1.92879e-05
2.05659e-06
6.71056e-06
1.40802e-06
3.35939e-07
6.32427e-07
-3.05671e-06
-1.53036e-07
-4.24561e-06
-8.30677e-07
-4.18297e-06
-1.33835e-06
-3.40914e-06
-1.66561e-06
-2.23931e-06
-1.81245e-06
-9.36082e-07
-1.76825e-06
3.15033e-07
-1.52444e-06
1.47552e-06
2.66048e-06
3.31173e-06
1.59704e-05
3.95784e-06
6.06575e-06
3.52557e-06
7.68554e-07
2.71097e-06
-2.24247e-06
1.80354e-06
-3.3386e-06
9.98917e-07
-3.37822e-06
4.01283e-07
-2.81178e-06
2.93943e-08
-1.86738e-06
-1.19824e-07
-7.87126e-07
-3.91164e-08
2.34311e-07
2.79041e-07
1.15727e-06
2.09338e-06
4.59448e-06
1.13746e-05
5.79661e-06
4.86441e-06
5.62375e-06
9.41827e-07
4.76625e-06
-1.38504e-06
3.71284e-06
-2.28563e-06
2.74344e-06
-2.40898e-06
2.01302e-06
-2.0816e-06
1.55757e-06
-1.41211e-06
1.37759e-06
-6.07424e-07
1.47346e-06
1.38305e-07
1.84109e-06
7.89499e-07
1.44277e-06
5.55898e-06
5.81392e-06
7.5109e-06
2.91341e-06
7.69745e-06
7.56297e-07
6.8652e-06
-5.52913e-07
5.6908e-06
-1.11199e-06
4.53687e-06
-1.25545e-06
3.61764e-06
-1.16289e-06
3.01832e-06
-8.13269e-07
2.76697e-06
-3.5675e-07
2.85365e-06
5.1223e-08
3.2463e-06
3.96308e-07
7.3634e-07
5.81409e-06
8.72772e-06
9.48402e-06
8.93096e-06
7.8189e-06
6.56334e-06
5.40037e-06
4.58695e-06
4.23011e-06
4.28123e-06
4.67733e-06
)
;

boundaryField
{
    rotor
    {
        type            calculated;
        value           uniform 0;
    }
    stator
    {
        type            calculated;
        value           uniform 0;
    }
    front
    {
        type            empty;
        value           nonuniform 0();
    }
    back
    {
        type            empty;
        value           nonuniform 0();
    }
}


// ************************************************************************* //
