/*--------------------------------*- C++ -*----------------------------------*\
  =========                 |
  \\      /  F ield         | OpenFOAM: The Open Source CFD Toolbox
   \\    /   O peration     | Website:  https://openfoam.org
    \\  /    A nd           | Version:  6
     \\/     M anipulation  |
\*---------------------------------------------------------------------------*/
FoamFile
{
    version     2.0;
    format      ascii;
    class       volVectorField;
    location    "400";
    object      U;
}
// * * * * * * * * * * * * * * * * * * * * * * * * * * * * * * * * * * * * * //

dimensions      [0 1 -1 0 0 0 0];

internalField   nonuniform List<vector> 
3072
(
(0.223239 2.20391 0)
(0.292833 1.93696 0)
(0.380527 1.76875 1.42705e-19)
(0.497305 1.6619 7.3467e-19)
(0.617411 1.5878 -1.23458e-18)
(0.747684 1.54984 7.85639e-19)
(0.896661 1.67344 3.82976e-19)
(1.3062 1.69193 1.0081e-18)
(2.27508 1.45427 -3.44917e-19)
(2.93525 1.79927 9.37619e-19)
(3.12988 2.11752 7.98175e-19)
(3.4368 2.24779 7.27871e-19)
(-0.364081 2.6642 -2.08811e-19)
(-0.193172 2.40281 -4.77887e-19)
(0.051757 2.35585 4.87519e-19)
(0.327594 2.36176 0)
(0.657388 2.43021 1.07321e-18)
(1.19928 2.39933 -1.36937e-18)
(2.05385 2.5464 0)
(2.68565 2.77919 0)
(2.98189 2.76561 0)
(3.09625 2.83893 8.067e-19)
(3.13019 2.84106 -2.78045e-18)
(3.24174 2.82736 3.51236e-19)
(-0.346736 2.98554 1.90817e-19)
(-0.0986777 2.70716 0)
(0.327826 2.74417 0)
(0.854839 2.77875 -3.61292e-18)
(1.54574 2.88689 1.3195e-18)
(2.24435 3.01755 -2.0445e-18)
(2.71114 3.0378 1.78249e-18)
(2.98108 3.00082 0)
(3.13397 2.87369 0)
(3.20449 2.78376 -1.0204e-18)
(3.2594 2.69785 -1.08955e-18)
(3.33639 2.61278 3.80607e-18)
(-0.28515 3.32218 -1.33347e-18)
(0.121501 3.12451 -2.25041e-18)
(0.701619 3.22889 1.94989e-18)
(1.36592 3.30368 -1.77018e-18)
(2.01128 3.3609 3.60998e-18)
(2.49788 3.32289 -3.61756e-18)
(2.78332 3.20381 -2.15994e-18)
(2.94609 3.07045 -6.69538e-18)
(3.05648 2.91866 -3.00683e-19)
(3.11546 2.80408 3.49125e-18)
(3.16744 2.6997 3.89618e-18)
(3.22646 2.59888 -3.103e-18)
(-0.0742193 3.53153 0)
(0.388767 3.49103 1.23297e-18)
(0.998974 3.59903 -2.75589e-18)
(1.63259 3.63058 3.23004e-18)
(2.16418 3.57473 6.00692e-19)
(2.50734 3.43619 2.15958e-18)
(2.7103 3.26796 2.43418e-18)
(2.83906 3.1009 2.35558e-18)
(2.92702 2.93821 -4.90458e-18)
(2.98929 2.79643 4.15803e-18)
(3.04693 2.66944 -5.62822e-18)
(3.10591 2.5509 7.46005e-18)
(0.141401 3.71602 -4.63766e-18)
(0.630315 3.77531 1.74497e-18)
(1.19505 3.85276 5.03217e-18)
(1.7402 3.81642 0)
(2.15589 3.68429 -7.25684e-18)
(2.42079 3.50112 7.56452e-18)
(2.59059 3.30654 0)
(2.70887 3.1186 -5.66238e-18)
(2.7979 2.94165 4.8202e-18)
(2.86806 2.78319 0)
(2.93187 2.64081 2.77162e-19)
(2.99387 2.51012 4.39106e-18)
(0.347482 3.88263 0)
(0.817491 4.02773 -4.05928e-18)
(1.3069 4.05056 3.70783e-18)
(1.74871 3.95795 0)
(2.07735 3.77894 -4.36867e-18)
(2.29989 3.56607 6.99213e-19)
(2.45634 3.34968 6.1617e-18)
(2.57434 3.14352 5.68098e-18)
(2.66873 2.95193 -4.99864e-18)
(2.74756 2.77834 4.95752e-18)
(2.81864 2.62148 -4.29158e-18)
(2.88573 2.47844 -1.20388e-17)
(0.543421 4.06797 0)
(0.950791 4.27573 3.39975e-18)
(1.3461 4.2311 -4.94453e-18)
(1.6939 4.09465 4.92473e-18)
(1.96343 3.88111 0)
(2.16396 3.64192 -6.35742e-18)
(2.31733 3.40364 6.26305e-18)
(2.44017 3.17808 1.23099e-19)
(2.54226 2.96934 -1.04371e-17)
(2.62965 2.77944 -4.89534e-18)
(2.70769 2.6076 -2.74216e-19)
(2.7797 2.45155 8.81711e-18)
(0.696792 4.24016 0)
(1.03428 4.51306 -3.88014e-18)
(1.32661 4.39268 -5.42624e-18)
(1.59606 4.21359 -3.87566e-18)
(1.82406 3.97021 7.8389e-18)
(2.01216 3.70728 0)
(2.16747 3.44853 0)
(2.29779 3.20456 0)
(2.40891 2.97935 0)
(2.50515 2.77437 4.93444e-18)
(2.59025 2.58895 -4.97103e-18)
(2.66733 2.42107 4.76183e-18)
(0.822973 4.50389 0)
(1.02662 4.71597 2.70614e-18)
(1.2203 4.49099 -6.16847e-19)
(1.44001 4.25283 4.45606e-18)
(1.64351 3.98209 4.43912e-18)
(1.82647 3.70307 -7.12405e-18)
(1.98801 3.43378 0)
(2.12918 3.1816 -2.17611e-19)
(2.2522 2.94937 -1.76844e-17)
(2.35958 2.73777 0)
(2.45381 2.54601 1.10218e-17)
(2.53774 2.3722 -5.16403e-18)
(0.972877 4.56659 0)
(0.935667 4.68953 3.13948e-18)
(1.02313 4.37832 9.22951e-18)
(1.20722 4.08417 -7.88387e-18)
(1.40019 3.81149 -1.10502e-17)
(1.58835 3.54557 1.74983e-17)
(1.7631 3.29378 -1.99019e-19)
(1.92065 3.05855 -6.87505e-18)
(2.06006 2.84043 5.62239e-18)
(2.18245 2.63975 -1.19847e-17)
(2.28918 2.45613 -1.6627e-17)
(2.383 2.28794 1.68305e-17)
(0.398786 4.18546 -1.86023e-18)
(0.564831 4.1128 -1.23082e-17)
(0.692663 3.81195 2.37171e-18)
(0.888002 3.56482 0)
(1.10169 3.37053 0)
(1.31081 3.17845 3.63144e-19)
(1.50507 2.98962 1.86257e-17)
(1.68148 2.8063 1.15056e-17)
(1.83879 2.62981 0)
(1.97782 2.46235 1.08521e-17)
(2.09871 2.30497 0)
(2.20433 2.15712 4.97182e-19)
(3.67904 2.2764 1.85836e-19)
(3.90997 2.22097 -3.73451e-19)
(4.05419 2.11554 -3.23207e-19)
(4.14562 1.97238 -5.74902e-19)
(4.1515 1.81375 -2.86891e-19)
(4.1083 1.62551 0)
(3.97498 1.43551 0)
(3.77427 1.23524 7.98788e-19)
(3.48743 1.03089 -9.37983e-19)
(3.10795 0.789941 0)
(2.68274 0.379489 0)
(2.54017 -0.217337 -6.49779e-20)
(3.33199 2.80781 1.65847e-18)
(3.43412 2.75052 0)
(3.53175 2.65903 -8.95474e-19)
(3.62715 2.53073 5.01893e-19)
(3.70554 2.36924 2.93578e-19)
(3.74475 2.20609 2.65695e-18)
(3.73838 2.04699 -4.32699e-18)
(3.68067 1.90089 6.75306e-19)
(3.56886 1.78789 0)
(3.32625 1.6824 0)
(3.05064 1.54253 0)
(3.19063 1.02899 7.25746e-19)
(3.40684 2.5266 1.55393e-18)
(3.48395 2.43556 -4.25531e-18)
(3.55646 2.33851 1.18386e-18)
(3.61837 2.23788 2.86276e-18)
(3.6604 2.13843 -2.90418e-18)
(3.67719 2.04367 0)
(3.66314 1.9646 0)
(3.61932 1.91143 -2.35534e-19)
(3.55326 1.88713 1.09533e-18)
(3.41684 1.87749 0)
(3.19922 1.86631 0)
(3.41138 1.74559 -4.67919e-19)
(3.2829 2.50223 3.44489e-19)
(3.34137 2.40651 4.23173e-18)
(3.39822 2.31057 2.98326e-18)
(3.44957 2.21593 -2.96857e-18)
(3.49054 2.12738 0)
(3.51707 2.05084 1.72757e-18)
(3.5256 1.99394 0)
(3.519 1.96658 2.51422e-18)
(3.49428 1.96931 -7.6842e-19)
(3.42666 2.02523 0)
(3.24902 2.108 -5.50276e-19)
(3.54696 2.15722 6.58829e-19)
(3.16411 2.44005 -3.0389e-18)
(3.22303 2.33494 0)
(3.2803 2.23514 0)
(3.33326 2.14251 0)
(3.37946 2.06093 0)
(3.41748 1.99536 -3.12555e-18)
(3.44594 1.95432 -1.40548e-19)
(3.46423 1.94484 -1.39907e-18)
(3.47917 1.97568 0)
(3.47544 2.06277 -1.2215e-18)
(3.36039 2.20479 4.90856e-19)
(3.77271 2.40187 -1.68556e-19)
(3.05454 2.38966 -2.42261e-19)
(3.1148 2.27792 -7.21179e-18)
(3.17379 2.17462 3.3958e-18)
(3.23043 2.0812 3.0903e-21)
(3.28392 2.00081 2.22834e-19)
(3.33408 1.93794 4.84252e-18)
(3.38185 1.89881 -1.54645e-19)
(3.42936 1.89066 -5.39502e-18)
(3.47875 1.92426 -2.16476e-18)
(3.53248 2.01659 1.0854e-18)
(3.47847 2.20403 -1.3385e-18)
(3.93768 2.52286 -5.4123e-19)
(2.95026 2.34747 1.15004e-17)
(3.01339 2.22723 3.76266e-18)
(3.0754 2.11738 0)
(3.13651 2.01892 0)
(3.19734 1.93427 2.10546e-19)
(3.25925 1.8671 -3.51536e-18)
(3.32467 1.8226 5.49668e-18)
(3.39724 1.80759 -1.29434e-19)
(3.48055 1.83298 1.85069e-18)
(3.58105 1.91826 0)
(3.60224 2.10485 -2.40907e-19)
(4.09718 2.50883 -7.97591e-20)
(2.84763 2.30941 -4.22894e-18)
(2.91315 2.17958 -3.89246e-18)
(2.97747 2.06143 4.1759e-18)
(3.04189 1.95535 -3.90497e-18)
(3.10816 1.86293 5.58797e-22)
(3.1789 1.78679 7.72164e-18)
(3.25813 1.73072 -3.53554e-18)
(3.35157 1.70054 1.99139e-18)
(3.46509 1.70642 0)
(3.61092 1.76916 1.19681e-18)
(3.70923 1.94127 6.101e-19)
(4.20308 2.39038 -9.19935e-19)
(2.73851 2.26866 4.61838e-18)
(2.806 2.12964 -4.47286e-18)
(2.87171 2.00297 -4.17597e-18)
(2.93776 1.88827 -8.69119e-18)
(3.00677 1.78626 8.34946e-18)
(3.08237 1.69842 -7.99274e-18)
(3.17003 1.62668 0)
(3.27785 1.57513 -1.89087e-18)
(3.4149 1.55158 0)
(3.60052 1.57621 0)
(3.77891 1.71217 0)
(4.26118 2.13101 4.38492e-19)
(2.61338 2.21426 5.00647e-18)
(2.68343 2.06953 -1.00589e-17)
(2.75023 1.93678 9.80211e-18)
(2.81639 1.81495 9.39544e-18)
(2.88508 1.70385 4.52954e-18)
(2.96084 1.60387 0)
(3.05038 1.51476 0)
(3.16365 1.43802 4.37334e-18)
(3.31359 1.37736 0)
(3.5297 1.34954 -1.22163e-18)
(3.77033 1.41069 7.95614e-19)
(4.24795 1.71997 -1.2736e-18)
(2.46524 2.13378 -1.10427e-17)
(2.53914 1.9904 1.01878e-17)
(2.60719 1.85704 -9.95024e-18)
(2.67222 1.73211 -2.49773e-17)
(2.73754 1.61498 -2.47461e-19)
(2.80813 1.50508 1.34841e-19)
(2.89212 1.39988 -4.76753e-18)
(2.99971 1.29763 -4.34775e-18)
(3.14783 1.19573 0)
(3.37435 1.10549 3.6674e-18)
(3.64826 1.03824 8.97802e-19)
(4.11778 1.0226 -1.78906e-18)
(2.29431 2.01882 -4.93411e-19)
(2.37241 1.88589 0)
(2.44089 1.75932 0)
(2.50243 1.63719 4.77793e-18)
(2.56091 1.51892 1.45695e-17)
(2.62096 1.4036 -4.75496e-18)
(2.6919 1.28706 -2.19494e-19)
(2.78192 1.16437 -2.43893e-18)
(2.91008 1.02531 -2.26376e-18)
(3.10419 0.871225 -2.27588e-18)
(3.38769 0.646588 0)
(3.71826 -0.0356846 2.33963e-18)
(2.20547 -0.221515 -2.14225e-22)
(1.93725 -0.292372 0)
(1.76893 -0.380496 -1.4271e-19)
(1.662 -0.497344 0)
(1.58784 -0.617434 -6.24662e-19)
(1.54982 -0.747755 7.8778e-19)
(1.67334 -0.896631 0)
(1.69209 -1.30585 7.25622e-19)
(1.45405 -2.2745 -3.07727e-19)
(1.79877 -2.93532 -8.62999e-20)
(2.11735 -3.12994 -8.06175e-19)
(2.24755 -3.43686 -7.27823e-19)
(2.66485 0.364603 -2.6223e-19)
(2.40307 0.19327 -1.44219e-19)
(2.35616 -0.0519254 5.52302e-19)
(2.36197 -0.327934 0)
(2.43018 -0.657653 -1.06944e-18)
(2.39923 -1.19887 5.91147e-19)
(2.54601 -2.05342 0)
(2.77906 -2.68566 9.03522e-19)
(2.76547 -2.98206 -2.57592e-18)
(2.83881 -3.0965 2.00683e-18)
(2.841 -3.13036 1.49416e-18)
(2.82731 -3.24188 -3.75513e-18)
(2.98573 0.346987 -1.90357e-19)
(2.70731 0.0988028 0)
(2.74438 -0.327817 -1.71182e-18)
(2.77881 -0.854679 0)
(2.88669 -1.54537 0)
(3.01735 -2.24417 -8.16082e-19)
(3.03766 -2.71122 4.05479e-18)
(3.0008 -2.98129 -2.86245e-18)
(2.87366 -3.1342 9.92474e-19)
(2.78371 -3.20474 0)
(2.69782 -3.2596 2.66659e-18)
(2.61275 -3.33657 -1.61764e-18)
(3.3223 0.285488 8.61811e-19)
(3.12464 -0.121142 1.31149e-18)
(3.22898 -0.701299 1.42913e-18)
(3.3036 -1.36562 2.67866e-18)
(3.36081 -2.01115 -1.66485e-18)
(3.32289 -2.49802 -1.22455e-18)
(3.20381 -2.78356 0)
(3.07048 -2.94635 0)
(2.91866 -3.05675 2.19737e-18)
(2.80407 -3.1157 0)
(2.69969 -3.16763 4.8278e-19)
(2.59888 -3.22663 1.35096e-18)
(3.53173 0.0745366 1.35592e-18)
(3.49113 -0.388358 -9.8842e-19)
(3.5991 -0.998657 -2.75629e-18)
(3.63064 -1.63246 0)
(3.57482 -2.16427 0)
(3.43629 -2.50758 3.02399e-18)
(3.26803 -2.71056 0)
(3.10096 -2.83932 -5.63515e-18)
(2.93824 -2.92725 -2.34783e-18)
(2.79644 -2.98949 4.15852e-18)
(2.66945 -3.04709 -5.62889e-18)
(2.5509 -3.10604 3.54069e-18)
(3.71631 -0.141085 -2.60763e-18)
(3.77542 -0.629976 -1.49787e-18)
(3.85289 -1.19485 2.15485e-18)
(3.81657 -1.74018 3.81805e-19)
(3.68445 -2.15603 3.65703e-18)
(3.50125 -2.421 -7.24952e-18)
(3.30663 -2.59081 6.57314e-18)
(3.11866 -2.70907 6.57464e-19)
(2.94167 -2.79808 0)
(2.7832 -2.86822 0)
(2.64081 -2.93199 8.54149e-18)
(2.51012 -2.99397 5.63017e-20)
(3.88282 -0.347248 -3.40001e-20)
(4.02787 -0.817262 -2.2448e-18)
(4.05074 -1.30678 0)
(3.95815 -1.74874 -4.40288e-18)
(3.7791 -2.07748 4.65075e-18)
(3.56618 -2.30006 1.11367e-17)
(3.34975 -2.45651 6.80523e-18)
(3.14356 -2.5745 8.60592e-19)
(2.95195 -2.66886 -1.05358e-17)
(2.77833 -2.74768 4.61161e-18)
(2.62147 -2.81873 4.93139e-18)
(2.47842 -2.88579 2.64874e-19)
(4.0681 -0.543225 2.18346e-19)
(4.27587 -0.950638 3.40031e-18)
(4.23127 -1.34605 0)
(4.09482 -1.69394 -4.92589e-18)
(3.88124 -1.96353 -3.58187e-18)
(3.64201 -2.16409 6.35298e-19)
(3.40369 -2.31745 -1.18387e-17)
(3.17809 -2.44028 4.21255e-19)
(2.96933 -2.54235 -2.70952e-19)
(2.77942 -2.62973 5.14601e-18)
(2.60757 -2.70774 -4.15415e-18)
(2.45153 -2.77974 2.20399e-19)
(4.24026 -0.696661 -3.48057e-18)
(4.51319 -1.03419 1.55367e-18)
(4.39283 -1.32659 -7.8987e-18)
(4.21372 -1.5961 3.87588e-18)
(3.97031 -1.82414 0)
(3.70734 -2.01225 0)
(3.44855 -2.16756 6.50335e-18)
(3.20456 -2.29787 1.18676e-17)
(2.97933 -2.40897 -5.41986e-18)
(2.77434 -2.5052 -4.93484e-18)
(2.58891 -2.59028 -4.7313e-18)
(2.42104 -2.66735 0)
(4.50397 -0.822934 7.30755e-20)
(4.71605 -1.02657 4.11463e-18)
(4.49108 -1.22028 9.33148e-18)
(4.25292 -1.44003 0)
(3.98215 -1.64356 7.7489e-18)
(3.7031 -1.82653 0)
(3.43378 -1.98807 3.37646e-19)
(3.18159 -2.12923 -5.72326e-18)
(2.94933 -2.25224 6.19677e-18)
(2.73772 -2.35961 0)
(2.54597 -2.45382 0)
(2.37216 -2.53774 -1.06583e-17)
(4.56661 -0.972825 -6.59427e-18)
(4.68955 -0.935621 3.13936e-18)
(4.37835 -1.02312 5.26036e-19)
(4.0842 -1.20723 -8.69558e-18)
(3.81151 -1.40022 -3.41718e-18)
(3.54558 -1.58838 -3.49833e-18)
(3.29378 -1.76314 -6.81462e-18)
(3.05853 -1.92068 -1.92332e-17)
(2.84039 -2.06009 -5.62224e-18)
(2.63971 -2.18247 -1.19845e-17)
(2.45609 -2.28918 1.16269e-17)
(2.2879 -2.38299 1.06829e-17)
(4.18543 -0.39873 3.56044e-18)
(4.11277 -0.564793 -1.41086e-18)
(3.81194 -0.69266 3.55825e-19)
(3.56482 -0.888017 7.39261e-18)
(3.37053 -1.10172 0)
(3.17845 -1.31084 -6.69442e-18)
(2.98961 -1.5051 5.997e-18)
(2.80628 -1.6815 5.34085e-18)
(2.62978 -1.83881 -1.73981e-17)
(2.46231 -1.97784 1.08515e-17)
(2.30493 -2.09871 -1.06278e-17)
(2.15708 -2.20433 0)
(2.27638 -3.67908 -4.34885e-19)
(2.22089 -3.91004 1.05557e-18)
(2.11556 -4.05429 -9.62505e-19)
(1.97236 -4.14571 -2.70724e-19)
(1.8138 -4.15161 -9.91669e-20)
(1.62553 -4.1084 7.75685e-20)
(1.43556 -3.97508 -1.27078e-19)
(1.23527 -3.77436 -3.17629e-19)
(1.03094 -3.48752 -9.37692e-19)
(0.789984 -3.108 0)
(0.379547 -2.68279 0)
(-0.217244 -2.54023 -6.49645e-20)
(2.80778 -3.33213 -6.06156e-20)
(2.75052 -3.43424 2.15404e-18)
(2.65906 -3.53185 -8.95448e-19)
(2.53077 -3.62725 0)
(2.36928 -3.70563 1.72935e-18)
(2.20614 -3.74484 0)
(2.04704 -3.73847 1.29503e-18)
(1.90095 -3.68075 2.23294e-18)
(1.78796 -3.56893 -1.90051e-18)
(1.68247 -3.32629 0)
(1.54261 -3.05068 0)
(1.02911 -3.19066 -2.96795e-20)
(2.52658 -3.40699 1.11645e-18)
(2.43555 -3.48408 -1.05305e-18)
(2.33851 -3.55658 1.18382e-18)
(2.2379 -3.61847 0)
(2.13847 -3.66048 -1.27628e-18)
(2.04371 -3.67726 3.21932e-18)
(1.96466 -3.6632 -4.65432e-18)
(1.9115 -3.61937 -5.18824e-18)
(1.88721 -3.55329 3.07809e-18)
(1.87758 -3.41687 0)
(1.86641 -3.19923 6.10598e-19)
(1.74572 -3.41139 1.51769e-19)
(2.50223 -3.28304 1.29801e-18)
(2.40652 -3.34149 -2.9478e-18)
(2.31058 -3.39831 2.98342e-18)
(2.21596 -3.44964 -2.9687e-18)
(2.12742 -3.4906 0)
(2.05089 -3.51712 1.72759e-18)
(1.99401 -3.52563 1.17519e-18)
(1.96666 -3.51903 6.92233e-19)
(1.96939 -3.49431 -1.55995e-18)
(2.02533 -3.42668 0)
(2.10812 -3.24903 -3.53944e-19)
(2.15737 -3.54698 5.90757e-19)
(2.44005 -3.16422 3.40472e-18)
(2.33495 -3.22311 -1.76289e-18)
(2.23516 -3.28036 0)
(2.14253 -3.33331 0)
(2.06097 -3.37949 1.69913e-18)
(1.99541 -3.41751 -1.42864e-18)
(1.95438 -3.44596 -2.55368e-19)
(1.94491 -3.46425 0)
(1.97576 -3.47919 -8.30647e-19)
(2.06287 -3.47545 1.22134e-18)
(2.20491 -3.36039 -1.07483e-18)
(2.40202 -3.77272 -2.7193e-19)
(2.38966 -3.05462 -7.26711e-18)
(2.27792 -3.11486 3.47773e-18)
(2.17463 -3.17383 7.01969e-18)
(2.08122 -3.23046 3.09998e-21)
(2.00084 -3.28393 -8.36167e-18)
(1.93799 -3.33409 -3.54742e-18)
(1.89887 -3.38186 -2.44204e-19)
(1.89073 -3.42936 0)
(1.92434 -3.47875 0)
(2.0167 -3.53248 -1.08531e-18)
(2.20416 -3.47847 -7.79113e-19)
(2.52302 -3.93769 2.37339e-19)
(2.34746 -2.95031 3.92985e-18)
(2.22723 -3.01342 -7.75243e-18)
(2.11739 -3.07541 -3.44291e-18)
(2.01894 -3.13652 -1.99641e-19)
(1.93429 -3.19734 3.3138e-18)
(1.86714 -3.25924 3.27815e-18)
(1.82265 -3.32465 1.85314e-18)
(1.80766 -3.39723 1.80732e-18)
(1.83306 -3.48053 -2.00755e-18)
(1.91835 -3.58104 0)
(2.10497 -3.60223 1.25228e-18)
(2.50899 -4.09718 -3.60692e-19)
(2.30939 -2.84765 0)
(2.17957 -2.91316 3.89283e-18)
(2.06142 -2.97746 0)
(1.95536 -3.04187 -1.99409e-19)
(1.86295 -3.10814 5.53466e-22)
(1.78682 -3.17888 7.72208e-18)
(1.73076 -3.25811 -7.46038e-18)
(1.7006 -3.35154 0)
(1.7065 -3.46506 -2.131e-18)
(1.76925 -3.6109 1.19678e-18)
(1.94138 -3.70921 -2.33331e-18)
(2.39054 -4.20308 1.17435e-18)
(2.26863 -2.73851 4.61877e-18)
(2.12962 -2.80599 -4.47322e-18)
(2.00295 -2.87169 -4.52824e-18)
(1.88827 -2.93773 4.42527e-18)
(1.78627 -3.00673 4.17834e-18)
(1.69844 -3.08232 -1.22435e-17)
(1.62672 -3.16998 3.82451e-18)
(1.57517 -3.27781 0)
(1.55165 -3.41486 1.94851e-18)
(1.5763 -3.60048 0)
(1.71228 -3.77889 2.84861e-18)
(2.13115 -4.26117 -2.0843e-18)
(2.21422 -2.61337 0)
(2.0695 -2.6834 -1.00594e-17)
(1.93675 -2.7502 -5.22201e-18)
(1.81493 -2.81635 -9.11454e-18)
(1.70385 -2.88503 4.52974e-18)
(1.60388 -2.96078 4.27303e-18)
(1.51479 -3.05032 0)
(1.43806 -3.16359 0)
(1.37741 -3.31354 0)
(1.34961 -3.52965 0)
(1.41078 -3.77029 -7.97701e-19)
(1.72009 -4.24792 -1.03986e-19)
(2.13374 -2.46522 5.381e-18)
(1.99037 -2.53911 4.93539e-18)
(1.85701 -2.60715 2.04783e-17)
(1.73209 -2.67216 5.25633e-18)
(1.61497 -2.73748 1.97449e-17)
(1.50508 -2.80806 -4.75523e-18)
(1.3999 -2.89204 -4.76755e-18)
(1.29766 -2.99964 0)
(1.19578 -3.14776 -4.53097e-18)
(1.10554 -3.37428 -2.43899e-18)
(1.03831 -3.64821 -1.84009e-18)
(1.02268 -4.11774 -1.11147e-25)
(2.01878 -2.29428 0)
(1.88585 -2.37237 0)
(1.7593 -2.44084 -2.04262e-17)
(1.63717 -2.50237 -1.4865e-17)
(1.51892 -2.56084 -4.69911e-18)
(1.40361 -2.62087 0)
(1.28707 -2.69181 4.72715e-18)
(1.16439 -2.78183 0)
(1.02535 -2.90999 -1.9799e-19)
(0.871267 -3.10411 2.27579e-18)
(0.646636 -3.38762 6.63808e-19)
(-0.0356481 -3.71821 4.63205e-18)
(-0.208541 -2.21044 1.03094e-19)
(-0.290696 -1.93266 2.0084e-19)
(-0.380402 -1.76786 -1.75211e-19)
(-0.497217 -1.66277 1.55623e-20)
(-0.617437 -1.58862 0)
(-0.748018 -1.55051 3.83407e-20)
(-0.897313 -1.6741 0)
(-1.30667 -1.69178 4.8282e-19)
(-2.27569 -1.45451 1.19794e-18)
(-2.93523 -1.79975 -2.49011e-21)
(-3.12986 -2.1177 5.81561e-19)
(-3.43676 -2.24801 8.26258e-19)
(0.372683 -2.66289 3.42424e-19)
(0.193402 -2.40187 -4.76982e-19)
(-0.0539545 -2.35519 5.16974e-19)
(-0.330481 -2.36106 -2.45647e-20)
(-0.659481 -2.42915 -1.06563e-18)
(-1.20018 -2.39942 -2.11437e-19)
(-2.05433 -2.54687 -1.03765e-18)
(-2.68571 -2.77941 -1.49689e-18)
(-2.98176 -2.76579 2.40151e-18)
(-3.09604 -2.83909 -6.01816e-19)
(-3.13004 -2.84114 7.57232e-19)
(-3.24163 -2.82742 4.5705e-19)
(0.347142 -2.9879 -3.78541e-19)
(0.100519 -2.70805 0)
(-0.325687 -2.74453 0)
(-0.854114 -2.77889 -1.53154e-18)
(-1.5465 -2.88737 0)
(-2.24447 -3.01773 -1.22762e-18)
(-2.71105 -3.038 6.8118e-19)
(-2.9809 -3.00092 2.49534e-18)
(-3.13376 -2.87377 -1.24244e-18)
(-3.20427 -2.78385 -1.81601e-18)
(-3.25922 -2.69793 -3.75667e-18)
(-3.33623 -2.61284 3.80594e-18)
(0.284176 -3.32309 -1.72112e-18)
(-0.122482 -3.12527 -1.31077e-18)
(-0.701992 -3.22953 2.5185e-18)
(-1.36608 -3.30389 9.0806e-19)
(-2.01145 -3.36111 0)
(-2.49773 -3.32295 -4.45323e-18)
(-2.78308 -3.20388 3.31318e-18)
(-2.94585 -3.0705 0)
(-3.05624 -2.91873 3.27326e-18)
(-3.11523 -2.80415 -5.00981e-18)
(-3.16725 -2.69976 3.41291e-18)
(-3.2263 -2.59893 4.67296e-19)
(0.0740701 -3.53125 2.05775e-18)
(-0.389077 -3.4914 3.0188e-18)
(-0.999198 -3.5993 9.05756e-19)
(-1.63271 -3.63065 0)
(-2.16411 -3.57475 -2.73405e-18)
(-2.50711 -3.43619 4.63334e-18)
(-2.71003 -3.268 0)
(-2.8388 -3.10095 -3.07356e-18)
(-2.92679 -2.93826 -2.80807e-18)
(-2.98909 -2.79648 4.15711e-18)
(-3.04676 -2.66949 0)
(-3.10577 -2.55094 -3.20567e-18)
(-0.14136 -3.71626 2.02906e-18)
(-0.630483 -3.77545 7.07298e-19)
(-1.19518 -3.85281 -2.1541e-18)
(-1.74023 -3.81638 -8.91314e-18)
(-2.15575 -3.68423 -3.05495e-19)
(-2.42057 -3.50109 7.56331e-18)
(-2.59035 -3.30655 0)
(-2.70865 -3.11863 8.55336e-18)
(-2.7977 -2.94168 -4.99268e-18)
(-2.8679 -2.78324 4.37885e-18)
(-2.93173 -2.64085 2.77099e-19)
(-2.99375 -2.51016 -5.62727e-20)
(-0.347609 -3.88258 -1.84052e-18)
(-0.817613 -4.02778 -1.44672e-18)
(-1.30697 -4.0505 0)
(-1.74869 -3.95786 9.51351e-18)
(-2.07722 -3.77886 -1.31217e-17)
(-2.29971 -3.56602 -2.1681e-19)
(-2.45615 -3.34967 -1.29618e-17)
(-2.57417 -3.14354 5.29449e-19)
(-2.66857 -2.95196 -4.99751e-18)
(-2.74743 -2.77837 -4.95652e-18)
(-2.81852 -2.62152 4.92973e-18)
(-2.88563 -2.47847 -4.08e-18)
(-0.543536 -4.06787 -1.66376e-19)
(-0.950882 -4.27571 -1.83477e-18)
(-1.34616 -4.23098 0)
(-1.69389 -4.09451 4.92345e-18)
(-1.96334 -3.881 3.36461e-18)
(-2.16383 -3.64185 2.98955e-18)
(-2.31719 -3.40361 -5.10511e-19)
(-2.44003 -3.17807 -1.23112e-19)
(-2.54213 -2.96935 -5.59698e-18)
(-2.62954 -2.77947 -5.97336e-19)
(-2.70759 -2.60763 2.33332e-19)
(-2.77962 -2.45159 0)
(-0.696876 -4.24004 2.16574e-18)
(-1.03434 -4.51298 0)
(-1.32666 -4.39253 0)
(-1.59607 -4.21342 -3.87502e-18)
(-1.82401 -3.97007 3.43304e-18)
(-2.01207 -3.70718 -7.07271e-18)
(-2.16736 -3.44846 0)
(-2.29768 -3.20453 5.80876e-18)
(-2.40879 -2.97933 -2.45007e-19)
(-2.50504 -2.77437 4.93357e-18)
(-2.59015 -2.58896 -5.16341e-18)
(-2.66724 -2.42109 9.92228e-18)
(-0.822991 -4.50377 4.4403e-18)
(-1.02668 -4.71589 -1.40869e-18)
(-1.22035 -4.49084 -4.97399e-18)
(-1.44002 -4.25266 -8.55774e-18)
(-1.64347 -3.98193 0)
(-1.8264 -3.70293 6.44783e-18)
(-1.98792 -3.43367 -1.30544e-17)
(-2.12907 -3.18152 5.79424e-18)
(-2.25209 -2.94931 6.19551e-18)
(-2.35947 -2.73773 0)
(-2.45371 -2.54599 -5.89496e-18)
(-2.53765 -2.37219 -9.93144e-18)
(-0.972826 -4.56654 -6.54048e-18)
(-0.935689 -4.68945 1.42787e-18)
(-1.02315 -4.37818 4.35123e-18)
(-1.20722 -4.084 3.68673e-18)
(-1.40016 -3.81131 -4.99337e-20)
(-1.58828 -3.54541 -1.08218e-17)
(-1.76301 -3.29364 1.29342e-17)
(-1.92055 -3.05844 2.52863e-17)
(-2.05995 -2.84033 -1.76859e-17)
(-2.18234 -2.63968 -1.19827e-17)
(-2.28907 -2.45608 1.09618e-17)
(-2.3829 -2.28791 0)
(-0.398672 -4.18535 5.49958e-18)
(-0.564784 -4.1127 1.86564e-18)
(-0.692655 -3.81181 2.01563e-18)
(-0.887989 -3.56465 7.94969e-18)
(-1.10166 -3.37035 0)
(-1.31075 -3.17828 6.33082e-18)
(-1.50498 -2.98946 -1.26264e-17)
(-1.68137 -2.80616 -5.58982e-18)
(-1.83868 -2.62969 -5.72542e-18)
(-1.97772 -2.46225 1.08506e-17)
(-2.09861 -2.30489 5.6779e-18)
(-2.20424 -2.15706 1.63012e-17)
(-3.679 -2.27643 1.27547e-19)
(-3.90991 -2.22105 5.89696e-19)
(-4.05411 -2.11553 2.88616e-19)
(-4.14554 -1.9724 -6.76182e-19)
(-4.15142 -1.81373 1.87077e-19)
(-4.10822 -1.6255 0)
(-3.9749 -1.43548 -5.07797e-19)
(-3.77421 -1.23522 3.84411e-19)
(-3.48738 -1.03086 0)
(-3.10791 -0.789923 1.15545e-19)
(-2.68273 -0.379479 0)
(-2.54017 0.217328 -2.97816e-19)
(-3.33187 -2.80785 -4.24202e-18)
(-3.43403 -2.75053 3.02329e-18)
(-3.53167 -2.65902 2.28999e-18)
(-3.62708 -2.53071 -9.60176e-19)
(-3.70547 -2.36921 0)
(-3.74468 -2.20606 0)
(-3.73832 -2.04695 1.4807e-18)
(-3.68062 -1.90086 -1.59786e-18)
(-3.56882 -1.78785 0)
(-3.32622 -1.68237 6.07177e-19)
(-3.05063 -1.5425 -3.91435e-20)
(-3.19062 -1.02899 -1.09913e-18)
(-3.40671 -2.52665 1.6087e-18)
(-3.48384 -2.43559 -2.76816e-18)
(-3.55636 -2.33852 0)
(-3.61828 -2.23788 -2.89277e-18)
(-3.66032 -2.13842 -2.97636e-18)
(-3.67712 -2.04365 6.36698e-18)
(-3.66309 -1.96457 -5.68342e-18)
(-3.61928 -1.9114 0)
(-3.55322 -1.88709 0)
(-3.41682 -1.87745 0)
(-3.19921 -1.86627 -5.33785e-19)
(-3.41136 -1.74556 1.64328e-19)
(-3.28277 -2.50227 -1.29775e-18)
(-3.34126 -2.40653 -3.90261e-19)
(-3.39813 -2.31057 0)
(-3.44949 -2.21593 -3.68437e-19)
(-3.49048 -2.12736 0)
(-3.51702 -2.05081 0)
(-3.52555 -1.99391 1.33546e-18)
(-3.51897 -1.96654 -1.60027e-18)
(-3.49426 -1.96926 1.719e-18)
(-3.42664 -2.02518 0)
(-3.24902 -2.10796 -5.50301e-19)
(-3.54695 -2.15718 -6.58876e-19)
(-3.164 -2.44008 7.09312e-18)
(-3.22294 -2.33496 -1.76244e-18)
(-3.28022 -2.23515 3.16785e-18)
(-3.3332 -2.1425 1.426e-18)
(-3.3794 -2.06092 -4.83067e-18)
(-3.41744 -1.99534 0)
(-3.4459 -1.95428 -1.64136e-18)
(-3.4642 -1.94479 0)
(-3.47915 -1.97563 0)
(-3.47543 -2.06271 1.2215e-18)
(-3.36039 -2.20473 3.14226e-20)
(-3.77269 -2.40182 7.40018e-19)
(-3.05444 -2.38969 -3.38805e-18)
(-3.11472 -2.27794 -2.57007e-19)
(-3.17373 -2.17463 0)
(-3.23038 -2.0812 0)
(-3.28387 -2.0008 -5.29305e-18)
(-3.33404 -1.93792 3.32654e-18)
(-3.38182 -1.89878 3.39248e-18)
(-3.42933 -1.89061 1.76921e-18)
(-3.47873 -1.9242 -4.19853e-18)
(-3.53247 -2.01653 -1.08539e-18)
(-3.47847 -2.20397 0)
(-3.93766 -2.52281 8.45141e-19)
(-2.95017 -2.34751 -8.06997e-18)
(-3.01332 -2.22726 3.31761e-18)
(-3.07534 -2.1174 3.67021e-18)
(-3.13646 -2.01893 2.0127e-19)
(-3.1973 -1.93426 -4.13168e-19)
(-3.25921 -1.86708 -3.71019e-18)
(-3.32464 -1.82257 -5.39423e-18)
(-3.39722 -1.80754 -1.93847e-18)
(-3.48053 -1.83292 1.85053e-18)
(-3.58104 -1.91819 0)
(-3.60224 -2.10479 2.11783e-18)
(-4.09716 -2.50877 -5.40116e-19)
(-2.84756 -2.30944 8.2654e-18)
(-2.91309 -2.1796 -4.49542e-18)
(-2.97741 -2.06144 -4.17532e-18)
(-3.04184 -1.95536 -7.60954e-18)
(-3.10812 -1.86293 7.46247e-18)
(-3.17887 -1.78677 -1.93613e-19)
(-3.25811 -1.73068 1.12007e-17)
(-3.35155 -1.70049 1.78192e-18)
(-3.46507 -1.70636 2.13077e-18)
(-3.61091 -1.76909 0)
(-3.70923 -1.9412 -1.4513e-18)
(-4.20306 -2.39032 -6.94096e-19)
(-2.73843 -2.26868 0)
(-2.80593 -2.12966 4.28448e-18)
(-2.87165 -2.00298 4.17536e-18)
(-2.93771 -1.88827 -4.26564e-18)
(-3.00673 -1.78625 -1.63395e-19)
(-3.08233 -1.6984 -4.24951e-18)
(-3.17 -1.62665 -3.82386e-18)
(-3.27783 -1.57508 0)
(-3.41489 -1.55152 -1.94829e-18)
(-3.60051 -1.57614 -1.20963e-18)
(-3.77891 -1.7121 4.6609e-18)
(-4.26117 -2.13094 -9.98225e-19)
(-2.6133 -2.21426 0)
(-2.68336 -2.06953 0)
(-2.75017 -1.93678 0)
(-2.81634 -1.81494 -1.42085e-17)
(-2.88504 -1.70384 9.03326e-18)
(-2.96081 -1.60385 8.70166e-18)
(-3.05035 -1.51473 0)
(-3.16363 -1.43798 -4.37268e-18)
(-3.31358 -1.37729 0)
(-3.52969 -1.34947 -2.49537e-18)
(-3.77032 -1.41062 -7.97686e-19)
(-4.24794 -1.7199 -1.27366e-18)
(-2.46516 -2.13376 0)
(-2.53907 -1.99039 0)
(-2.60713 -1.85703 1.0526e-17)
(-2.67216 -1.7321 1.47098e-17)
(-2.7375 -1.61496 4.06609e-19)
(-2.8081 -1.50505 4.88922e-18)
(-2.89209 -1.39985 -2.33611e-18)
(-2.99969 -1.29758 6.58291e-18)
(-3.14782 -1.19567 4.5303e-18)
(-3.37434 -1.10541 2.27652e-18)
(-3.64825 -1.03816 -1.84001e-18)
(-4.11777 -1.02252 -1.96006e-18)
(-2.29422 -2.01878 0)
(-2.37233 -1.88586 0)
(-2.44083 -1.7593 -9.97324e-18)
(-2.50238 -1.63717 5.24681e-18)
(-2.56087 -1.5189 -4.69879e-18)
(-2.62093 -1.40358 -4.75447e-18)
(-2.69188 -1.28702 4.94629e-18)
(-2.78191 -1.16432 0)
(-2.91008 -1.02525 -4.44897e-18)
(-3.10419 -0.87115 -2.36741e-18)
(-3.38768 -0.646505 2.27857e-18)
(-3.71825 0.0357554 -4.65184e-18)
(-2.20546 0.221521 1.04945e-19)
(-1.93725 0.292376 0)
(-1.76893 0.380502 0)
(-1.66202 0.497353 5.94957e-19)
(-1.58785 0.617447 -6.46078e-19)
(-1.54986 0.747761 0)
(-1.67342 0.896698 0)
(-1.69203 1.30607 4.83033e-19)
(-1.45414 2.27482 1.27377e-18)
(-1.79904 2.93538 1.07019e-18)
(-2.11748 3.12997 -2.24306e-19)
(-2.24773 3.43692 7.41843e-19)
(-2.66485 -0.364592 -4.83829e-19)
(-2.40308 -0.193254 0)
(-2.35617 0.051948 0)
(-2.362 0.327969 -9.19139e-19)
(-2.4302 0.657726 2.21667e-18)
(-2.39926 1.19906 -2.41623e-18)
(-2.54615 2.05361 8.69803e-19)
(-2.77913 2.68575 8.06955e-19)
(-2.76554 2.98208 -3.25655e-19)
(-2.83889 3.09647 8.06762e-19)
(-2.84107 3.13036 0)
(-2.82737 3.24189 -1.70322e-18)
(-2.98573 -0.346971 3.80825e-19)
(-2.70731 -0.0987733 0)
(-2.74439 0.327868 0)
(-2.77883 0.854775 -9.10029e-19)
(-2.88674 1.54551 6.76026e-19)
(-3.01739 2.24428 -1.54953e-18)
(-3.03771 2.71129 0)
(-3.00082 2.98132 -3.28549e-18)
(-2.87369 3.13421 3.93863e-18)
(-2.78375 3.20473 -1.02013e-18)
(-2.69787 3.25959 -2.64478e-18)
(-2.61281 3.33656 3.80545e-18)
(-3.3223 -0.285466 -8.6192e-19)
(-3.12464 0.121185 1.31169e-18)
(-3.22898 0.70137 0)
(-3.30361 1.36571 9.08705e-19)
(-3.36082 2.01126 -6.43721e-19)
(-3.32289 2.49809 1.22472e-18)
(-3.20382 2.78361 0)
(-3.07049 2.94636 -2.41526e-18)
(-2.91868 3.05674 -5.47014e-18)
(-2.80411 3.11569 3.49128e-18)
(-2.69973 3.16763 3.41369e-18)
(-2.59893 3.22662 -6.6737e-18)
(-3.53173 -0.0745176 1.0281e-18)
(-3.49112 0.388404 -1.23269e-18)
(-3.59909 0.998728 2.75625e-18)
(-3.63063 1.63255 0)
(-3.57481 2.16436 -5.78445e-18)
(-3.43628 2.50764 5.4964e-18)
(-3.26803 2.71059 3.27608e-18)
(-3.10096 2.83933 2.35562e-18)
(-2.93825 2.92725 0)
(-2.79647 2.98948 0)
(-2.66948 3.04708 0)
(-2.55094 3.10603 -7.13623e-19)
(-3.71631 0.141108 5.21548e-18)
(-3.77542 0.630019 0)
(-3.85288 1.19491 -2.15486e-18)
(-3.81656 1.74027 4.64703e-18)
(-3.68443 2.15611 3.61762e-18)
(-3.50123 2.42105 -7.2134e-18)
(-3.30662 2.59084 3.36172e-18)
(-3.11865 2.70908 -1.17306e-17)
(-2.94168 2.79808 -1.7373e-19)
(-2.78322 2.86821 -4.24586e-19)
(-2.64084 2.93199 2.7721e-19)
(-2.51015 2.99396 1.14398e-17)
(-3.88282 0.347266 -6.58626e-18)
(-4.02787 0.817302 4.06064e-18)
(-4.05073 1.30685 -6.18279e-18)
(-3.95813 1.74882 -4.4029e-18)
(-3.77908 2.07755 -8.17919e-18)
(-3.56615 2.30011 -4.34627e-18)
(-3.34973 2.45654 -6.42029e-18)
(-3.14355 2.57451 1.06564e-17)
(-2.95194 2.66886 0)
(-2.77834 2.74767 9.28766e-18)
(-2.62149 2.81871 -1.30356e-17)
(-2.47844 2.88577 4.36627e-18)
(-4.0681 0.543244 -3.14512e-18)
(-4.27587 0.950678 -5.38954e-18)
(-4.23127 1.34611 7.60802e-18)
(-4.09479 1.694 0)
(-3.88121 1.96359 -4.20215e-18)
(-3.64198 2.16413 6.35847e-18)
(-3.40366 2.31747 -3.17979e-19)
(-3.17807 2.44029 1.23148e-19)
(-2.96932 2.54235 -5.17674e-18)
(-2.77942 2.62972 -9.75292e-18)
(-2.60757 2.70772 4.3673e-18)
(-2.45154 2.77972 -4.42315e-18)
(-4.24027 0.696686 2.16611e-18)
(-4.51319 1.03423 0)
(-4.39282 1.32663 0)
(-4.2137 1.59614 0)
(-3.97027 1.82418 3.43388e-18)
(-3.7073 2.01228 0)
(-3.44852 2.16758 -4.08232e-19)
(-3.20453 2.29787 1.15402e-17)
(-2.9793 2.40896 2.78785e-19)
(-2.77432 2.50518 4.93472e-18)
(-2.5889 2.59025 -4.97133e-18)
(-2.42103 2.66731 1.46866e-17)
(-4.50398 0.822967 7.30663e-20)
(-4.71605 1.0266 7.47693e-18)
(-4.49107 1.22031 -2.28983e-18)
(-4.2529 1.44006 0)
(-3.98212 1.64359 0)
(-3.70306 1.82655 0)
(-3.43374 1.98808 0)
(-3.18155 2.12923 6.05608e-18)
(-2.9493 2.25223 -2.32004e-17)
(-2.7377 2.35958 -1.14454e-17)
(-2.54595 2.45379 1.10219e-17)
(-2.37215 2.5377 5.88875e-18)
(-4.56662 0.972863 -6.54028e-18)
(-4.68955 0.935645 -4.33982e-18)
(-4.37835 1.02314 -2.59908e-18)
(-4.08419 1.20726 0)
(-3.81149 1.40024 0)
(-3.54556 1.5884 7.27218e-18)
(-3.29375 1.76315 -1.34294e-17)
(-3.0585 1.92069 2.55106e-17)
(-2.84036 2.06008 1.80311e-17)
(-2.63969 2.18244 1.12826e-17)
(-2.45607 2.28914 -1.09629e-17)
(-2.28788 2.38294 6.34874e-19)
(-4.18545 0.398771 -1.86015e-18)
(-4.11278 0.564816 0)
(-3.81195 0.692679 3.85934e-18)
(-3.56483 0.888041 -1.18185e-17)
(-3.37054 1.10175 1.0705e-17)
(-3.17846 1.31087 3.63129e-19)
(-2.9896 1.50512 5.99683e-18)
(-2.80627 1.68151 -5.59008e-18)
(-2.62977 1.83881 -2.85324e-17)
(-2.46231 1.97782 0)
(-2.30492 2.09868 0)
(-2.15707 2.20428 4.97148e-19)
(-2.27645 3.67914 -6.30977e-19)
(-2.22099 3.91009 -4.49224e-19)
(-2.11561 4.05432 -1.58178e-19)
(-1.97243 4.14575 -5.95566e-19)
(-1.81383 4.15163 1.73986e-19)
(-1.62557 4.10842 7.76483e-20)
(-1.43557 3.97509 -5.0767e-19)
(-1.23529 3.77437 1.35402e-18)
(-1.03094 3.48753 -6.69729e-19)
(-0.789983 3.10801 -1.15534e-19)
(-0.379547 2.68279 0)
(0.21722 2.54024 0)
(-2.80785 3.33212 3.8093e-18)
(-2.75058 3.43425 -1.74885e-18)
(-2.6591 3.53186 -8.9545e-19)
(-2.53081 3.62726 0)
(-2.36931 3.70564 -1.43602e-18)
(-2.20617 3.74484 0)
(-2.04706 3.73847 -6.45477e-19)
(-1.90096 3.68075 1.59769e-18)
(-1.78796 3.56893 0)
(-1.68247 3.32628 1.45589e-18)
(-1.54261 3.05068 -1.73333e-18)
(-1.02913 3.19066 2.51789e-19)
(-2.52664 3.40699 1.55396e-18)
(-2.43561 3.48408 -4.25529e-18)
(-2.33857 3.55658 1.18386e-18)
(-2.23795 3.61847 0)
(-2.13851 3.66048 1.27633e-18)
(-2.04375 3.67726 3.21941e-18)
(-1.96468 3.6632 -4.40952e-18)
(-1.91152 3.61936 2.02557e-18)
(-1.88722 3.55329 -8.87818e-19)
(-1.87758 3.41686 0)
(-1.86641 3.19923 0)
(-1.74571 3.41138 -1.51794e-19)
(-2.50228 3.28303 -3.06311e-18)
(-2.40657 3.34148 2.5628e-18)
(-2.31063 3.39831 2.98341e-18)
(-2.21601 3.44964 -1.6295e-18)
(-2.12746 3.4906 -3.03655e-18)
(-2.05092 3.51711 0)
(-1.99404 3.52563 1.6037e-19)
(-1.96668 3.51903 3.23903e-18)
(-1.96941 3.4943 -2.48753e-18)
(-2.02534 3.42667 9.8408e-19)
(-2.10812 3.24903 -5.65774e-20)
(-2.15737 3.54697 -5.90826e-19)
(-2.4401 3.16421 3.40466e-18)
(-2.33499 3.22311 -1.76285e-18)
(-2.23521 3.28035 3.16851e-18)
(-2.14258 3.3333 -1.69923e-18)
(-2.06101 3.37948 0)
(-1.99545 3.4175 0)
(-1.95441 3.44595 -1.38612e-18)
(-1.94494 3.46424 -3.4409e-18)
(-1.97578 3.47917 1.84219e-18)
(-2.06287 3.47544 1.22134e-18)
(-2.20491 3.36038 -1.07491e-18)
(-2.40201 3.7727 0)
(-2.38969 3.0546 -2.42293e-19)
(-2.27796 3.11484 -7.21245e-18)
(-2.17467 3.17382 0)
(-2.08126 3.23044 3.32831e-18)
(-2.00088 3.28391 -3.30448e-18)
(-1.93803 3.33407 0)
(-1.8989 3.38184 -1.33374e-19)
(-1.89075 3.42934 -1.48073e-19)
(-1.92436 3.47873 0)
(-2.0167 3.53247 -2.36708e-18)
(-2.20415 3.47846 1.09874e-18)
(-2.52299 3.93767 -6.11498e-19)
(-2.34749 2.95028 -4.16239e-18)
(-2.22726 3.01339 1.1293e-17)
(-2.11742 3.07539 0)
(-2.01897 3.13649 -3.58844e-18)
(-1.93433 3.19731 3.5368e-18)
(-1.86717 3.25921 3.49959e-18)
(-1.82269 3.32463 -3.87239e-18)
(-1.80768 3.3972 -1.83333e-18)
(-1.83308 3.48051 0)
(-1.91836 3.58102 -1.50502e-18)
(-2.10496 3.60222 1.49327e-18)
(-2.50895 4.09716 0)
(-2.30941 2.84762 8.47797e-18)
(-2.17959 2.91312 -7.98895e-18)
(-2.06145 2.97743 8.17268e-18)
(-1.95539 3.04183 -7.80709e-18)
(-1.86298 3.1081 5.49409e-22)
(-1.78685 3.17884 3.77182e-18)
(-1.73079 3.25807 3.53565e-18)
(-1.70062 3.35151 0)
(-1.70651 3.46504 -2.131e-18)
(-1.76925 3.61087 4.81597e-18)
(-1.94136 3.7092 -1.45123e-18)
(-2.39048 4.20306 0)
(-2.26864 2.73847 4.61865e-18)
(-2.12963 2.80594 1.76431e-19)
(-2.00297 2.87164 -4.17619e-18)
(-1.88829 2.93767 0)
(-1.78629 3.00668 0)
(-1.69846 3.08228 0)
(-1.62674 3.16994 0)
(-1.57519 3.27777 -4.15292e-18)
(-1.55165 3.41483 1.94851e-18)
(-1.57629 3.60046 2.83273e-19)
(-1.71225 3.77888 0)
(-2.13108 4.26115 0)
(-2.21422 2.61332 -5.00653e-18)
(-2.0695 2.68335 -1.47572e-17)
(-1.93676 2.75014 0)
(-1.81495 2.81629 4.92451e-18)
(-1.70387 2.88497 9.20791e-18)
(-1.6039 2.96073 0)
(-1.5148 3.05027 0)
(-1.43807 3.16355 1.80248e-18)
(-1.37741 3.3135 -6.5252e-18)
(-1.3496 3.52963 2.2653e-19)
(-1.41074 3.77028 0)
(-1.72001 4.24792 0)
(-2.13374 2.46517 -5.66154e-18)
(-1.99037 2.53905 -5.84632e-18)
(-1.85702 2.60708 1.05274e-17)
(-1.7321 2.67209 -1.47117e-17)
(-1.61498 2.73742 5.25387e-18)
(-1.50509 2.808 9.64492e-18)
(-1.39991 2.89199 -2.43095e-18)
(-1.29766 2.9996 2.11141e-18)
(-1.19577 3.14773 4.2537e-18)
(-1.10552 3.37427 -4.71578e-18)
(-1.03827 3.6482 -1.84013e-18)
(-1.02259 4.11774 0)
(-2.01878 2.29423 -4.93374e-19)
(-1.88585 2.37231 1.01282e-17)
(-1.7593 2.44078 -9.97362e-18)
(-1.63717 2.50231 0)
(-1.51893 2.56077 -9.63377e-18)
(-1.40362 2.62082 -1.47103e-17)
(-1.28708 2.69177 -2.19473e-19)
(-1.16439 2.7818 0)
(-1.02534 2.90998 0)
(-0.871243 3.10411 1.12122e-18)
(-0.646593 3.38763 9.19949e-21)
(0.0357178 3.71822 2.33968e-18)
(0.143463 2.63812 5.69814e-19)
(0.235564 2.73697 2.28449e-18)
(0.432172 2.78055 1.26688e-19)
(0.642224 2.77471 0)
(0.859514 2.73511 5.58379e-18)
(1.06956 2.66129 -5.24609e-18)
(1.26734 2.5647 -1.55923e-17)
(1.45073 2.45441 -1.03834e-17)
(1.61786 2.33708 -7.67317e-21)
(1.76846 2.21801 -4.98818e-18)
(1.90025 2.1002 1.0044e-17)
(2.01579 1.98432 -9.62563e-18)
(0.173881 2.24391 0)
(0.30323 2.23643 0)
(0.439027 2.24589 -2.22578e-18)
(0.583871 2.24457 4.52973e-18)
(0.747138 2.23299 -1.12287e-17)
(0.920377 2.20322 -6.78772e-18)
(1.09602 2.15668 8.84953e-18)
(1.26858 2.09705 2.23217e-17)
(1.43268 2.02806 -4.47509e-18)
(1.58529 1.9534 0)
(1.72024 1.87502 2.45286e-19)
(1.839 1.79307 0)
(0.139512 2.00362 -4.45295e-19)
(0.256032 1.97236 4.59114e-19)
(0.385461 1.9506 3.75877e-18)
(0.519855 1.9286 3.85187e-20)
(0.666487 1.90735 3.83384e-18)
(0.822895 1.88164 -6.63723e-20)
(0.984408 1.84996 0)
(1.1467 1.81276 -3.92968e-18)
(1.30399 1.77028 -4.03529e-18)
(1.45157 1.72348 1.23471e-17)
(1.58 1.67187 -1.23145e-17)
(1.68915 1.61475 8.46413e-18)
(0.10655 1.79384 -8.08824e-19)
(0.220645 1.76721 1.64996e-18)
(0.343532 1.74427 2.99511e-20)
(0.471491 1.72365 -3.40602e-18)
(0.610902 1.70547 -6.99699e-18)
(0.761359 1.68647 -4.90259e-20)
(0.919288 1.66406 -7.24851e-18)
(1.07973 1.63651 3.68527e-18)
(1.23504 1.60194 -3.73159e-18)
(1.37683 1.55951 -7.55735e-18)
(1.49128 1.5078 0)
(1.57252 1.44727 7.92661e-18)
(2.11084 1.87208 9.5514e-18)
(2.18986 1.75699 9.82293e-18)
(2.2547 1.64358 0)
(2.30772 1.52958 0)
(2.35409 1.41529 4.60282e-18)
(2.39848 1.29988 -4.50583e-18)
(2.45102 1.17872 2.13483e-18)
(2.51617 1.04559 6.53633e-18)
(2.61126 0.88667 0)
(2.72484 0.691365 0)
(2.91658 0.398745 5.8919e-19)
(2.77507 -0.247435 -1.53219e-18)
(1.93011 1.70963 -9.1523e-18)
(2.00026 1.61326 2.88531e-19)
(2.05165 1.51489 0)
(2.08745 1.41139 -4.33298e-18)
(2.11496 1.30443 -6.35681e-21)
(2.13972 1.19325 4.14296e-18)
(2.17298 1.07372 0)
(2.21682 0.939188 -4.05864e-18)
(2.2888 0.779775 0)
(2.35884 0.58003 -3.93572e-18)
(2.48833 0.343487 -1.89247e-18)
(2.40489 -0.103 -1.51625e-26)
(1.75686 1.55224 -2.49571e-19)
(1.79977 1.46583 -8.1165e-18)
(1.82329 1.37842 0)
(1.83238 1.28418 8.035e-18)
(1.83699 1.18611 3.86885e-18)
(1.8438 1.08253 1.13257e-21)
(1.86425 0.969749 -9.3043e-18)
(1.89831 0.839427 1.09258e-17)
(1.96262 0.686842 -1.78441e-18)
(2.02037 0.494199 7.971e-18)
(2.12141 0.299124 2.51658e-18)
(2.09982 -0.013373 -4.42322e-19)
(1.58096 1.38112 2.32529e-17)
(1.57005 1.29087 0)
(1.55461 1.21062 0)
(1.53502 1.12781 -7.08873e-18)
(1.52278 1.04561 -7.05618e-18)
(1.52393 0.959064 6.87995e-18)
(1.54718 0.863272 1.3347e-17)
(1.58995 0.747285 -6.52855e-18)
(1.66226 0.609274 3.24402e-18)
(1.72948 0.431476 -3.21688e-18)
(1.81885 0.255613 -1.56412e-18)
(1.84051 0.0218124 -3.97114e-19)
(2.63818 -0.143435 -1.13955e-18)
(2.73704 -0.235558 0)
(2.78061 -0.432189 1.26694e-19)
(2.77476 -0.642253 0)
(2.73515 -0.859546 0)
(2.66131 -1.06959 5.24566e-18)
(2.56471 -1.26737 0)
(2.45441 -1.45076 1.00376e-17)
(2.33707 -1.61789 9.88548e-18)
(2.21799 -1.76848 1.01141e-17)
(2.10017 -1.90026 -4.94649e-18)
(1.98429 -2.01579 -5.07611e-18)
(2.24397 -0.173863 -5.37915e-19)
(2.23649 -0.303223 -5.48395e-19)
(2.24595 -0.439034 -1.10418e-18)
(2.24462 -0.583889 0)
(2.23304 -0.747164 -2.2474e-18)
(2.20326 -0.920409 1.12823e-17)
(2.15672 -1.09606 0)
(2.09708 -1.26861 4.47195e-18)
(2.02807 -1.43272 -4.47475e-18)
(1.95341 -1.58532 -8.8438e-18)
(1.87502 -1.72026 -9.11421e-18)
(1.79306 -1.839 8.88536e-18)
(2.00365 -0.139503 -8.94297e-19)
(1.9724 -0.25603 1.37278e-18)
(1.95064 -0.385466 -2.80482e-18)
(1.92865 -0.51987 1.9064e-18)
(1.90739 -0.666511 0)
(1.88168 -0.822927 -1.55861e-17)
(1.85001 -0.984447 0)
(1.8128 -1.14674 8.01692e-18)
(1.77031 -1.30402 -4.07506e-18)
(1.72351 -1.4516 8.26402e-18)
(1.67188 -1.58002 4.05444e-18)
(1.61475 -1.68915 -8.46354e-18)
(1.79385 -0.106551 1.20952e-18)
(1.76722 -0.220651 1.64985e-18)
(1.74429 -0.343539 0)
(1.72368 -0.471507 0)
(1.70551 -0.610927 0)
(1.6865 -0.761393 1.41926e-17)
(1.66409 -0.919327 7.24797e-18)
(1.63654 -1.07977 -1.10167e-17)
(1.60196 -1.23507 1.12217e-17)
(1.55952 -1.37684 -7.55679e-18)
(1.50781 -1.49128 0)
(1.44727 -1.57249 7.66368e-18)
(1.87205 -2.11082 -9.92389e-18)
(1.75696 -2.18982 -9.82239e-18)
(1.64356 -2.25465 9.32622e-18)
(1.52956 -2.30766 -9.54616e-18)
(1.41529 -2.35401 0)
(1.29989 -2.39839 -9.17508e-18)
(1.17873 -2.45092 1.13187e-17)
(1.04561 -2.51607 -2.19851e-18)
(0.886699 -2.61115 4.2938e-18)
(0.6914 -2.72474 -1.09984e-18)
(0.39878 -2.91649 1.12624e-18)
(-0.247407 -2.77498 -7.94601e-19)
(1.70961 -1.93009 8.86359e-18)
(1.61324 -2.00022 8.78196e-18)
(1.51487 -2.0516 0)
(1.41137 -2.08737 4.17879e-18)
(1.30443 -2.11487 8.47421e-18)
(1.19326 -2.13962 4.01865e-18)
(1.07374 -2.17287 -1.62992e-17)
(0.939209 -2.21671 -4.05837e-18)
(0.779802 -2.2887 -3.98284e-18)
(0.580062 -2.35874 -9.82778e-19)
(0.34352 -2.48823 9.42039e-19)
(-0.102966 -2.40479 5.19251e-19)
(1.55223 -1.75684 0)
(1.46582 -1.79972 -1.24794e-17)
(1.37841 -1.82323 4.04725e-18)
(1.28417 -1.8323 4.07288e-18)
(1.18611 -1.83689 7.73911e-18)
(1.08254 -1.8437 -3.77824e-18)
(0.969762 -1.86414 9.17415e-18)
(0.839448 -1.8982 9.10119e-18)
(0.686868 -1.96251 1.76911e-18)
(0.49423 -2.02027 -1.76664e-18)
(0.299158 -2.12131 -4.2172e-19)
(-0.0133364 -2.09972 -3.94724e-21)
(1.38111 -1.58091 0)
(1.29086 -1.56998 -1.57411e-19)
(1.21061 -1.55453 0)
(1.12781 -1.53493 -1.43255e-17)
(1.04561 -1.52269 3.49477e-18)
(0.959072 -1.52383 -1.03016e-17)
(0.863287 -1.54709 0)
(0.747304 -1.58985 -6.52803e-18)
(0.609298 -1.66217 3.22419e-18)
(0.431505 -1.72939 -3.22035e-18)
(0.255646 -1.81876 -1.17178e-18)
(0.0218505 -1.84042 -3.96987e-19)
(-0.14339 -2.63807 -1.13946e-18)
(-0.235525 -2.73694 1.19786e-19)
(-0.432158 -2.78048 0)
(-0.642206 -2.77461 -2.62028e-18)
(-0.859477 -2.73498 5.52327e-18)
(-1.0695 -2.66115 -8.18305e-18)
(-1.26726 -2.56456 -2.16716e-19)
(-1.45064 -2.45427 1.02426e-17)
(-1.61777 -2.33696 -5.0463e-18)
(-1.76836 -2.21791 0)
(-1.90016 -2.10011 -1.97345e-17)
(-2.01571 -1.98425 3.62391e-19)
(-0.173816 -2.24386 1.08207e-18)
(-0.303183 -2.23639 -5.29151e-19)
(-0.438991 -2.24584 4.51606e-18)
(-0.583835 -2.2445 -8.9826e-18)
(-0.747093 -2.2329 4.52863e-18)
(-0.92032 -2.20312 -1.58577e-19)
(-1.09596 -2.15657 0)
(-1.2685 -2.09694 1.34847e-17)
(-1.43261 -2.02796 -4.4745e-18)
(-1.58522 -1.95331 0)
(-1.72018 -1.87494 8.86852e-18)
(-1.83894 -1.79301 -8.88501e-18)
(-0.139459 -2.00355 -4.43935e-19)
(-0.255986 -1.9723 2.45335e-20)
(-0.385418 -1.95054 -3.71618e-18)
(-0.519811 -1.92854 3.77803e-18)
(-0.666438 -1.90728 -3.83328e-18)
(-0.822841 -1.88157 1.16844e-17)
(-0.984352 -1.84989 1.18697e-17)
(-1.14664 -1.81269 -3.92914e-18)
(-1.30394 -1.77021 4.0868e-18)
(-1.45154 -1.72342 0)
(-1.57998 -1.67182 -8.36993e-18)
(-1.68914 -1.61472 0)
(-0.106506 -1.79375 -1.61749e-18)
(-0.220605 -1.76713 -3.28248e-18)
(-0.34349 -1.7442 3.36687e-18)
(-0.471448 -1.72359 -1.70428e-18)
(-0.610856 -1.70542 3.48232e-18)
(-0.761312 -1.68641 -1.2388e-17)
(-0.919245 -1.66401 -7.19895e-18)
(-1.0797 -1.63647 7.35571e-18)
(-1.23502 -1.60191 -1.11731e-17)
(-1.37683 -1.55949 0)
(-1.4913 -1.5078 7.64352e-18)
(-1.57255 -1.44728 -1.55894e-17)
(-2.11076 -1.87203 1.48008e-17)
(-2.1898 -1.75695 -4.82477e-18)
(-2.25465 -1.64355 0)
(-2.30768 -1.52955 -9.18419e-18)
(-2.35406 -1.41527 0)
(-2.39846 -1.29986 0)
(-2.45101 -1.17868 -4.38098e-18)
(-2.51617 -1.04554 0)
(-2.61127 -0.886607 0)
(-2.72487 -0.691295 -4.4579e-20)
(-2.9166 -0.398667 2.27755e-18)
(-2.77509 0.247509 1.58924e-18)
(-1.93006 -1.70958 -8.86328e-18)
(-2.00022 -1.61322 0)
(-2.05162 -1.51486 0)
(-2.08742 -1.41136 -4.33255e-18)
(-2.11494 -1.30441 4.23378e-18)
(-2.13972 -1.19322 0)
(-2.17299 -1.07369 -6.20521e-18)
(-2.21686 -0.93914 -2.00324e-18)
(-2.28885 -0.779714 0)
(-2.3589 -0.579965 -1.009e-18)
(-2.48838 -0.343414 -2.35555e-18)
(-2.40494 0.103073 -5.16854e-19)
(-1.75685 -1.55222 8.47316e-18)
(-1.79975 -1.46582 -4.12143e-18)
(-1.82329 -1.3784 -8.22106e-18)
(-1.83238 -1.28416 3.96322e-18)
(-1.837 -1.18609 -7.83348e-18)
(-1.84383 -1.08251 0)
(-1.8643 -0.969715 1.47786e-17)
(-1.89839 -0.839382 0)
(-1.96271 -0.686784 1.79761e-18)
(-2.02047 -0.494139 8.81485e-19)
(-2.12151 -0.299058 1.26216e-18)
(-2.09991 0.0134382 1.23515e-22)
(-1.58098 -1.38113 -7.64225e-18)
(-1.57007 -1.29088 0)
(-1.55464 -1.21064 7.25749e-18)
(-1.53506 -1.12782 -1.08236e-17)
(-1.52284 -1.04561 1.74818e-17)
(-1.52402 -0.959055 -6.87917e-18)
(-1.5473 -0.863249 -1.33456e-17)
(-1.59008 -0.747245 0)
(-1.6624 -0.609218 0)
(-1.72962 -0.431417 0)
(-1.81898 -0.255552 -1.56283e-18)
(-1.84062 -0.0217531 -1.19535e-18)
(-2.6382 0.14349 -5.34382e-20)
(-2.73708 0.235604 5.95327e-19)
(-2.78067 0.432228 0)
(-2.77482 0.642294 5.53259e-18)
(-2.7352 0.859588 -2.6311e-18)
(-2.66136 1.06963 -7.93228e-18)
(-2.56475 1.2674 -5.21635e-18)
(-2.45444 1.45078 5.12804e-18)
(-2.3371 1.6179 9.88521e-18)
(-2.21801 1.76847 1.01138e-17)
(-2.10019 1.90023 -1.00431e-17)
(-1.9843 2.01575 -9.62472e-18)
(-2.24401 0.173919 -1.65516e-26)
(-2.23655 0.303268 2.22502e-18)
(-2.24602 0.439076 4.5163e-18)
(-2.2447 0.583932 0)
(-2.23312 0.747209 4.52887e-18)
(-2.20334 0.920453 0)
(-2.15679 1.0961 4.47337e-18)
(-2.09714 1.26864 -5.22727e-21)
(-2.02813 1.43273 -1.35006e-17)
(-1.95346 1.58532 -8.84359e-18)
(-1.87506 1.72024 8.86869e-18)
(-1.79309 1.83897 9.15384e-18)
(-2.00373 0.139562 4.48991e-19)
(-1.97248 0.256085 -4.56785e-18)
(-1.95073 0.385518 -6.53754e-18)
(-1.92874 0.519921 -1.89895e-18)
(-1.90748 0.666561 -1.1563e-17)
(-1.88177 0.822973 5.88006e-18)
(-1.85009 0.984485 3.66079e-21)
(-1.81288 1.14676 3.99388e-18)
(-1.77038 1.30404 -1.14927e-19)
(-1.72357 1.4516 0)
(-1.67194 1.58 0)
(-1.6148 1.68912 2.24432e-19)
(-1.79394 0.106607 4.08051e-19)
(-1.76731 0.220706 1.63276e-18)
(-1.74438 0.343594 3.337e-18)
(-1.72376 0.47156 -3.43408e-18)
(-1.70559 0.610977 1.39407e-17)
(-1.68658 0.761436 -7.07164e-18)
(-1.66416 0.919359 0)
(-1.63661 1.07978 7.37921e-18)
(-1.60202 1.23507 7.44223e-18)
(-1.55958 1.37682 0)
(-1.50786 1.49124 0)
(-1.44731 1.57244 -2.32532e-17)
(-1.87206 2.11077 9.55051e-18)
(-1.75697 2.18977 -9.82202e-18)
(-1.64357 2.25459 -1.44611e-17)
(-1.52957 2.3076 -6.99145e-21)
(-1.41529 2.35396 9.33179e-18)
(-1.29989 2.39835 2.25263e-17)
(-1.17873 2.4509 4.38117e-18)
(-1.0456 2.51606 -4.48102e-18)
(-0.886683 2.61116 0)
(-0.691372 2.72477 -4.45791e-20)
(-0.398736 2.91652 0)
(0.247474 2.77502 -7.94661e-19)
(-1.70964 1.93005 0)
(-1.61326 2.00018 -2.88504e-19)
(-1.51489 2.05155 8.66288e-18)
(-1.41139 2.08733 -1.31209e-17)
(-1.30444 2.11484 -1.26841e-17)
(-1.19326 2.1396 -8.16129e-18)
(-1.07374 2.17287 1.03046e-17)
(-0.9392 2.21673 6.02353e-18)
(-0.779782 2.28874 -3.98296e-18)
(-0.580031 2.35879 1.94371e-18)
(-0.343477 2.48829 0)
(0.10303 2.40486 0)
(-1.55227 1.7568 -8.47314e-18)
(-1.46585 1.79968 3.9943e-18)
(-1.37843 1.82319 -4.17149e-18)
(-1.28419 1.83228 3.84963e-18)
(-1.18612 1.83689 1.15032e-17)
(-1.08255 1.84371 0)
(-0.969764 1.86417 1.38368e-19)
(-0.839439 1.89826 -3.60601e-18)
(-0.686846 1.96258 -2.85614e-20)
(-0.494197 2.02035 -3.54653e-18)
(-0.299115 2.12141 4.21746e-19)
(0.013392 2.09982 -4.42197e-19)
(-1.38115 1.58086 -7.96633e-18)
(-1.29089 1.56994 0)
(-1.21064 1.55451 7.25778e-18)
(-1.12784 1.53493 -1.08241e-17)
(-1.04563 1.52271 3.50814e-18)
(-0.959089 1.52388 0)
(-0.863294 1.54716 9.75018e-20)
(-0.747299 1.58994 6.59738e-18)
(-0.609278 1.66228 3.22437e-18)
(-0.431474 1.7295 -3.70583e-21)
(-0.255604 1.81888 0)
(-0.0217997 1.84054 7.96273e-19)
(0.0914242 1.58834 1.11767e-18)
(0.204177 1.58667 2.22998e-20)
(0.330078 1.58777 -4.89316e-18)
(0.465726 1.59307 0)
(0.615241 1.5985 7.70847e-18)
(0.77415 1.59825 1.82856e-17)
(0.934692 1.58723 2.62209e-17)
(1.08641 1.56121 0)
(1.2163 1.51756 0)
(1.3108 1.45656 -5.28481e-18)
(1.35614 1.38172 5.23111e-18)
(1.34369 1.30045 -2.09528e-17)
(0.0869204 1.40495 -5.69261e-19)
(0.200301 1.42127 1.80831e-18)
(0.324914 1.439 -6.26949e-18)
(0.460326 1.45925 0)
(0.607051 1.47578 1.06324e-17)
(0.758568 1.48176 -1.06408e-17)
(0.904871 1.4712 -5.32663e-18)
(1.03326 1.43976 7.40994e-21)
(1.12995 1.3864 -5.44287e-18)
(1.18294 1.31449 0)
(1.18359 1.23327 0)
(1.13233 1.15567 2.22143e-17)
(0.0931363 1.2345 0)
(0.204683 1.25961 -2.39302e-18)
(0.326183 1.28443 5.00421e-18)
(0.45706 1.30874 2.62145e-18)
(0.594661 1.3259 -1.62197e-17)
(0.73053 1.32962 8.27122e-18)
(0.853358 1.3148 -1.68553e-17)
(0.950296 1.27859 5.72286e-18)
(1.00954 1.22197 1.45566e-20)
(1.02378 1.15074 2.9682e-20)
(0.991426 1.07814 -3.17606e-17)
(0.925982 1.02569 -2.61141e-17)
(0.10305 1.07098 0)
(0.210069 1.0973 4.80463e-18)
(0.325074 1.12132 0)
(0.446392 1.14185 1.05213e-17)
(0.568987 1.15295 0)
(0.683149 1.14957 5.74301e-18)
(0.777123 1.12799 2.36551e-17)
(0.838909 1.08657 -6.19522e-18)
(0.859203 1.02619 0)
(0.835931 0.950633 0)
(0.771692 0.869453 -8.25132e-18)
(0.702545 0.846678 8.1e-18)
(1.25933 1.21021 -2.09399e-17)
(1.21967 1.10251 -5.1526e-18)
(1.19626 1.03824 2.54925e-17)
(1.1824 0.971757 -1.48129e-17)
(1.19179 0.908414 1.90207e-17)
(1.22478 0.838073 -1.84589e-17)
(1.28311 0.753563 -2.23821e-17)
(1.36082 0.644823 0)
(1.45207 0.510693 -4.2488e-18)
(1.5313 0.347008 0)
(1.59938 0.186373 0)
(1.61285 0.0117132 -1.08286e-18)
(1.0048 1.06667 0)
(0.969388 0.937482 0)
(0.956271 0.886383 -1.93479e-17)
(0.953666 0.834727 4.67697e-18)
(0.977372 0.785272 4.55349e-18)
(1.02435 0.727993 -5.56025e-20)
(1.09334 0.65593 1.07694e-17)
(1.17664 0.561147 6.40594e-18)
(1.26439 0.442828 0)
(1.33718 0.301518 0)
(1.39033 0.162309 -5.2676e-19)
(1.40708 0.0177011 2.72029e-18)
(0.760106 0.96838 0)
(0.751302 0.809304 -5.09588e-18)
(0.760972 0.767628 -1.44232e-17)
(0.773223 0.727921 1.84604e-17)
(0.808665 0.686037 1.79135e-17)
(0.863286 0.634358 4.33882e-18)
(0.934671 0.567639 -6.42264e-18)
(1.01481 0.480646 -6.29897e-18)
(1.09374 0.374007 8.41862e-18)
(1.15706 0.251184 0)
(1.20138 0.13054 5.31211e-19)
(1.22218 0.00815346 1.65708e-18)
(0.52355 0.874272 -3.36291e-17)
(0.555964 0.6804 -2.24233e-17)
(0.59655 0.654601 1.95984e-17)
(0.624213 0.630494 -2.30974e-17)
(0.667568 0.596564 4.53518e-18)
(0.724825 0.549911 0)
(0.793633 0.488111 -2.17189e-18)
(0.866761 0.408534 3.54169e-21)
(0.935731 0.313053 -6.31063e-18)
(0.990287 0.206092 0)
(1.02886 0.100642 -3.76128e-18)
(1.05201 -0.00619427 -4.98709e-18)
(1.58834 -0.0914403 -2.24462e-18)
(1.58667 -0.204188 -2.33719e-18)
(1.58779 -0.330087 0)
(1.59309 -0.465742 0)
(1.59852 -0.615261 7.81656e-18)
(1.59827 -0.774172 -7.7734e-18)
(1.58724 -0.93471 1.03541e-19)
(1.5612 -1.08641 1.57077e-17)
(1.51754 -1.21628 -5.15561e-18)
(1.45654 -1.31077 5.28437e-18)
(1.38169 -1.35609 -2.62794e-17)
(1.30043 -1.34363 0)
(1.40494 -0.0869472 1.7052e-18)
(1.42127 -0.200315 1.79782e-18)
(1.439 -0.324923 -5.01599e-18)
(1.45925 -0.460337 -2.60018e-18)
(1.47577 -0.607062 -7.87656e-18)
(1.48175 -0.758575 0)
(1.47118 -0.904868 -1.6098e-17)
(1.43973 -1.03324 -5.44561e-18)
(1.38637 -1.12991 -1.08582e-17)
(1.31445 -1.18289 0)
(1.23324 -1.18353 2.21666e-17)
(1.15564 -1.13227 0)
(1.23448 -0.0931741 1.15147e-18)
(1.25959 -0.204699 -4.79917e-18)
(1.28442 -0.326192 5.0034e-18)
(1.30872 -0.457065 2.62103e-18)
(1.32588 -0.594661 -5.42063e-18)
(1.32959 -0.730522 2.76267e-18)
(1.31476 -0.853338 0)
(1.27855 -0.950261 5.68071e-18)
(1.22192 -1.00949 5.87403e-18)
(1.1507 -1.02372 6.11871e-18)
(1.0781 -0.991369 -3.17589e-17)
(1.02566 -0.925932 0)
(1.07096 -0.103095 -2.30197e-18)
(1.09726 -0.210086 7.19591e-18)
(1.12129 -0.32508 0)
(1.14182 -0.446391 -1.05196e-17)
(1.15291 -0.568978 0)
(1.14953 -0.68313 -5.74243e-18)
(1.12794 -0.777091 -5.92823e-18)
(1.08652 -0.838866 3.09422e-17)
(1.02615 -0.859151 1.05854e-20)
(0.950593 -0.835877 -7.24589e-18)
(0.869421 -0.771645 3.32711e-17)
(0.846656 -0.702511 -3.21879e-17)
(1.2102 -1.25927 0)
(1.1025 -1.21961 -1.03707e-17)
(1.03824 -1.19618 0)
(0.971758 -1.18232 4.87072e-18)
(0.90842 -1.1917 4.78038e-18)
(0.838085 -1.2247 2.30404e-17)
(0.75358 -1.28302 6.74177e-18)
(0.644845 -1.36073 -2.18589e-18)
(0.510719 -1.45198 4.2942e-18)
(0.347039 -1.53122 -3.45426e-20)
(0.18641 -1.59929 2.07429e-18)
(0.0117528 -1.61276 0)
(1.06665 -1.00474 5.52214e-18)
(0.937474 -0.969322 -1.02185e-17)
(0.886381 -0.956201 4.83311e-18)
(0.834732 -0.953592 0)
(0.785282 -0.977294 9.11974e-18)
(0.728008 -1.02427 -8.82137e-18)
(0.655948 -1.09325 -1.72848e-17)
(0.561169 -1.17656 0)
(0.442854 -1.26431 -4.17984e-18)
(0.301549 -1.3371 -3.9225e-20)
(0.162344 -1.39025 -5.26703e-19)
(0.0177396 -1.407 5.45975e-19)
(0.968364 -0.760055 0)
(0.809299 -0.751242 -8.72615e-20)
(0.76763 -0.760907 -1.9205e-17)
(0.727929 -0.773155 1.84573e-17)
(0.686051 -0.808594 -8.91787e-18)
(0.634374 -0.863212 -4.35464e-18)
(0.567659 -0.934596 1.06565e-17)
(0.480669 -1.01473 8.4651e-18)
(0.374033 -1.09366 2.10117e-18)
(0.251215 -1.15699 4.18894e-18)
(0.130575 -1.20131 0)
(0.00818957 -1.22212 1.10424e-18)
(0.874259 -0.523506 -3.36266e-17)
(0.680401 -0.555912 1.66508e-17)
(0.654607 -0.596492 4.41718e-17)
(0.630506 -0.624151 -2.30932e-17)
(0.59658 -0.667503 -1.34428e-17)
(0.54993 -0.724758 -1.31142e-17)
(0.488133 -0.793567 -4.28011e-18)
(0.408558 -0.866696 -8.44912e-18)
(0.31308 -0.935669 0)
(0.206122 -0.990229 1.05649e-18)
(0.100675 -1.02881 -1.07397e-18)
(-0.0061614 -1.05197 -2.21588e-18)
(-0.0913976 -1.58825 2.23493e-18)
(-0.204144 -1.58659 2.33697e-18)
(-0.330038 -1.58771 -4.8919e-18)
(-0.465685 -1.59302 0)
(-0.615201 -1.59846 2.57948e-18)
(-0.774118 -1.59823 7.88169e-18)
(-0.934677 -1.58723 0)
(-1.08642 -1.56122 1.05419e-17)
(-1.21634 -1.51759 0)
(-1.31087 -1.4566 2.63567e-17)
(-1.35622 -1.38177 -1.05203e-17)
(-1.34378 -1.30051 2.61742e-17)
(-0.0869068 -1.40487 -5.69142e-19)
(-0.200274 -1.4212 2.99407e-18)
(-0.324883 -1.43895 -5.01555e-18)
(-0.460297 -1.45921 -7.86262e-18)
(-0.60703 -1.47576 -1.05152e-20)
(-0.758564 -1.48177 -1.3319e-17)
(-0.904892 -1.47123 -1.61947e-17)
(-1.03331 -1.43982 -1.62176e-17)
(-1.13003 -1.38648 -2.18472e-17)
(-1.18306 -1.31457 -2.19682e-17)
(-1.18372 -1.23337 0)
(-1.13246 -1.15577 0)
(-0.0931379 -1.23443 2.30272e-18)
(-0.204666 -1.25955 -3.59016e-18)
(-0.326164 -1.28439 6.26084e-18)
(-0.457046 -1.30872 -6.76732e-20)
(-0.594663 -1.32591 1.08669e-17)
(-0.730555 -1.32965 5.54772e-18)
(-0.853415 -1.31485 1.6791e-17)
(-0.950387 -1.27868 4.00297e-17)
(-1.00966 -1.22207 1.75808e-17)
(-1.02392 -1.15086 -2.4412e-17)
(-0.991578 -1.07826 0)
(-0.926134 -1.02582 0)
(-0.103065 -1.07093 -4.60352e-18)
(-0.210062 -1.09725 1.19648e-18)
(-0.325068 -1.12129 -1.25469e-18)
(-0.446397 -1.14185 1.30941e-17)
(-0.569012 -1.15297 -1.37815e-17)
(-0.683202 -1.14962 -5.6706e-18)
(-0.777209 -1.12806 1.64138e-20)
(-0.839027 -1.08667 6.22903e-18)
(-0.859347 -1.0263 -2.63814e-17)
(-0.836089 -0.950749 2.90087e-17)
(-0.771849 -0.869573 -3.3178e-17)
(-0.702703 -0.846817 0)
(-1.2594 -1.21028 -2.10732e-17)
(-1.21976 -1.10256 -5.15163e-18)
(-1.19636 -1.03829 5.08846e-18)
(-1.18252 -0.971794 -5.01301e-18)
(-1.19192 -0.908437 -4.69444e-18)
(-1.22493 -0.838079 -9.90283e-20)
(-1.28327 -0.753549 1.11266e-17)
(-1.36098 -0.644792 -2.1856e-18)
(-1.45222 -0.51065 0)
(-1.53144 -0.346963 0)
(-1.5995 -0.186331 2.07405e-18)
(-1.61295 -0.01167 2.15098e-18)
(-1.00491 -1.06677 4.41992e-17)
(-0.969501 -0.937558 0)
(-0.956403 -0.88645 0)
(-0.953813 -0.834781 9.35984e-18)
(-0.977529 -0.785309 -4.57495e-18)
(-1.02451 -0.72801 4.38907e-18)
(-1.0935 -0.655925 0)
(-1.17679 -0.561123 -6.40937e-18)
(-1.26452 -0.442791 -2.10526e-18)
(-1.33729 -0.301477 4.20788e-18)
(-1.39043 -0.16227 -2.64156e-18)
(-1.40716 -0.017663 -5.40998e-19)
(-0.760217 -0.968512 -2.48413e-17)
(-0.751426 -0.809391 1.53058e-17)
(-0.761115 -0.7677 4.78332e-18)
(-0.773375 -0.727978 4.604e-18)
(-0.808821 -0.686077 4.44687e-18)
(-0.86344 -0.634377 0)
(-0.934816 -0.567639 2.13362e-18)
(-1.01494 -0.480628 4.18947e-18)
(-1.09385 -0.373977 2.10091e-18)
(-1.15715 -0.251151 -4.18846e-18)
(-1.20145 -0.130509 2.11903e-18)
(-1.22223 -0.00812381 -1.10414e-18)
(-0.523647 -0.874423 3.36226e-17)
(-0.556082 -0.680485 -2.22245e-17)
(-0.596687 -0.654669 -4.90734e-18)
(-0.624355 -0.630549 7.30242e-22)
(-0.66771 -0.596603 -1.34408e-17)
(-0.72496 -0.549931 -4.3578e-18)
(-0.793758 -0.488114 1.28473e-17)
(-0.866869 -0.408521 0)
(-0.935819 -0.31303 8.45754e-18)
(-0.990355 -0.206066 0)
(-1.02891 -0.100619 -4.29592e-18)
(-1.05205 0.00621507 2.21569e-18)
(-1.58842 0.0914861 1.13632e-18)
(-1.58675 0.204233 0)
(-1.58785 0.330131 4.93974e-18)
(-1.59315 0.465779 5.06158e-18)
(-1.59857 0.615289 -1.02864e-17)
(-1.5983 0.774184 5.28184e-18)
(-1.58727 0.934702 1.05386e-17)
(-1.56123 1.08639 5.15425e-20)
(-1.51757 1.21624 5.29862e-18)
(-1.45656 1.3107 -1.57895e-17)
(-1.38172 1.35602 -5.23079e-18)
(-1.30046 1.34357 2.09516e-17)
(-1.40501 0.0869852 -1.70252e-18)
(-1.42131 0.20035 -5.98179e-19)
(-1.43904 0.324954 -4.97345e-18)
(-1.45927 0.46036 0)
(-1.47578 0.607071 -1.3273e-17)
(-1.48175 0.758566 -7.9592e-18)
(-1.47117 0.904838 9.76406e-20)
(-1.43972 1.03319 5.42003e-18)
(-1.38636 1.12985 -1.63008e-17)
(-1.31445 1.18282 2.19703e-17)
(-1.23324 1.18345 0)
(-1.15565 1.13221 2.22139e-17)
(-1.23452 0.0932015 -2.87578e-18)
(-1.25961 0.204722 6.01216e-19)
(-1.28442 0.326207 0)
(-1.30871 0.457069 -1.05321e-17)
(-1.32586 0.594651 1.35015e-17)
(-1.32956 0.730493 1.38003e-17)
(-1.31472 0.85329 -1.6792e-17)
(-1.27852 0.950198 -2.29077e-17)
(-1.2219 1.00941 -2.35316e-17)
(-1.15068 1.02364 3.05338e-17)
(-1.0781 0.991293 -6.33475e-18)
(-1.02566 0.925875 -5.22029e-17)
(-1.07097 0.103112 4.02862e-18)
(-1.09726 0.210095 6.00461e-19)
(-1.12127 0.325081 0)
(-1.14178 0.446381 1.30938e-17)
(-1.15286 0.568952 -1.16568e-20)
(-1.14947 0.683086 -2.82679e-18)
(-1.12789 0.777032 0)
(-1.08647 0.838795 6.15423e-18)
(-1.02611 0.859073 1.97795e-17)
(-0.950569 0.835797 -3.49183e-20)
(-0.869409 0.771576 3.31844e-17)
(-0.846644 0.702468 6.47065e-17)
(-1.21023 1.25923 2.09387e-17)
(-1.10253 1.2196 5.1523e-18)
(-1.03827 1.1962 -5.0894e-18)
(-0.971793 1.18237 9.7979e-18)
(-0.90845 1.19177 0)
(-0.838106 1.22479 1.38738e-17)
(-0.753589 1.28313 -2.01468e-17)
(-0.64484 1.36086 -1.08613e-17)
(-0.5107 1.45212 0)
(-0.347009 1.53136 4.20351e-18)
(-0.186373 1.59943 0)
(-0.0117181 1.61289 -1.07327e-18)
(-1.06667 1.00472 0)
(-0.937505 0.969334 0)
(-0.886417 0.956241 0)
(-0.834768 0.953657 -4.68551e-18)
(-0.785313 0.977383 8.63722e-21)
(-0.72803 1.02438 -4.39019e-18)
(-0.655959 1.09338 8.60928e-18)
(-0.561166 1.1767 -8.53426e-18)
(-0.442838 1.26446 0)
(-0.301523 1.33725 3.16182e-18)
(-0.162317 1.3904 1.58225e-18)
(-0.0177211 1.40713 -5.46003e-19)
(-0.968365 0.76005 0)
(-0.809319 0.75127 1.53094e-17)
(-0.767658 0.76096 -8.59746e-21)
(-0.727958 0.773231 9.41541e-22)
(-0.686076 0.808691 4.47103e-18)
(-0.634392 0.863329 4.38134e-18)
(-0.567666 0.934728 6.40997e-18)
(-0.480663 1.01487 4.19049e-18)
(-0.374017 1.09381 2.10138e-18)
(-0.251192 1.15714 -4.18927e-18)
(-0.130556 1.20144 -2.13183e-18)
(-0.00818829 1.22224 0)
(-0.874246 0.523519 8.26316e-18)
(-0.680408 0.555951 -5.40839e-18)
(-0.654625 0.596553 0)
(-0.630526 0.624231 0)
(-0.596597 0.667601 -4.47082e-18)
(-0.54994 0.724872 1.80309e-20)
(-0.488134 0.793694 -1.28511e-17)
(-0.408549 0.86683 0)
(-0.313063 0.935805 -8.45953e-18)
(-0.206102 0.99036 0)
(-0.100663 1.02892 -2.15676e-18)
(0.00614784 1.05207 0)
(0.11248 0.912113 -1.15416e-18)
(0.212502 0.934139 -4.7716e-18)
(0.31785 0.951637 0)
(0.425568 0.963128 -1.04442e-17)
(0.52883 0.963819 -2.76074e-18)
(0.61702 0.950288 -1.47214e-17)
(0.67798 0.920082 6.30777e-18)
(0.699379 0.871865 0)
(0.67017 0.804448 0)
(0.582112 0.71622 9.20629e-18)
(0.405125 0.585363 3.91864e-17)
(0.162512 0.448525 0)
(0.119029 0.758176 1.15525e-18)
(0.209941 0.772407 0)
(0.303174 0.779912 -9.90674e-18)
(0.394563 0.779483 2.59327e-18)
(0.475969 0.767757 -2.76946e-18)
(0.536088 0.743197 1.78391e-17)
(0.562315 0.704999 1.30692e-17)
(0.541527 0.652908 -7.43767e-18)
(0.460193 0.585973 0)
(0.305732 0.506816 0)
(0.0319521 0.39117 0)
(-0.274876 0.367106 0)
(0.121474 0.610683 -1.16591e-18)
(0.201688 0.615319 -5.96961e-18)
(0.281196 0.611381 1.10997e-17)
(0.354872 0.598271 0)
(0.413783 0.574339 0)
(0.446422 0.540245 -5.3491e-17)
(0.440414 0.497719 3.29979e-17)
(0.383491 0.449385 0)
(0.264963 0.398048 -9.30619e-18)
(0.0818763 0.354388 2.49484e-17)
(-0.154655 0.313583 -2.12592e-17)
(-0.337325 0.336239 0)
(0.119441 0.47156 1.18105e-18)
(0.187976 0.466073 4.81385e-18)
(0.25302 0.45075 -9.88947e-18)
(0.308844 0.425731 7.75439e-18)
(0.346321 0.391306 -8.20857e-18)
(0.354458 0.350538 -5.87923e-18)
(0.322311 0.308332 -4.61555e-17)
(0.240714 0.271027 -7.62502e-18)
(0.106878 0.24569 9.3215e-18)
(-0.0666884 0.247374 4.84445e-17)
(-0.242562 0.275902 0)
(-0.358712 0.332399 0)
(0.113127 0.342675 0)
(0.169582 0.327404 0)
(0.220179 0.301625 9.99883e-18)
(0.258997 0.266287 -1.03938e-17)
(0.277293 0.223627 -1.37026e-17)
(0.265317 0.179065 5.62238e-17)
(0.214536 0.140661 1.31551e-17)
(0.120022 0.117899 3.7893e-17)
(-0.0125158 0.12014 0)
(-0.162179 0.160808 -4.68565e-17)
(-0.295802 0.231016 -7.27073e-17)
(-0.369803 0.302252 0)
(0.103048 0.22551 0)
(0.147493 0.201345 1.25689e-18)
(0.184228 0.166418 -1.28308e-18)
(0.207519 0.122571 2.6356e-18)
(0.209465 0.0737436 4.16762e-17)
(0.182081 0.0274011 -2.98107e-17)
(0.119632 -0.00579871 6.61391e-18)
(0.0210865 -0.0144422 -3.02294e-17)
(-0.101787 0.0109498 -9.06326e-18)
(-0.227052 0.0809262 1.166e-17)
(-0.330208 0.17864 7.10043e-17)
(-0.361215 0.267622 0)
(0.0898752 0.121005 0)
(0.122712 0.0891412 1.31836e-18)
(0.146522 0.0464775 -1.33946e-18)
(0.156059 -0.00422986 0)
(0.144532 -0.0577119 -2.57849e-17)
(0.105991 -0.104948 -3.02692e-18)
(0.0373292 -0.133436 -1.34602e-17)
(-0.0597446 -0.130913 -3.84982e-17)
(-0.169741 -0.0889781 3.69749e-17)
(-0.272387 0.00140246 0)
(-0.348728 0.11919 1.47285e-16)
(-0.340527 0.221309 0)
(0.0743074 0.0294992 0)
(0.0961165 -0.00874912 1.42716e-18)
(0.108083 -0.0577848 1.00736e-17)
(0.105662 -0.114024 2.93103e-18)
(0.0832591 -0.171237 2.137e-17)
(0.0369563 -0.219493 -6.46947e-18)
(-0.0341069 -0.245016 3.56001e-17)
(-0.1267 -0.235306 6.51337e-17)
(-0.222641 -0.183312 3.95009e-17)
(-0.303685 -0.0796154 1.31223e-17)
(-0.353651 0.0543603 -1.99432e-17)
(-0.306512 0.171339 0)
(0.0569523 -0.0493361 0)
(0.0683371 -0.092674 0)
(0.0695116 -0.146845 -1.31543e-17)
(0.0567265 -0.207605 0)
(0.025534 -0.268214 1.49101e-20)
(-0.0260101 -0.318222 -7.29675e-18)
(-0.0969762 -0.343106 8.01965e-18)
(-0.18361 -0.330313 -3.67946e-17)
(-0.264774 -0.273889 -1.11804e-17)
(-0.324024 -0.162611 1.35081e-16)
(-0.346056 -0.0146109 -1.8793e-16)
(-0.262793 0.117781 2.96418e-16)
(0.0385869 -0.116751 0)
(0.0401241 -0.164043 8.55018e-18)
(0.0314175 -0.222325 -1.70381e-17)
(0.0095036 -0.286899 4.29903e-18)
(-0.0290744 -0.351081 -4.4484e-17)
(-0.0842221 -0.403797 3.29347e-17)
(-0.15374 -0.430411 -3.96049e-17)
(-0.233737 -0.418188 1.11403e-17)
(-0.299466 -0.361332 -1.0815e-16)
(-0.335871 -0.246605 -1.28486e-16)
(-0.32766 -0.0854993 -3.05265e-17)
(-0.208884 0.0615863 -3.75631e-16)
(0.0211342 -0.176278 0)
(0.0134936 -0.226518 -4.48328e-17)
(-0.00430611 -0.288192 2.89594e-17)
(-0.0346078 -0.356121 0)
(-0.0802372 -0.424409 -6.91088e-18)
(-0.138425 -0.480264 -3.48572e-17)
(-0.207511 -0.510952 -5.78224e-17)
(-0.278604 -0.501791 -3.14816e-17)
(-0.328488 -0.444638 1.87412e-16)
(-0.338744 -0.329354 1.73038e-16)
(-0.29349 -0.164937 0)
(-0.149804 -0.000610629 0)
(0.00798835 -0.235255 -1.98739e-17)
(-0.00710636 -0.28607 -3.70814e-20)
(-0.0317518 -0.349947 0)
(-0.0674238 -0.419877 1.52234e-17)
(-0.116997 -0.493568 -1.43027e-17)
(-0.174467 -0.550307 -1.35821e-16)
(-0.238633 -0.595678 4.55542e-16)
(-0.303732 -0.573882 0)
(-0.319861 -0.507358 -2.35278e-16)
(-0.302911 -0.398426 -2.73483e-16)
(-0.249238 -0.238876 -4.23781e-16)
(-0.123716 -0.0365453 1.20002e-15)
(0.262253 0.544271 8.78023e-17)
(0.401777 0.513652 2.59103e-17)
(0.45552 0.535588 -2.02543e-17)
(0.497357 0.536147 0)
(0.544798 0.513142 -2.26547e-17)
(0.601436 0.472653 -1.32651e-17)
(0.665281 0.416438 1.07992e-17)
(0.730235 0.344453 6.4336e-18)
(0.789615 0.259571 0)
(0.836307 0.166285 1.06866e-18)
(0.869942 0.0735725 3.24183e-18)
(0.892665 -0.0212622 2.22559e-18)
(0.301029 0.169001 1.42921e-16)
(0.312317 0.3498 -7.31745e-18)
(0.345804 0.421906 2.64067e-17)
(0.388709 0.445449 0)
(0.435986 0.435125 0)
(0.489573 0.401876 2.25405e-17)
(0.547465 0.351924 1.32467e-17)
(0.6043 0.287579 -1.08878e-17)
(0.654899 0.212544 2.17262e-18)
(0.694337 0.131108 9.78971e-18)
(0.722842 0.0494659 -1.10007e-18)
(0.742558 -0.0349312 1.12457e-18)
(0.326893 -0.0159319 -1.47685e-16)
(0.248739 0.207221 0)
(0.260448 0.320476 0)
(0.294546 0.360588 0)
(0.33832 0.362516 0)
(0.387356 0.337103 2.32799e-17)
(0.439114 0.293906 -4.30842e-17)
(0.488427 0.237188 1.11789e-17)
(0.531186 0.171329 0)
(0.563785 0.100377 -8.87032e-18)
(0.58669 0.0287494 -3.91766e-18)
(0.601478 -0.0458248 -1.70814e-18)
(0.335612 -0.135321 1.28076e-16)
(0.196727 0.0969032 4.45403e-17)
(0.189253 0.231622 -3.00819e-17)
(0.211413 0.283064 2.11729e-17)
(0.249541 0.295225 0)
(0.293588 0.277804 4.86391e-18)
(0.339572 0.241677 1.64558e-17)
(0.382237 0.192576 -1.385e-17)
(0.418118 0.135388 2.28753e-18)
(0.444353 0.0740035 -1.13795e-18)
(0.461322 0.0117514 5.72658e-18)
(0.470009 -0.0532106 0)
(0.328318 -0.212144 -3.37569e-19)
(0.14837 0.0111682 -3.95356e-17)
(0.125487 0.153245 3.28439e-17)
(0.136003 0.212532 -5.08105e-17)
(0.167809 0.232815 2.1256e-17)
(0.207372 0.223291 1.48755e-20)
(0.248347 0.19449 -2.46645e-18)
(0.285401 0.153029 2.41208e-17)
(0.315369 0.104173 -2.38008e-18)
(0.335846 0.0517776 0)
(0.34692 -0.00145418 5.90347e-19)
(0.349092 -0.0568782 -2.982e-18)
(0.305906 -0.258854 -1.18947e-16)
(0.0994369 -0.0573394 0)
(0.0648999 0.0828741 0)
(0.0654485 0.147557 3.06955e-17)
(0.0920277 0.174613 -5.13128e-17)
(0.127986 0.17276 -2.72696e-17)
(0.165028 0.151573 2.63273e-18)
(0.197598 0.117848 -2.0429e-17)
(0.222663 0.0771212 2.51053e-18)
(0.238098 0.0333602 -1.23885e-18)
(0.243685 -0.0110464 1.85524e-18)
(0.239536 -0.0569999 -6.21322e-19)
(0.268127 -0.282383 -2.46445e-16)
(0.0480562 -0.113242 -1.16533e-16)
(0.00468638 0.0182561 1.6546e-17)
(-0.00212226 0.0864165 2.0543e-17)
(0.0211685 0.119585 5.02221e-17)
(0.0547946 0.125328 5.95332e-18)
(0.0892081 0.112125 -5.71583e-18)
(0.118485 0.086334 0)
(0.139707 0.0536684 0)
(0.150925 0.0183227 9.30502e-18)
(0.15167 -0.0173928 1.31968e-18)
(0.141815 -0.0539801 2.62865e-18)
(0.213734 -0.286389 2.66415e-16)
(-0.00544647 -0.158244 -1.26258e-19)
(-0.0569463 -0.0422411 -7.73781e-17)
(-0.0677435 0.0275736 -9.41351e-17)
(-0.0457536 0.066359 -2.85525e-17)
(-0.0128154 0.0799715 6.72558e-18)
(0.0203825 0.0752662 -9.63868e-18)
(0.0476112 0.0577567 3.09453e-18)
(0.0660782 0.0332147 2.40222e-17)
(0.0739642 0.00617489 -2.49959e-17)
(0.0706744 -0.0209593 2.17662e-18)
(0.0559931 -0.0483399 -3.59812e-18)
(0.146855 -0.275159 -2.70384e-16)
(-0.0607056 -0.192191 1.37526e-16)
(-0.12087 -0.0992857 9.52723e-17)
(-0.132053 -0.0300673 -2.74578e-20)
(-0.109604 0.0136455 0)
(-0.0756481 0.0355463 3.23755e-17)
(-0.0422363 0.0400003 3.84278e-18)
(-0.0157476 0.0312906 -7.72353e-21)
(0.00106469 0.0151011 -6.03196e-17)
(0.00650704 -0.00362303 1.38122e-17)
(6.43461e-05 -0.0222679 0)
(-0.0183899 -0.0406251 3.33861e-18)
(0.0643441 -0.252449 7.93299e-16)
(-0.115361 -0.216511 0)
(-0.186651 -0.15257 1.62326e-17)
(-0.195991 -0.0870633 1.9255e-16)
(-0.171957 -0.0393516 1.06031e-16)
(-0.135678 -0.00902782 -2.5081e-20)
(-0.100543 0.00523866 -1.57531e-17)
(-0.073175 0.00599513 4.48078e-17)
(-0.0567511 -0.00143369 3.80529e-17)
(-0.0528584 -0.011781 1.59318e-17)
(-0.0615683 -0.0219964 2.20679e-18)
(-0.082596 -0.0315569 0)
(-0.0209939 -0.200398 -4.55227e-16)
(-0.17569 -0.224145 0)
(-0.251843 -0.199873 0)
(-0.261483 -0.143367 -1.71877e-16)
(-0.236801 -0.093689 -1.66259e-16)
(-0.198232 -0.0553118 -8.0268e-17)
(-0.159744 -0.03043 -7.57337e-17)
(-0.128826 -0.0191548 -1.34166e-16)
(-0.110896 -0.0173108 -8.51473e-18)
(-0.107349 -0.0192168 -3.56773e-17)
(-0.117499 -0.0215089 3.74435e-18)
(-0.139965 -0.0228504 0)
(-0.053581 -0.164056 -5.71647e-16)
(-0.196812 -0.225549 0)
(-0.306953 -0.238401 0)
(-0.319802 -0.201117 4.03304e-17)
(-0.301397 -0.154683 -4.09995e-17)
(-0.267439 -0.110677 4.09437e-17)
(-0.226565 -0.0724662 -4.45601e-17)
(-0.188959 -0.0467949 1.9751e-16)
(-0.168386 -0.0346608 0)
(-0.164096 -0.0282345 -1.07792e-16)
(-0.174581 -0.0232323 -7.99143e-17)
(-0.198073 -0.017298 2.14498e-17)
(0.912078 -0.11253 -3.23588e-21)
(0.934096 -0.212519 -4.77086e-18)
(0.951597 -0.317854 0)
(0.963086 -0.425562 7.83375e-18)
(0.963775 -0.528814 1.38475e-17)
(0.950242 -0.616993 5.90114e-18)
(0.920036 -0.677944 6.30717e-18)
(0.871821 -0.699335 -2.71899e-17)
(0.80441 -0.670125 0)
(0.716192 -0.582074 -2.74722e-17)
(0.585353 -0.405109 3.88916e-17)
(0.448525 -0.162524 7.88079e-17)
(0.758136 -0.119081 2.31225e-18)
(0.772358 -0.209956 0)
(0.779867 -0.303176 9.90518e-18)
(0.779435 -0.394553 0)
(0.76771 -0.475949 6.02585e-21)
(0.743152 -0.536058 2.37632e-17)
(0.704957 -0.562279 6.51735e-18)
(0.652871 -0.541489 -3.70806e-17)
(0.585945 -0.460162 0)
(0.506801 -0.305717 3.45467e-17)
(0.391176 -0.0319646 -5.60969e-17)
(0.36711 0.274871 0)
(0.610643 -0.121527 -1.16442e-18)
(0.615267 -0.201702 4.77724e-18)
(0.611333 -0.281196 -9.86189e-18)
(0.598222 -0.35486 1.29231e-17)
(0.574293 -0.413762 -5.50256e-18)
(0.540204 -0.446392 -1.48811e-17)
(0.497683 -0.440381 -3.9574e-17)
(0.449357 -0.383463 3.81281e-17)
(0.39803 -0.264947 0)
(0.35438 -0.0818779 -3.73307e-17)
(0.313588 0.154641 -2.12548e-17)
(0.336246 0.337332 0)
(0.471519 -0.119493 -5.89477e-19)
(0.466022 -0.18799 -5.41078e-18)
(0.450703 -0.25302 1.23892e-18)
(0.425683 -0.308833 -2.76078e-21)
(0.391263 -0.346301 -1.09636e-17)
(0.350501 -0.354432 0)
(0.308303 -0.322285 3.29794e-17)
(0.271007 -0.240695 -7.65711e-18)
(0.245677 -0.106873 0)
(0.247367 0.0666811 9.69139e-17)
(0.2759 0.242555 0)
(0.332404 0.358723 0)
(0.342636 -0.113177 -2.41514e-18)
(0.327354 -0.169595 0)
(0.30158 -0.220179 7.5038e-18)
(0.266242 -0.258986 -1.03759e-17)
(0.223588 -0.277275 1.9066e-20)
(0.179034 -0.265295 2.66316e-17)
(0.140638 -0.214516 -6.55161e-18)
(0.117884 -0.12001 -2.26942e-17)
(0.120129 0.0125156 9.1386e-18)
(0.1608 0.162172 -4.68249e-17)
(0.231011 0.295802 -3.63288e-17)
(0.302255 0.369818 2.58468e-17)
(0.225472 -0.103095 2.49824e-18)
(0.201299 -0.147505 0)
(0.166375 -0.184229 -1.02375e-17)
(0.12253 -0.207509 2.63516e-18)
(0.0737083 -0.20945 -2.78798e-18)
(0.0273739 -0.182063 -2.98054e-17)
(-0.00581741 -0.119617 2.63943e-17)
(-0.0144545 -0.0210796 3.77974e-17)
(0.0109397 0.101784 0)
(0.0809165 0.227049 1.16854e-17)
(0.178633 0.330212 -1.77223e-17)
(0.267622 0.36123 0)
(0.120971 -0.0899179 6.57014e-19)
(0.0890982 -0.122723 -5.94856e-18)
(0.0464371 -0.146523 0)
(-0.00426762 -0.156051 0)
(-0.0577439 -0.144519 0)
(-0.104973 -0.105976 -6.09654e-18)
(-0.133453 -0.0373184 -2.0174e-17)
(-0.130924 0.0597489 -3.0779e-17)
(-0.0889887 0.169739 9.2446e-18)
(0.00139216 0.272386 3.49945e-20)
(0.119182 0.348734 -1.65601e-16)
(0.221307 0.34054 -2.24087e-16)
(0.0294664 -0.0743452 2.86628e-18)
(-0.00878972 -0.0961256 7.14966e-18)
(-0.0578233 -0.108084 -1.44307e-18)
(-0.114059 -0.105655 2.93054e-18)
(-0.171267 -0.0832489 1.83242e-17)
(-0.219515 -0.0369448 2.27537e-17)
(-0.245031 0.034115 -2.84251e-17)
(-0.235317 0.126703 7.32797e-17)
(-0.183324 0.22264 0)
(-0.0796257 0.303686 0)
(0.0543534 0.353659 1.41648e-16)
(0.171335 0.306523 3.07533e-17)
(-0.0493671 -0.056983 -3.30629e-18)
(-0.0927135 -0.0683452 -1.63792e-18)
(-0.146883 -0.0695114 1.64852e-18)
(-0.207638 -0.0567205 0)
(-0.268242 -0.0255252 -5.53299e-17)
(-0.318243 0.0260192 -3.65679e-17)
(-0.343121 0.0969829 3.20028e-17)
(-0.330325 0.183613 -3.67624e-17)
(-0.2739 0.264774 1.12637e-17)
(-0.162621 0.324027 1.50383e-17)
(-0.0146165 0.346064 -2.34474e-17)
(0.117778 0.2628 2.95953e-16)
(-0.116781 -0.0386086 -4.31213e-18)
(-0.164084 -0.040131 0)
(-0.222363 -0.031414 -1.70355e-17)
(-0.28693 -0.00949772 4.2984e-18)
(-0.351107 0.0290828 2.66817e-17)
(-0.403817 0.0842295 -4.6461e-18)
(-0.430425 0.153747 -1.98274e-17)
(-0.4182 0.23374 7.78379e-17)
(-0.361343 0.299468 -9.46879e-17)
(-0.246614 0.335876 6.90293e-20)
(-0.0855027 0.327667 -3.05204e-17)
(0.0615845 0.208885 0)
(-0.176305 -0.0211497 5.63269e-18)
(-0.226563 -0.013497 -2.42972e-17)
(-0.288233 0.00431366 5.43168e-17)
(-0.356152 0.0346162 0)
(-0.424434 0.0802465 -6.91002e-18)
(-0.480283 0.138432 6.99989e-18)
(-0.510967 0.207518 4.31808e-17)
(-0.501801 0.278608 -2.35896e-16)
(-0.444648 0.328492 1.4976e-16)
(-0.329362 0.33875 0)
(-0.164937 0.293496 0)
(-0.000605545 0.149803 0)
(-0.235279 -0.00799926 3.97398e-17)
(-0.286122 0.00710523 7.2725e-17)
(-0.349994 0.0317626 -1.32773e-16)
(-0.41991 0.0674347 1.52219e-17)
(-0.493593 0.117008 -2.85056e-17)
(-0.550325 0.174476 -6.79904e-17)
(-0.595693 0.238643 -5.36239e-17)
(-0.57389 0.303738 3.77535e-17)
(-0.507364 0.319866 -2.05925e-16)
(-0.398431 0.302918 -3.41603e-17)
(-0.238875 0.249242 0)
(-0.0365346 0.123717 -1.19981e-15)
(0.544273 -0.262214 8.77952e-17)
(0.513663 -0.401732 2.61206e-17)
(0.5356 -0.45547 -2.01795e-17)
(0.536164 -0.497303 -2.36206e-17)
(0.513163 -0.544742 2.26533e-17)
(0.472676 -0.601379 2.20429e-17)
(0.416462 -0.665225 -2.16663e-18)
(0.344479 -0.730182 -4.28219e-18)
(0.259598 -0.789567 2.13705e-18)
(0.166314 -0.836266 0)
(0.0736025 -0.869909 0)
(-0.0212343 -0.892643 -2.87338e-21)
(0.169015 -0.30099 0)
(0.349821 -0.312277 6.56551e-20)
(0.421925 -0.345762 0)
(0.445471 -0.388663 1.93138e-17)
(0.435149 -0.435939 -4.64945e-18)
(0.401902 -0.489527 9.02313e-18)
(0.351951 -0.547422 -2.42737e-17)
(0.287606 -0.604261 2.18122e-18)
(0.212572 -0.654868 0)
(0.131136 -0.694314 -8.70292e-18)
(0.0494923 -0.722828 0)
(-0.0349084 -0.742557 2.24695e-18)
(-0.0159031 -0.326852 0)
(0.20725 -0.248704 -4.04986e-17)
(0.320501 -0.260413 5.5951e-18)
(0.360615 -0.29451 0)
(0.362545 -0.338285 1.92827e-17)
(0.337133 -0.387324 4.65083e-18)
(0.293936 -0.439086 1.58522e-17)
(0.237217 -0.488405 -1.34089e-17)
(0.171357 -0.531172 2.22056e-18)
(0.100403 -0.563781 1.77486e-17)
(0.0287726 -0.586697 4.47551e-18)
(-0.0458075 -0.601497 -1.1378e-18)
(-0.135284 -0.335571 -1.28082e-16)
(0.0969382 -0.196699 0)
(0.231652 -0.189225 0)
(0.283096 -0.211388 2.64567e-17)
(0.295259 -0.249519 -2.51973e-17)
(0.277838 -0.29357 4.84294e-18)
(0.24171 -0.339561 -4.70754e-18)
(0.192606 -0.382234 9.23018e-18)
(0.135416 -0.418124 9.14226e-18)
(0.074028 -0.444369 6.58891e-21)
(0.011771 -0.461349 -4.57892e-18)
(-0.0531982 -0.470048 1.16073e-18)
(-0.212104 -0.32828 1.20047e-16)
(0.0112085 -0.14835 0)
(0.153279 -0.125469 6.56522e-18)
(0.212569 -0.135989 -5.07986e-17)
(0.232853 -0.167802 0)
(0.223329 -0.20737 -2.55195e-17)
(0.194526 -0.248353 2.71526e-17)
(0.153061 -0.285416 -2.17071e-17)
(0.1042 -0.315394 -7.13149e-18)
(0.0518005 -0.335882 -2.12617e-17)
(-0.0014374 -0.346967 0)
(-0.0568702 -0.34915 -2.38422e-18)
(-0.258813 -0.305873 2.96183e-17)
(-0.0572951 -0.0994256 -5.57764e-17)
(0.0829137 -0.0648928 0)
(0.147598 -0.0654489 -1.40944e-20)
(0.174656 -0.0920361 0)
(0.172802 -0.128002 5.44007e-18)
(0.151611 -0.165053 -2.62645e-17)
(0.117881 -0.197633 1.7878e-17)
(0.0771488 -0.222708 1.25403e-17)
(0.033382 -0.238154 9.92228e-18)
(-0.0110324 -0.243751 -4.94472e-18)
(-0.0569956 -0.239612 1.23962e-18)
(-0.282344 -0.268102 0)
(-0.113194 -0.0480544 1.55329e-16)
(0.0183005 -0.00469161 7.44608e-17)
(0.0864614 0.00210716 2.05235e-17)
(0.119632 -0.0211932 0)
(0.125374 -0.0548279 2.97691e-17)
(0.112166 -0.0892508 -2.86158e-18)
(0.0863687 -0.118539 -5.56154e-21)
(0.0536962 -0.139771 -1.34954e-17)
(0.0183435 -0.150999 0)
(-0.017381 -0.151754 -5.21721e-22)
(-0.0539788 -0.141906 3.90923e-26)
(-0.286354 -0.213717 -2.66517e-16)
(-0.158195 0.00543924 -2.64496e-16)
(-0.0421925 0.0569277 -6.76484e-17)
(0.0276221 0.0677133 -6.27492e-17)
(0.0664092 0.0457125 0)
(0.080021 0.012765 6.72387e-18)
(0.0753102 -0.0204429 -9.63634e-18)
(0.0577927 -0.0476827 6.40806e-21)
(0.033243 -0.0661607 3.00559e-18)
(0.00619519 -0.0740562 0)
(-0.0209494 -0.0707739 5.80073e-18)
(-0.0483408 -0.056099 2.87721e-18)
(-0.275127 -0.146847 -2.50377e-19)
(-0.192145 0.0606902 1.5718e-16)
(-0.0992338 0.120838 0)
(-0.0300164 0.132008 9.42196e-18)
(0.0136986 0.109547 -7.97604e-21)
(0.0355989 0.0755816 -3.23774e-17)
(0.0400467 0.0421595 2.69077e-17)
(0.0313277 0.0156593 -3.31014e-17)
(0.01513 -0.00116358 0)
(-0.00360307 -0.00661483 -1.38104e-17)
(-0.022259 -0.000177725 0)
(-0.0406279 0.0182726 -6.67709e-18)
(-0.25242 -0.0643463 3.96464e-16)
(-0.216467 0.11534 -2.59854e-17)
(-0.152516 0.186606 1.62439e-16)
(-0.0870115 0.195933 8.98177e-17)
(-0.0392968 0.171887 -8.24581e-17)
(-0.00897362 0.135597 4.43847e-17)
(0.00528666 0.100451 -1.05152e-17)
(0.00603332 0.0730713 3.48511e-17)
(-0.00140414 0.0566375 4.76105e-18)
(-0.0117607 0.0527369 3.41299e-17)
(-0.0219883 0.0614438 -6.60861e-18)
(-0.0315602 0.08247 4.34528e-18)
(-0.200371 0.0209909 0)
(-0.224106 0.175659 0)
(-0.199821 0.251786 -2.01512e-16)
(-0.143316 0.261414 0)
(-0.0936342 0.23672 1.87004e-16)
(-0.0552575 0.198138 -2.00573e-16)
(-0.0303813 0.159637 -4.7339e-17)
(-0.019115 0.128707 6.2578e-17)
(-0.01728 0.110769 0)
(-0.0191961 0.107216 2.41832e-21)
(-0.0215006 0.117366 4.48735e-17)
(-0.0228513 0.139834 0)
(-0.16403 0.0535697 -5.00309e-16)
(-0.225519 0.196785 -5.81183e-16)
(-0.238341 0.306896 6.03796e-17)
(-0.201072 0.31973 0)
(-0.154633 0.301316 -4.09405e-17)
(-0.110621 0.267341 4.09801e-16)
(-0.0724117 0.226448 -4.45876e-17)
(-0.046746 0.18882 -2.22243e-16)
(-0.0346252 0.168246 2.46406e-17)
(-0.0282101 0.163953 -9.58372e-17)
(-0.0232214 0.174442 -1.82704e-16)
(-0.0172941 0.197939 2.14527e-17)
(-0.112507 -0.912071 1.14742e-18)
(-0.212507 -0.934107 -1.1923e-18)
(-0.317858 -0.951629 1.24745e-18)
(-0.42559 -0.96314 1.04674e-17)
(-0.528875 -0.963854 1.10733e-17)
(-0.617094 -0.950346 -1.17883e-17)
(-0.678085 -0.920159 -6.28232e-18)
(-0.69951 -0.871958 -2.03795e-17)
(-0.670315 -0.804547 6.09795e-17)
(-0.582254 -0.716316 0)
(-0.405242 -0.585447 5.21576e-17)
(-0.162591 -0.448592 0)
(-0.119066 -0.758151 1.15497e-18)
(-0.209956 -0.772391 0)
(-0.303195 -0.779918 0)
(-0.394599 -0.779505 1.14604e-20)
(-0.47603 -0.767799 -1.10403e-17)
(-0.536176 -0.743255 -2.96885e-17)
(-0.562429 -0.705069 -1.95563e-17)
(-0.541657 -0.652986 0)
(-0.460321 -0.58605 -3.51889e-17)
(-0.305837 -0.506886 1.14994e-17)
(-0.0320037 -0.391226 3.7169e-17)
(0.274899 -0.367158 1.82331e-16)
(-0.121519 -0.610678 -1.16561e-18)
(-0.201711 -0.615318 1.19126e-18)
(-0.281228 -0.611399 8.63148e-18)
(-0.35492 -0.598302 -1.81063e-17)
(-0.413854 -0.574383 -1.6494e-17)
(-0.446516 -0.540297 -2.92123e-18)
(-0.440526 -0.497776 3.9616e-17)
(-0.383609 -0.449443 2.27904e-17)
(-0.265067 -0.398102 -3.71935e-17)
(-0.0819442 -0.354435 0)
(0.154642 -0.313625 -8.52702e-17)
(0.337369 -0.336286 -4.67933e-20)
(-0.119492 -0.471572 2.36216e-18)
(-0.188007 -0.466087 0)
(-0.25306 -0.45078 -9.88595e-18)
(-0.3089 -0.425768 2.57686e-18)
(-0.346398 -0.391348 1.09449e-17)
(-0.354553 -0.350582 5.03377e-17)
(-0.322416 -0.308373 -3.29786e-17)
(-0.240816 -0.271064 -3.8196e-17)
(-0.106956 -0.245722 8.37797e-17)
(0.0666497 -0.247404 -4.84339e-17)
(0.242571 -0.275938 0)
(0.358763 -0.332447 -1.05491e-16)
(-0.113182 -0.342706 -2.41462e-18)
(-0.169617 -0.327433 0)
(-0.220225 -0.301665 0)
(-0.259056 -0.266328 7.80265e-18)
(-0.277371 -0.223667 2.7434e-17)
(-0.265407 -0.1791 -2.66535e-17)
(-0.21463 -0.140687 2.62964e-17)
(-0.120105 -0.117917 -3.0289e-17)
(0.01246 -0.120154 -7.31077e-17)
(0.162161 -0.160824 -1.01068e-21)
(0.295825 -0.231046 7.26888e-17)
(0.36986 -0.302295 0)
(-0.103104 -0.225558 1.249e-18)
(-0.147531 -0.20139 -5.039e-18)
(-0.184277 -0.166467 0)
(-0.207578 -0.122617 0)
(-0.20954 -0.0737812 -2.50012e-17)
(-0.182164 -0.0274281 -2.08539e-17)
(-0.119714 0.00578571 0)
(-0.0211533 0.0144387 3.02223e-17)
(0.101749 -0.0109496 2.71674e-17)
(0.227051 -0.080931 5.82971e-17)
(0.330241 -0.178662 -1.4206e-16)
(0.361272 -0.26766 2.10786e-16)
(-0.08993 -0.121071 -3.93185e-26)
(-0.122751 -0.0891998 6.6041e-18)
(-0.146571 -0.0465353 -1.33913e-18)
(-0.156116 0.00418005 -2.73428e-18)
(-0.144601 0.0576759 5.72931e-18)
(-0.106063 0.104927 2.14043e-17)
(-0.0373973 0.133434 0)
(0.0596937 0.130922 0)
(0.169719 0.0889901 3.69656e-17)
(0.272397 -0.00139693 0)
(0.348768 -0.119204 5.50759e-17)
(0.340582 -0.221339 -1.95742e-16)
(-0.0743594 -0.0295791 2.86599e-18)
(-0.0961531 0.0086782 5.72271e-18)
(-0.10813 0.057719 1.1514e-17)
(-0.105713 0.11397 0)
(-0.0833213 0.171202 3.04201e-18)
(-0.0370176 0.219476 -9.72458e-18)
(0.0340526 0.245021 1.42356e-17)
(0.126664 0.235324 -4.88601e-17)
(0.222633 0.183334 -2.95483e-17)
(0.303704 0.079631 0)
(0.353695 -0.0543666 1.62216e-16)
(0.306562 -0.171361 2.50125e-16)
(-0.056997 0.0492434 -6.6128e-18)
(-0.0683723 0.0925931 -6.5679e-18)
(-0.0695523 0.146773 -1.3151e-17)
(-0.0567727 0.207547 3.3324e-18)
(-0.0255858 0.268179 -2.44996e-20)
(0.0259601 0.318207 -3.6727e-18)
(0.0969358 0.343118 0)
(0.183587 0.330339 -3.3841e-20)
(0.264777 0.273919 -1.12683e-17)
(0.324051 0.162636 1.35046e-16)
(0.3461 0.0146134 -1.87878e-16)
(0.262836 -0.117796 -2.95914e-16)
(-0.0386202 0.116649 4.3093e-18)
(-0.0401574 0.163956 -8.54803e-18)
(-0.0314487 0.222247 1.7034e-17)
(-0.00954458 0.286838 0)
(0.0290348 0.351044 0)
(0.0841838 0.403783 -2.82166e-17)
(0.153713 0.430425 2.9711e-17)
(0.233728 0.41822 1.33404e-16)
(0.299478 0.361371 1.08217e-16)
(0.335907 0.246639 1.85495e-17)
(0.327701 0.0855108 -3.05181e-17)
(0.208916 -0.0615934 0)
(-0.0211578 0.176167 0)
(-0.0135199 0.226428 1.49307e-17)
(0.00428363 0.288112 -2.89548e-17)
(0.0345753 0.356057 7.01132e-18)
(0.0802086 0.424371 -6.95805e-18)
(0.138398 0.480251 5.57523e-17)
(0.207497 0.51097 -5.75416e-17)
(0.278607 0.501829 -1.25745e-16)
(0.328512 0.444685 -1.49746e-16)
(0.338785 0.329398 -1.97517e-16)
(0.293528 0.164958 3.58893e-16)
(0.149827 0.000610547 -6.7914e-17)
(-0.00800052 0.235136 3.97456e-17)
(0.0070886 0.285984 -7.27712e-17)
(0.0317403 0.34987 0)
(0.0674018 0.419813 -1.22178e-16)
(0.116981 0.493531 -1.1404e-16)
(0.174455 0.550297 0)
(0.238632 0.595696 2.67318e-17)
(0.303751 0.57393 -7.57134e-17)
(0.319893 0.507414 -3.76579e-21)
(0.30295 0.398475 3.41578e-17)
(0.24927 0.238907 -8.47279e-16)
(0.123739 0.0365453 0)
(-0.262298 -0.544373 -8.77839e-17)
(-0.401883 -0.513721 -3.26103e-17)
(-0.455642 -0.535645 2.53169e-17)
(-0.497482 -0.536195 0)
(-0.544919 -0.513178 1.81134e-17)
(-0.601549 -0.472673 4.4116e-18)
(-0.665381 -0.416442 -1.29622e-17)
(-0.730319 -0.344444 -6.43524e-18)
(-0.78968 -0.259554 -1.06613e-17)
(-0.836353 -0.166266 0)
(-0.869969 -0.073556 4.32603e-18)
(-0.892676 0.0212746 -1.11259e-18)
(-0.301097 -0.169033 0)
(-0.312414 -0.349845 3.66193e-17)
(-0.345908 -0.42195 -2.63967e-17)
(-0.388812 -0.445488 0)
(-0.436084 -0.435155 1.39688e-17)
(-0.489662 -0.401893 4.51296e-18)
(-0.547541 -0.351929 -1.76547e-17)
(-0.60436 -0.287573 -1.74957e-20)
(-0.654943 -0.212532 0)
(-0.694363 -0.131095 0)
(-0.722851 -0.0494562 0)
(-0.742552 0.0349359 -1.12436e-18)
(-0.326972 0.015938 0)
(-0.248824 -0.207242 2.43061e-17)
(-0.260533 -0.320506 2.79177e-17)
(-0.294626 -0.360616 0)
(-0.338394 -0.362539 -1.44372e-17)
(-0.387421 -0.337118 9.31678e-18)
(-0.439166 -0.293911 2.49228e-17)
(-0.488465 -0.237185 -4.47927e-18)
(-0.531209 -0.171321 -6.65692e-18)
(-0.563793 -0.100369 0)
(-0.586684 -0.0287453 -4.47504e-18)
(-0.601459 0.045823 1.13769e-18)
(-0.335696 0.135355 0)
(-0.196798 -0.0969032 -3.56705e-17)
(-0.189317 -0.231637 -4.80791e-17)
(-0.21147 -0.283082 0)
(-0.249591 -0.295241 -5.0389e-18)
(-0.293629 -0.277815 -1.4521e-17)
(-0.339603 -0.241681 1.88249e-17)
(-0.382256 -0.192574 9.22907e-18)
(-0.418123 -0.135383 -7.43148e-21)
(-0.444346 -0.0739989 1.13766e-18)
(-0.461304 -0.0117515 4.00332e-18)
(-0.469981 0.0532039 -5.81093e-19)
(-0.3284 0.212196 2.98392e-17)
(-0.148426 -0.0111506 -1.97793e-17)
(-0.125531 -0.153246 2.62767e-17)
(-0.136038 -0.21254 5.64698e-18)
(-0.167836 -0.232824 2.65552e-17)
(-0.207391 -0.223297 -5.10438e-18)
(-0.248357 -0.194492 -3.70123e-17)
(-0.285401 -0.153028 -4.45225e-21)
(-0.315359 -0.104169 9.49926e-18)
(-0.335826 -0.0517752 -1.18141e-17)
(-0.346891 0.00145115 0)
(-0.349057 0.0568682 2.38443e-18)
(-0.305982 0.258918 0)
(-0.0994767 0.0573714 -1.11427e-17)
(-0.0649242 -0.0828618 7.29435e-18)
(-0.0654627 -0.147554 0)
(-0.0920328 -0.174614 -1.70921e-17)
(-0.127985 -0.172761 -2.18248e-17)
(-0.16502 -0.151573 1.57492e-17)
(-0.197582 -0.117845 -2.5512e-18)
(-0.222639 -0.0771179 2.50978e-18)
(-0.238067 -0.033359 9.9213e-18)
(-0.243648 0.0110419 0)
(-0.239495 0.0569884 -2.47906e-18)
(-0.268192 0.282453 2.46385e-16)
(-0.0480789 0.113285 9.06138e-17)
(-0.00469137 -0.0182314 6.04781e-21)
(0.00212863 -0.0864034 6.84747e-18)
(-0.0211535 -0.119578 2.51058e-17)
(-0.0547747 -0.125323 2.97647e-17)
(-0.0891832 -0.112121 -5.71365e-18)
(-0.118455 -0.08633 0)
(-0.139671 -0.0536648 0)
(-0.150884 -0.0183215 0)
(-0.151626 0.0173881 4.61224e-18)
(-0.14177 0.0539684 6.58151e-19)
(-0.213783 0.286461 -2.33125e-16)
(0.00544101 0.158295 -1.39979e-16)
(0.05696 0.0422769 0)
(0.0677691 -0.0275503 0)
(0.0457874 -0.0663432 -4.99561e-17)
(0.0128526 -0.0799592 2.69034e-17)
(-0.0203423 -0.0752581 -2.89092e-17)
(-0.0475677 -0.0577501 -3.09059e-17)
(-0.0660316 -0.0332099 3.00528e-18)
(-0.0739149 -0.00617282 -1.46793e-18)
(-0.0706246 0.0209555 -4.34802e-18)
(-0.0559446 0.0483292 -2.87704e-18)
(-0.146886 0.275228 0)
(0.0607173 0.192248 -1.96436e-17)
(0.120901 0.0993317 1.19155e-17)
(0.132097 0.0300998 9.44789e-18)
(0.109655 -0.0136207 3.43802e-17)
(0.0757013 -0.0355271 -3.23725e-17)
(0.0422904 -0.0399867 2.30634e-17)
(0.0158033 -0.0312807 5.88343e-17)
(-0.00100807 -0.0150941 0)
(-0.00644973 0.00362667 1.7236e-18)
(-8.66951e-06 0.0222658 -1.69533e-18)
(0.018442 0.0406165 3.33801e-18)
(-0.064354 0.252512 0)
(0.115389 0.21657 -2.59801e-17)
(0.186698 0.152624 3.11276e-20)
(0.196052 0.0871035 1.15507e-16)
(0.172024 0.0393853 -1.05987e-16)
(0.135745 0.00905352 6.65732e-17)
(0.10061 -0.00521885 -5.26047e-18)
(0.0732419 -0.00598176 -4.97719e-17)
(0.0568168 0.00144373 4.76061e-18)
(0.0529233 0.0117865 1.81996e-17)
(0.0616299 0.0219967 0)
(0.082652 0.0315513 4.34658e-18)
(0.0210031 0.200439 0)
(0.175733 0.224202 0)
(0.251904 0.19993 0)
(0.261558 0.143414 -1.71811e-16)
(0.236879 0.0937295 3.53119e-16)
(0.19831 0.0553433 -1.00306e-16)
(0.15982 0.0304548 9.45652e-18)
(0.128902 0.0191721 -8.94898e-18)
(0.110968 0.0173237 0)
(0.10742 0.0192244 -6.73819e-17)
(0.117565 0.0215113 3.55236e-17)
(0.140024 0.0228477 -9.29356e-18)
(0.053595 0.164097 5.71472e-16)
(0.19685 0.225593 0)
(0.307019 0.238472 -6.02646e-17)
(0.31989 0.201164 3.63421e-16)
(0.30148 0.154725 -2.86666e-16)
(0.267522 0.110714 -8.19194e-17)
(0.226644 0.0724966 2.44978e-16)
(0.189037 0.0468171 -4.93501e-17)
(0.168455 0.0346759 2.46312e-17)
(0.164161 0.0282436 1.91611e-16)
(0.174641 0.0232365 -9.13188e-17)
(0.198126 0.0172982 -4.28939e-17)
(-0.912072 0.112536 -1.14734e-18)
(-0.934073 0.212517 -1.19224e-18)
(-0.951559 0.317842 1.24741e-18)
(-0.963034 0.425539 0)
(-0.963714 0.528777 -1.38332e-17)
(-0.950177 0.616941 -8.83076e-18)
(-0.919971 0.677879 3.14465e-17)
(-0.871763 0.699263 2.03815e-17)
(-0.804365 0.67005 0)
(-0.716166 0.582001 -1.53651e-19)
(-0.585342 0.405052 -5.21681e-17)
(-0.448518 0.162499 -7.88139e-17)
(-0.758115 0.119078 -2.31187e-18)
(-0.772323 0.209945 -1.1893e-18)
(-0.779819 0.303154 -8.66415e-18)
(-0.779376 0.394522 2.59264e-18)
(-0.767644 0.475905 8.27133e-18)
(-0.743084 0.536002 -2.9688e-17)
(-0.704892 0.562215 -1.95858e-17)
(-0.652814 0.541423 0)
(-0.585903 0.460099 0)
(-0.506777 0.305662 -3.45473e-17)
(-0.391173 0.0319362 -1.86011e-17)
(-0.367102 -0.274868 -1.45875e-16)
(-0.610611 0.121517 5.82796e-19)
(-0.615224 0.201683 5.37458e-18)
(-0.611281 0.281168 9.86086e-18)
(-0.598162 0.354824 0)
(-0.57423 0.413716 -8.25421e-18)
(-0.540141 0.446338 3.86451e-17)
(-0.497625 0.440323 -1.97521e-17)
(-0.449307 0.383406 0)
(-0.397993 0.264898 0)
(-0.354359 0.0818421 0)
(-0.313585 -0.154654 0)
(-0.33624 -0.33733 1.2447e-16)
(-0.471481 0.119478 0)
(-0.465976 0.187966 -3.61166e-18)
(-0.450651 0.252988 -1.23879e-18)
(-0.425628 0.308794 2.5741e-18)
(-0.391206 0.346256 5.48388e-18)
(-0.350448 0.354382 -2.66485e-17)
(-0.308256 0.322234 6.65791e-18)
(-0.270967 0.240651 0)
(-0.245647 0.106838 -3.72013e-17)
(-0.247349 -0.0667036 3.63046e-17)
(-0.275891 -0.242563 -5.87024e-17)
(-0.332393 -0.35872 -1.05535e-16)
(-0.342595 0.113159 1.81234e-18)
(-0.32731 0.169568 6.13137e-19)
(-0.301532 0.220146 0)
(-0.266194 0.258948 -2.58867e-18)
(-0.223541 0.277233 -1.64586e-17)
(-0.178992 0.265251 -2.96955e-18)
(-0.140602 0.214475 2.8695e-20)
(-0.117854 0.119977 -3.02888e-17)
(-0.120107 -0.0125384 2.74248e-17)
(-0.160784 -0.162186 -3.51385e-17)
(-0.231 -0.295806 7.26508e-17)
(-0.302243 -0.369811 -1.01366e-19)
(-0.22543 0.103076 -3.12097e-18)
(-0.201256 0.147478 1.88769e-18)
(-0.166333 0.184196 -1.28273e-18)
(-0.12249 0.207474 2.63498e-18)
(-0.0736722 0.209413 2.22136e-17)
(-0.0273436 0.182027 2.94948e-18)
(0.00584174 0.119586 1.97549e-17)
(0.014474 0.021057 5.28932e-17)
(-0.0109241 -0.101798 9.0673e-18)
(-0.080904 -0.227056 0)
(-0.178622 -0.330211 0)
(-0.267609 -0.361221 1.05254e-16)
(-0.120927 0.0898989 -1.9658e-26)
(-0.0890578 0.122697 -3.96766e-18)
(-0.0464012 0.146492 -1.20235e-17)
(0.0042989 0.156019 0)
(0.0577696 0.144488 0)
(0.104992 0.105948 -6.09632e-18)
(0.133466 0.0372956 6.75429e-18)
(0.130934 -0.059763 -6.15474e-17)
(0.0889971 -0.169746 -4.62112e-17)
(-0.00138438 -0.272387 2.41436e-17)
(-0.119174 -0.34873 1.28897e-16)
(-0.221294 -0.340529 2.24102e-16)
(-0.0294217 0.0743279 2.15102e-18)
(0.0088281 0.0961018 7.8656e-18)
(0.0578541 0.108057 2.15842e-17)
(0.114082 0.105627 -2.35276e-17)
(0.171283 0.0832234 -2.13874e-17)
(0.219525 0.0369231 -9.72505e-18)
(0.245035 -0.0341303 7.13824e-18)
(0.235318 -0.12671 3.25493e-17)
(0.183325 -0.222641 1.18325e-16)
(0.0796278 -0.303682 1.04781e-16)
(-0.0543489 -0.353651 2.75338e-19)
(-0.171324 -0.30651 4.29313e-19)
(0.0494131 0.0569684 -3.30581e-18)
(0.092751 0.0683249 -6.56986e-18)
(0.14691 0.0694883 -1.31513e-17)
(0.207656 0.0566981 5.01796e-17)
(0.268251 0.0255057 2.76812e-17)
(0.318244 -0.0260343 3.67294e-18)
(0.343117 -0.0969916 -3.19819e-17)
(0.330318 -0.183614 0)
(0.273894 -0.264769 9.05915e-20)
(0.162617 -0.324019 -2.39999e-16)
(0.0146164 -0.346053 -2.11443e-16)
(-0.11777 -0.262786 3.7407e-17)
(0.116829 0.0385975 0)
(0.164122 0.0401149 1.0672e-17)
(0.222389 0.0313955 -1.91685e-17)
(0.286945 0.00948063 -3.44921e-17)
(0.351112 -0.0290965 -3.11869e-17)
(0.403812 -0.0842386 -1.40668e-17)
(0.430414 -0.15375 9.13651e-21)
(0.418186 -0.233736 -7.78393e-17)
(0.36133 -0.299459 -2.29905e-16)
(0.246604 -0.335864 1.65234e-16)
(0.0854977 -0.327654 0)
(-0.0615806 -0.208872 -7.51726e-16)
(0.176355 0.0211422 0)
(0.226602 0.0134852 -2.61663e-17)
(0.28826 -0.00432761 2.53241e-17)
(0.356165 -0.0346284 -7.01155e-18)
(0.424435 -0.0802549 1.17926e-16)
(0.480274 -0.138436 5.58512e-17)
(0.51095 -0.207516 5.75474e-17)
(0.501782 -0.278599 1.2576e-16)
(0.444629 -0.328479 1.49767e-16)
(0.329347 -0.338736 0)
(0.164927 -0.293482 0)
(0.000603416 -0.149792 5.44318e-16)
(0.235325 0.00799548 -1.98679e-17)
(0.286159 -0.00711212 1.54552e-16)
(0.350018 -0.0317708 5.80873e-17)
(0.41992 -0.0674414 1.22174e-16)
(0.493589 -0.117011 -1.13937e-16)
(0.55031 -0.174475 -2.69875e-17)
(0.595669 -0.238636 2.68921e-17)
(0.573862 -0.303724 -3.77948e-17)
(0.50734 -0.319852 2.94519e-17)
(0.398411 -0.302904 0)
(0.23886 -0.249229 0)
(0.0365277 -0.123705 1.19989e-15)
(-0.544263 0.26226 0)
(-0.513659 0.401781 -3.24067e-17)
(-0.535608 0.455534 5.07137e-18)
(-0.536174 0.497381 0)
(-0.51317 0.544834 0)
(-0.472677 0.601484 4.41313e-18)
(-0.416455 0.665338 6.47072e-18)
(-0.344464 0.7303 -2.14316e-18)
(-0.259579 0.789684 8.5266e-18)
(-0.166296 0.836375 0)
(-0.0735985 0.870003 4.32677e-18)
(0.021208 0.892719 1.11559e-18)
(-0.169 0.301041 0)
(-0.349809 0.312328 0)
(-0.421923 0.345822 -2.11529e-17)
(-0.44547 0.388735 0)
(-0.435146 0.436021 -4.65053e-18)
(-0.401893 0.489617 9.02517e-18)
(-0.351936 0.547516 -2.20746e-17)
(-0.287586 0.604357 -2.17805e-18)
(-0.21255 0.654959 2.17261e-18)
(-0.131119 0.694396 8.70401e-18)
(-0.0494938 0.722895 0)
(0.0348723 0.742609 -1.12249e-18)
(0.0159298 0.326907 0)
(-0.207229 0.248753 -8.08141e-18)
(-0.32049 0.260468 3.34729e-17)
(-0.360604 0.294571 -5.01189e-18)
(-0.362531 0.338351 0)
(-0.337115 0.387394 -1.39767e-17)
(-0.293913 0.439158 3.17431e-17)
(-0.237191 0.488474 0)
(-0.171332 0.531235 0)
(-0.100386 0.563833 -7.76228e-18)
(-0.0287779 0.586734 3.35577e-18)
(0.0457641 0.601527 1.13906e-18)
(0.13532 0.335629 0)
(-0.0969102 0.196743 0)
(-0.231632 0.189272 -2.40593e-17)
(-0.283075 0.211435 5.28994e-18)
(-0.295235 0.249568 -5.04423e-18)
(-0.277811 0.293619 4.36157e-17)
(-0.241679 0.339607 -4.69035e-18)
(-0.192574 0.382274 1.15475e-17)
(-0.135388 0.418156 -1.14314e-17)
(-0.0740106 0.444391 9.11915e-18)
(-0.0117781 0.461357 -4.57925e-18)
(0.0531508 0.470054 -1.16003e-18)
(0.212145 0.328337 0)
(-0.0111737 0.148386 3.95044e-17)
(-0.153252 0.125505 2.62776e-17)
(-0.21254 0.136021 0)
(-0.232821 0.16783 -1.59463e-17)
(-0.223293 0.207395 -3.06186e-17)
(-0.194487 0.248372 -3.20878e-17)
(-0.153024 0.285428 7.24109e-18)
(-0.104169 0.315396 9.50752e-18)
(-0.051782 0.335874 -9.44751e-18)
(0.00142981 0.346947 0)
(0.0568213 0.34913 0)
(0.258857 0.305927 0)
(0.0573358 0.0994527 -4.4615e-17)
(-0.0828797 0.064916 7.29049e-18)
(-0.147561 0.0654632 -6.14485e-18)
(-0.174616 0.0920429 2.27995e-17)
(-0.172758 0.128002 5.45289e-18)
(-0.151567 0.165045 1.57559e-17)
(-0.117839 0.197615 -4.34288e-17)
(-0.0771141 0.22268 2.51055e-18)
(-0.0333618 0.238117 -1.2388e-18)
(0.0110253 0.243704 1.23802e-18)
(0.0569473 0.239565 0)
(0.282389 0.268151 0)
(0.113239 0.0480706 -1.03591e-16)
(-0.0182603 0.0047002 0)
(-0.086419 -0.00211132 -2.73942e-17)
(-0.119585 0.0211783 1.88419e-17)
(-0.125324 0.0548038 3.57464e-17)
(-0.112116 0.0892164 -2.86243e-18)
(-0.0863224 0.118493 1.93398e-17)
(-0.0536581 0.139714 0)
(-0.018321 0.150933 -1.32695e-18)
(0.0173753 0.151681 1.3196e-18)
(0.0539332 0.141835 0)
(0.286396 0.213757 0)
(0.158243 -0.0054342 -1.5682e-17)
(0.0422381 -0.056935 9.67321e-18)
(-0.0275747 -0.0677362 -3.13988e-17)
(-0.0663569 -0.0457487 -5.71158e-17)
(-0.079965 -0.0128124 -2.01921e-17)
(-0.0752553 0.0203833 -6.42951e-18)
(-0.0577427 0.0476095 -2.78229e-17)
(-0.0332019 0.0660748 3.00622e-18)
(-0.00617 0.0739617 -1.3232e-17)
(0.0209466 0.0706752 1.45253e-18)
(0.0483001 0.0560056 0)
(0.275166 0.146877 -3.08892e-16)
(0.192191 -0.0606961 1.57224e-16)
(0.0992837 -0.120861 -8.34223e-17)
(0.0300673 -0.132049 -9.4889e-18)
(-0.0136425 -0.109603 3.4404e-17)
(-0.0355391 -0.0756503 8.0891e-18)
(-0.0399883 -0.0422423 -7.69847e-18)
(-0.0312753 -0.0157579 6.52756e-22)
(-0.0150864 0.00105124 0)
(0.00363108 0.00649333 1.38119e-17)
(0.0222606 5.41835e-05 0)
(0.0405933 -0.0183847 0)
(0.252456 0.0643632 3.96424e-16)
(0.21651 -0.115355 -2.34285e-16)
(0.152569 -0.186645 1.46183e-16)
(0.0870641 -0.19599 1.02691e-16)
(0.0393549 -0.17196 1.17769e-17)
(0.00903499 -0.135684 4.43852e-17)
(-0.0052266 -0.100554 -4.72584e-17)
(-0.00597984 -0.0731929 2.98755e-17)
(0.0014493 -0.0567743 4.76193e-18)
(0.0117913 -0.0528839 1.82036e-17)
(0.021995 -0.0615909 -8.81571e-18)
(0.0315333 -0.0825991 0)
(0.200401 -0.0209904 0)
(0.224141 -0.175688 2.87797e-16)
(0.199873 -0.251839 -2.26863e-16)
(0.143368 -0.261482 4.29783e-17)
(0.0936915 -0.236803 -4.1563e-17)
(0.0553179 -0.198239 -8.02443e-17)
(0.0304411 -0.159758 1.04168e-16)
(0.0191693 -0.128849 -8.95174e-18)
(0.0173258 -0.110928 0)
(0.0192284 -0.107387 -3.17166e-17)
(0.021511 -0.117536 4.48735e-17)
(0.0228322 -0.13998 0)
(0.16406 -0.0535829 -5.71637e-16)
(0.225548 -0.196813 4.64954e-16)
(0.238398 -0.306946 4.82371e-16)
(0.201117 -0.319799 0)
(0.154683 -0.301396 -3.27707e-16)
(0.110682 -0.267443 -2.86844e-16)
(0.0724755 -0.226578 1.33621e-16)
(0.046808 -0.188985 -2.46595e-17)
(0.0346742 -0.168424 2.46356e-17)
(0.0282462 -0.164144 0)
(0.0232375 -0.174633 1.19665e-20)
(0.0172843 -0.1981 2.14506e-17)
)
;

boundaryField
{
    rotor
    {
        type            fixedValue;
        value           nonuniform List<vector> 
192
(
(0.0684902 2.09216 -0)
(0.205177 2.0832 -0)
(0.340986 2.06532 -0)
(0.475334 2.0386 -0)
(0.607647 2.00314 -0)
(0.737357 1.95911 -0)
(0.863911 1.90669 -0)
(0.986765 1.84611 -0)
(1.10539 1.77762 -0)
(1.21929 1.70151 -0)
(1.32796 1.61813 -0)
(1.43095 1.52781 -0)
(1.52781 1.43095 -0)
(1.61813 1.32796 -0)
(1.70151 1.21929 -0)
(1.77762 1.10539 -0)
(1.84611 0.986765 -0)
(1.90669 0.863911 -0)
(1.95911 0.737358 -0)
(2.00314 0.607647 -0)
(2.0386 0.475334 -0)
(2.06532 0.340986 -0)
(2.0832 0.205177 -0)
(2.09216 0.0684902 -0)
(2.09216 -0.0684902 0)
(2.0832 -0.205177 0)
(2.06532 -0.340986 0)
(2.0386 -0.475334 0)
(2.00314 -0.607647 0)
(1.95911 -0.737357 0)
(1.90669 -0.863911 0)
(1.84611 -0.986765 0)
(1.77762 -1.10539 0)
(1.70151 -1.21929 0)
(1.61813 -1.32796 0)
(1.52781 -1.43095 0)
(1.43095 -1.52781 0)
(1.32796 -1.61813 0)
(1.21929 -1.70151 0)
(1.10539 -1.77762 0)
(0.986765 -1.84611 0)
(0.863911 -1.90669 0)
(0.737357 -1.95911 0)
(0.607647 -2.00314 0)
(0.475334 -2.0386 0)
(0.340986 -2.06532 0)
(0.205177 -2.0832 0)
(0.0684901 -2.09216 0)
(-0.0684902 -2.09216 0)
(-0.205177 -2.0832 0)
(-0.340986 -2.06532 0)
(-0.475334 -2.0386 0)
(-0.607647 -2.00314 0)
(-0.737358 -1.95911 0)
(-0.863911 -1.90669 0)
(-0.986765 -1.84611 0)
(-1.10539 -1.77762 0)
(-1.21929 -1.70151 0)
(-1.32796 -1.61813 0)
(-1.43095 -1.52781 0)
(-1.52781 -1.43095 0)
(-1.61813 -1.32796 0)
(-1.70151 -1.21929 0)
(-1.77762 -1.10539 0)
(-1.84611 -0.986765 0)
(-1.90669 -0.863911 0)
(-1.95911 -0.737357 0)
(-2.00314 -0.607647 0)
(-2.0386 -0.475334 0)
(-2.06532 -0.340986 0)
(-2.0832 -0.205177 0)
(-2.09216 -0.0684902 0)
(-2.09216 0.0684902 0)
(-2.0832 0.205177 0)
(-2.06532 0.340986 0)
(-2.0386 0.475334 0)
(-2.00314 0.607647 0)
(-1.95911 0.737358 0)
(-1.90669 0.863911 0)
(-1.84611 0.986765 0)
(-1.77762 1.10539 0)
(-1.70151 1.21929 0)
(-1.61813 1.32796 0)
(-1.52781 1.43095 0)
(-1.43095 1.52781 0)
(-1.32796 1.61813 0)
(-1.21929 1.70151 0)
(-1.10539 1.77762 0)
(-0.986765 1.84611 0)
(-0.863911 1.90669 0)
(-0.737357 1.95911 0)
(-0.607647 2.00314 0)
(-0.475334 2.0386 0)
(-0.340986 2.06532 0)
(-0.205177 2.0832 0)
(-0.0684902 2.09216 0)
(0 2.2253 0)
(0 2.4871 0)
(0 2.7489 0)
(0 3.0107 0)
(0 3.2725 0)
(0 3.5343 0)
(0 3.7961 0)
(0 4.0579 0)
(0 4.3197 0)
(0 4.5815 0)
(0 4.8433 0)
(0 5.1051 0)
(0 2.2253 0)
(0 2.4871 0)
(0 2.7489 0)
(0 3.0107 0)
(0 3.2725 0)
(0 3.5343 0)
(0 3.7961 0)
(0 4.0579 0)
(0 4.3197 0)
(0 4.5815 0)
(0 4.8433 0)
(0 5.1051 0)
(2.2253 3.99418e-09 -0)
(2.4871 4.46409e-09 -0)
(2.7489 4.93399e-09 -0)
(3.0107 5.4039e-09 -0)
(3.2725 5.8738e-09 -0)
(3.5343 6.3437e-09 -0)
(3.7961 6.81361e-09 -0)
(4.0579 7.28351e-09 -0)
(4.3197 7.75342e-09 -0)
(4.5815 8.22332e-09 -0)
(4.8433 8.69322e-09 -0)
(5.1051 9.16313e-09 -0)
(2.2253 3.99418e-09 -0)
(2.4871 4.46409e-09 -0)
(2.7489 4.93399e-09 -0)
(3.0107 5.4039e-09 -0)
(3.2725 5.8738e-09 -0)
(3.5343 6.3437e-09 -0)
(3.7961 6.81361e-09 -0)
(4.0579 7.28351e-09 -0)
(4.3197 7.75342e-09 -0)
(4.5815 8.22332e-09 -0)
(4.8433 8.69322e-09 -0)
(5.1051 9.16313e-09 -0)
(-7.98837e-09 -2.2253 0)
(-8.92818e-09 -2.4871 0)
(-9.86798e-09 -2.7489 0)
(-1.08078e-08 -3.0107 0)
(-1.17476e-08 -3.2725 0)
(-1.26874e-08 -3.5343 0)
(-1.36272e-08 -3.7961 0)
(-1.4567e-08 -4.0579 0)
(-1.55068e-08 -4.3197 0)
(-1.64466e-08 -4.5815 0)
(-1.73864e-08 -4.8433 0)
(-1.83263e-08 -5.1051 0)
(-7.98837e-09 -2.2253 0)
(-8.92818e-09 -2.4871 0)
(-9.86798e-09 -2.7489 0)
(-1.08078e-08 -3.0107 0)
(-1.17476e-08 -3.2725 0)
(-1.26874e-08 -3.5343 0)
(-1.36272e-08 -3.7961 0)
(-1.4567e-08 -4.0579 0)
(-1.55068e-08 -4.3197 0)
(-1.64466e-08 -4.5815 0)
(-1.73864e-08 -4.8433 0)
(-1.83263e-08 -5.1051 0)
(-2.2253 3.99418e-09 0)
(-2.4871 4.46409e-09 0)
(-2.7489 4.93399e-09 0)
(-3.0107 5.4039e-09 0)
(-3.2725 5.8738e-09 0)
(-3.5343 6.3437e-09 0)
(-3.7961 6.81361e-09 0)
(-4.0579 7.28351e-09 0)
(-4.3197 7.75342e-09 0)
(-4.5815 8.22332e-09 0)
(-4.8433 8.69322e-09 0)
(-5.1051 9.16313e-09 0)
(-2.2253 3.99418e-09 0)
(-2.4871 4.46409e-09 0)
(-2.7489 4.93399e-09 0)
(-3.0107 5.4039e-09 0)
(-3.2725 5.8738e-09 0)
(-3.5343 6.3437e-09 0)
(-3.7961 6.81361e-09 0)
(-4.0579 7.28351e-09 0)
(-4.3197 7.75342e-09 0)
(-4.5815 8.22332e-09 0)
(-4.8433 8.69322e-09 0)
(-5.1051 9.16313e-09 0)
)
;
    }
    stator
    {
        type            noSlip;
    }
    front
    {
        type            empty;
    }
    back
    {
        type            empty;
    }
}


// ************************************************************************* //
