/*--------------------------------*- C++ -*----------------------------------*\
  =========                 |
  \\      /  F ield         | OpenFOAM: The Open Source CFD Toolbox
   \\    /   O peration     | Website:  https://openfoam.org
    \\  /    A nd           | Version:  6
     \\/     M anipulation  |
\*---------------------------------------------------------------------------*/
FoamFile
{
    version     2.0;
    format      ascii;
    class       surfaceScalarField;
    location    "300";
    object      phi;
}
// * * * * * * * * * * * * * * * * * * * * * * * * * * * * * * * * * * * * * //

dimensions      [0 3 -1 0 0 0 0];

internalField   nonuniform List<scalar> 
5952
(
5.12162e-06
-5.16325e-06
8.96142e-06
-3.84222e-06
1.18325e-05
-2.86783e-06
1.30165e-05
-1.18348e-06
1.20606e-05
9.60201e-07
8.17847e-06
3.89273e-06
1.86114e-06
6.32146e-06
-1.09295e-05
1.27971e-05
-2.62609e-05
1.53311e-05
-3.81141e-05
1.18529e-05
-4.7577e-05
9.46151e-06
6.88709e-06
-5.44658e-05
1.86716e-06
-7.03207e-06
3.33166e-06
-5.30701e-06
2.21144e-06
-1.74603e-06
-1.485e-06
2.51654e-06
-9.13234e-06
8.61004e-06
-2.07152e-05
1.54783e-05
-3.30185e-05
1.8626e-05
-3.97056e-05
1.94858e-05
-4.23164e-05
1.7942e-05
-4.50901e-05
1.46262e-05
-4.74862e-05
1.18569e-05
9.05632e-06
-4.96567e-05
4.24994e-07
-7.45854e-06
-1.60267e-06
-3.27953e-06
-6.42738e-06
3.08028e-06
-1.47343e-05
1.08254e-05
-2.3875e-05
1.77524e-05
-2.98532e-05
2.14584e-05
-3.33368e-05
2.21108e-05
-3.502e-05
2.11701e-05
-3.58598e-05
1.87819e-05
-3.69731e-05
1.57393e-05
-3.79907e-05
1.28739e-05
9.96054e-06
-3.88957e-05
-3.36997e-06
-4.08994e-06
-8.09873e-06
1.44916e-06
-1.40734e-05
9.05626e-06
-1.9946e-05
1.66996e-05
-2.40539e-05
2.18618e-05
-2.62188e-05
2.3625e-05
-2.72603e-05
2.31534e-05
-2.76762e-05
2.15868e-05
-2.79364e-05
1.90423e-05
-2.83087e-05
1.61116e-05
-2.86354e-05
1.32002e-05
1.02426e-05
-2.89179e-05
-4.73921e-06
6.47452e-07
-9.91082e-06
6.62054e-06
-1.44323e-05
1.35788e-05
-1.76715e-05
1.99403e-05
-1.9252e-05
2.34439e-05
-1.97065e-05
2.40809e-05
-1.96281e-05
2.30759e-05
-1.92044e-05
2.11639e-05
-1.88524e-05
1.86905e-05
-1.86813e-05
1.59406e-05
-1.86113e-05
1.31299e-05
1.02592e-05
-1.86282e-05
-4.93597e-06
5.58109e-06
-9.12523e-06
1.08103e-05
-1.20115e-05
1.64657e-05
-1.32874e-05
2.12179e-05
-1.32437e-05
2.34015e-05
-1.25278e-05
2.33663e-05
-1.15645e-05
2.21137e-05
-1.06073e-05
2.02073e-05
-9.82493e-06
1.79085e-05
-9.27233e-06
1.5388e-05
-8.90578e-06
1.27634e-05
1.00472e-05
-8.69387e-06
-4.3172e-06
9.89804e-06
-7.50471e-06
1.39974e-05
-8.94939e-06
1.79114e-05
-8.6431e-06
2.09126e-05
-7.25737e-06
2.20169e-05
-5.50608e-06
2.16161e-05
-3.7751e-06
2.03835e-05
-2.24986e-06
1.86827e-05
-1.01785e-06
1.66768e-05
-9.22699e-08
1.44628e-05
5.69409e-07
1.21019e-05
9.60537e-06
1.01131e-06
-3.8633e-06
1.3761e-05
-5.97092e-06
1.61051e-05
-5.96308e-06
1.79038e-05
-4.18612e-06
1.91361e-05
-1.56174e-06
1.93931e-05
1.17997e-06
1.88749e-05
3.69167e-06
1.78723e-05
5.83126e-06
1.65436e-05
7.55548e-06
1.49529e-05
8.88154e-06
1.31369e-05
9.86433e-06
1.11192e-05
8.90882e-06
1.0561e-05
-3.32319e-06
1.70837e-05
-4.39665e-06
1.71783e-05
-2.76742e-06
1.62744e-05
4.51915e-07
1.59167e-05
4.23752e-06
1.56076e-05
7.91445e-06
1.51981e-05
1.11777e-05
1.46092e-05
1.39204e-05
1.38012e-05
1.61328e-05
1.27407e-05
1.78574e-05
1.14125e-05
1.91657e-05
9.81105e-06
7.94606e-06
2.01286e-05
-3.54639e-06
2.06307e-05
-2.10749e-06
1.57395e-05
2.07072e-06
1.20962e-05
6.84416e-06
1.11433e-05
1.1623e-05
1.08289e-05
1.59858e-05
1.08354e-05
1.97503e-05
1.08449e-05
2.28773e-05
1.06743e-05
2.5398e-05
1.02201e-05
2.73776e-05
9.43302e-06
2.89039e-05
8.2849e-06
6.79338e-06
3.00567e-05
2.77752e-07
2.03549e-05
6.24337e-06
9.7747e-06
1.25652e-05
5.7748e-06
1.82681e-05
5.44068e-06
2.32528e-05
5.84447e-06
2.75029e-05
6.58555e-06
3.10625e-05
7.28553e-06
3.39855e-05
7.7516e-06
3.6341e-05
7.8648e-06
3.82019e-05
7.5723e-06
3.96592e-05
6.82772e-06
5.66723e-06
4.07855e-05
2.03657e-05
-1.03942e-08
2.87108e-05
1.43028e-06
3.3971e-05
5.15178e-07
3.81082e-05
1.30385e-06
4.13513e-05
2.60181e-06
4.40182e-05
3.91892e-06
4.62587e-05
5.04536e-06
4.81245e-05
5.88615e-06
4.96512e-05
6.33825e-06
5.08722e-05
6.3515e-06
5.18539e-05
5.8462e-06
5.26394e-05
4.88191e-06
-5.94785e-05
5.0117e-06
-6.23439e-05
2.86407e-06
-6.34889e-05
1.14479e-06
-6.28121e-05
-6.77562e-07
-6.05159e-05
-2.29601e-06
-5.64265e-05
-4.08966e-06
-5.04948e-05
-5.93126e-06
-4.2561e-05
-7.93334e-06
-3.25181e-05
-1.00424e-05
-2.05257e-05
-1.19916e-05
-8.43667e-06
-1.20874e-05
-8.43612e-06
-5.09581e-05
6.3124e-06
-5.17571e-05
3.66193e-06
-5.18172e-05
1.20461e-06
-5.12712e-05
-1.22409e-06
-4.98781e-05
-3.68901e-06
-4.7589e-05
-6.37884e-06
-4.41676e-05
-9.35223e-06
-3.94063e-05
-1.2694e-05
-3.30322e-05
-1.64158e-05
-2.48238e-05
-2.01993e-05
-1.38089e-05
-2.31013e-05
-2.22446e-05
-3.96271e-05
7.04315e-06
-4.01454e-05
4.17959e-06
-4.03071e-05
1.36606e-06
-3.99994e-05
-1.53218e-06
-3.90735e-05
-4.61486e-06
-3.74616e-05
-7.99075e-06
-3.50365e-05
-1.1777e-05
-3.16964e-05
-1.60335e-05
-2.73198e-05
-2.07919e-05
-2.13886e-05
-2.613e-05
-1.29954e-05
-3.14937e-05
-3.52397e-05
-2.91629e-05
7.28776e-06
-2.93123e-05
4.32856e-06
-2.92577e-05
1.31127e-06
-2.89236e-05
-1.8665e-06
-2.82376e-05
-5.3009e-06
-2.71401e-05
-9.08813e-06
-2.55447e-05
-1.3372e-05
-2.33508e-05
-1.82271e-05
-2.03765e-05
-2.37659e-05
-1.6159e-05
-3.0347e-05
-9.83713e-06
-3.78148e-05
-4.50767e-05
-1.86863e-05
7.3456e-06
-1.87231e-05
4.36505e-06
-1.86746e-05
1.26268e-06
-1.84964e-05
-2.04484e-06
-1.81496e-05
-5.64768e-06
-1.75906e-05
-9.64698e-06
-1.67671e-05
-1.41953e-05
-1.56057e-05
-1.93882e-05
-1.39108e-05
-2.54603e-05
-1.15126e-05
-3.27449e-05
-7.53603e-06
-4.17912e-05
-5.26127e-05
-8.5896e-06
7.24122e-06
-8.54475e-06
4.32009e-06
-8.51849e-06
1.23637e-06
-8.48514e-06
-2.07811e-06
-8.42761e-06
-5.70512e-06
-8.32976e-06
-9.74449e-06
-8.19687e-06
-1.43279e-05
-7.97837e-06
-1.96061e-05
-7.58975e-06
-2.58489e-05
-6.84365e-06
-3.34907e-05
-4.99472e-06
-4.36399e-05
-5.76074e-05
1.28104e-06
6.97153e-06
1.41827e-06
4.18288e-06
1.44973e-06
1.20508e-06
1.38477e-06
-2.01299e-06
1.21772e-06
-5.53765e-06
9.30078e-07
-9.45648e-06
4.90285e-07
-1.38875e-05
-1.18322e-07
-1.89973e-05
-8.8487e-07
-2.50817e-05
-1.70727e-06
-3.2668e-05
-2.17117e-06
-4.31757e-05
-5.97782e-05
1.10255e-05
6.50714e-06
1.12955e-05
3.91303e-06
1.13897e-05
1.11104e-06
1.13051e-05
-1.92798e-06
1.10157e-05
-5.24774e-06
1.04718e-05
-8.91196e-06
9.59541e-06
-1.30106e-05
8.29269e-06
-1.76937e-05
6.45794e-06
-2.32464e-05
4.04646e-06
-3.02558e-05
1.39005e-06
-4.05182e-05
-5.83872e-05
2.08114e-05
5.82442e-06
2.12545e-05
3.47015e-06
2.14738e-05
8.92042e-07
2.14583e-05
-1.91193e-06
2.11669e-05
-4.95579e-06
2.05242e-05
-8.26851e-06
1.94018e-05
-1.18873e-05
1.76209e-05
-1.5912e-05
1.49267e-05
-2.05513e-05
1.10421e-05
-2.63697e-05
6.00429e-06
-3.54787e-05
-5.23822e-05
3.09146e-05
4.96671e-06
3.15209e-05
2.86401e-06
3.1893e-05
5.20318e-07
3.20153e-05
-2.03374e-06
3.18368e-05
-4.77666e-06
3.12649e-05
-7.69587e-06
3.01268e-05
-1.07484e-05
2.81633e-05
-1.39477e-05
2.49514e-05
-1.7338e-05
1.99687e-05
-2.13862e-05
1.23512e-05
-2.78596e-05
-4.0029e-05
4.16691e-05
4.08325e-06
4.23482e-05
2.18515e-06
4.28411e-05
2.77391e-08
4.31302e-05
-2.32236e-06
4.31573e-05
-4.80307e-06
4.28196e-05
-7.35746e-06
4.1917e-05
-9.84492e-06
4.01485e-05
-1.21783e-05
3.694e-05
-1.41289e-05
3.1525e-05
-1.59696e-05
2.13473e-05
-1.76801e-05
-1.86809e-05
5.33268e-05
3.39593e-06
5.39344e-05
1.5778e-06
5.44769e-05
-5.14596e-07
5.49309e-05
-2.776e-06
5.52288e-05
-5.10055e-06
5.52604e-05
-7.38854e-06
5.48212e-05
-9.40523e-06
5.36342e-05
-1.09907e-05
5.11541e-05
-1.16476e-05
4.63931e-05
-1.12086e-05
3.56105e-05
-6.89662e-06
1.69308e-05
5.16162e-06
-5.1666e-06
8.99138e-06
-3.83492e-06
1.18551e-05
-2.86297e-06
1.30346e-05
-1.18156e-06
1.20787e-05
9.58476e-07
8.19809e-06
3.88999e-06
1.88576e-06
6.31671e-06
-1.08888e-05
1.27819e-05
-2.62249e-05
1.53367e-05
-3.80861e-05
1.18619e-05
-4.75534e-05
9.46688e-06
6.89218e-06
-5.44464e-05
1.86075e-06
-7.03103e-06
3.33592e-06
-5.31219e-06
2.22379e-06
-1.75176e-06
-1.46581e-06
2.50917e-06
-9.10286e-06
8.59686e-06
-2.06815e-05
1.5471e-05
-3.29902e-05
1.86268e-05
-3.96955e-05
1.9489e-05
-4.23089e-05
1.79507e-05
-4.50812e-05
1.46342e-05
-4.74779e-05
1.18634e-05
9.06231e-06
-4.96487e-05
4.31962e-07
-7.46521e-06
-1.58973e-06
-3.29204e-06
-6.40672e-06
3.06562e-06
-1.47098e-05
1.08132e-05
-2.3859e-05
1.77473e-05
-2.98453e-05
2.14589e-05
-3.33328e-05
2.21154e-05
-3.50184e-05
2.11758e-05
-3.58573e-05
1.87899e-05
-3.69695e-05
1.57465e-05
-3.79866e-05
1.28802e-05
9.96642e-06
-3.88913e-05
-3.36364e-06
-4.10372e-06
-8.08959e-06
1.43274e-06
-1.40653e-05
9.04215e-06
-1.99423e-05
1.66912e-05
-2.40537e-05
2.186e-05
-2.62206e-05
2.36272e-05
-2.72623e-05
2.31581e-05
-2.76779e-05
2.15924e-05
-2.79369e-05
1.90491e-05
-2.83083e-05
1.6118e-05
-2.86345e-05
1.32062e-05
1.02481e-05
-2.89165e-05
-4.73656e-06
6.29228e-07
-9.90876e-06
6.6052e-06
-1.44339e-05
1.35669e-05
-1.76755e-05
1.99346e-05
-1.92573e-05
2.3443e-05
-1.97116e-05
2.4083e-05
-1.96323e-05
2.308e-05
-1.92079e-05
2.11686e-05
-1.88544e-05
1.8696e-05
-1.86824e-05
1.5946e-05
-1.86115e-05
1.31353e-05
1.02641e-05
-1.86278e-05
-4.93607e-06
5.56492e-06
-9.12883e-06
1.07961e-05
-1.20165e-05
1.64562e-05
-1.32944e-05
2.1213e-05
-1.32505e-05
2.34008e-05
-1.25338e-05
2.33678e-05
-1.15695e-05
2.21167e-05
-1.0611e-05
2.02112e-05
-9.82766e-06
1.7913e-05
-9.274e-06
1.53929e-05
-8.90691e-06
1.27681e-05
1.00517e-05
-8.69436e-06
-4.32045e-06
9.88462e-06
-7.5096e-06
1.39859e-05
-8.95661e-06
1.79031e-05
-8.65075e-06
2.09083e-05
-7.2643e-06
2.20156e-05
-5.51197e-06
2.16167e-05
-3.77968e-06
2.03855e-05
-2.25355e-06
1.86858e-05
-1.02059e-06
1.66808e-05
-9.44513e-08
1.44671e-05
5.67724e-07
1.21063e-05
9.60961e-06
1.00996e-06
-3.86692e-06
1.37517e-05
-5.97694e-06
1.60956e-05
-5.97056e-06
1.78969e-05
-4.19352e-06
1.91318e-05
-1.56807e-06
1.93909e-05
1.1749e-06
1.88745e-05
3.68772e-06
1.78734e-05
5.82812e-06
1.6546e-05
7.55292e-06
1.49564e-05
8.87929e-06
1.31411e-05
9.86228e-06
1.11236e-05
8.91301e-06
1.05591e-05
-3.32677e-06
1.70793e-05
-4.40251e-06
1.71717e-05
-2.77436e-06
1.62689e-05
4.45436e-07
1.59122e-05
4.23224e-06
1.56045e-05
7.91045e-06
1.51967e-05
1.11747e-05
1.46096e-05
1.3918e-05
1.38032e-05
1.61307e-05
1.2744e-05
1.78553e-05
1.14167e-05
1.91636e-05
9.81552e-06
7.95035e-06
2.01264e-05
-3.54937e-06
2.06297e-05
-2.11225e-06
1.5735e-05
2.06551e-06
1.20914e-05
6.83952e-06
1.11385e-05
1.16193e-05
1.0825e-05
1.59831e-05
1.08332e-05
1.97483e-05
1.08447e-05
2.28756e-05
1.06762e-05
2.53964e-05
1.02235e-05
2.73758e-05
9.43743e-06
2.89019e-05
8.28962e-06
6.7979e-06
3.00545e-05
2.77327e-07
2.03542e-05
6.24143e-06
9.77169e-06
1.25632e-05
5.77015e-06
1.82664e-05
5.43565e-06
2.32515e-05
5.84043e-06
2.75019e-05
6.58325e-06
3.10616e-05
7.28548e-06
3.39844e-05
7.75369e-06
3.63397e-05
7.86856e-06
3.82003e-05
7.5771e-06
3.96573e-05
6.83277e-06
5.67198e-06
4.07834e-05
2.03667e-05
-1.14278e-08
2.87129e-05
1.42641e-06
3.39727e-05
5.11076e-07
3.81094e-05
1.29953e-06
4.13518e-05
2.59845e-06
4.40182e-05
3.91735e-06
4.62582e-05
5.04599e-06
4.81234e-05
5.88883e-06
4.96498e-05
6.34254e-06
5.08705e-05
6.35667e-06
5.1852e-05
5.85151e-06
5.26375e-05
4.88673e-06
-5.9462e-05
5.01529e-06
-6.23302e-05
2.86736e-06
-6.34776e-05
1.14755e-06
-6.28028e-05
-6.75356e-07
-6.05084e-05
-2.29414e-06
-5.64206e-05
-4.08815e-06
-5.049e-05
-5.93015e-06
-4.25572e-05
-7.93257e-06
-3.25149e-05
-1.0042e-05
-2.05228e-05
-1.19915e-05
-8.43457e-06
-1.20873e-05
-8.43425e-06
-5.0951e-05
6.31727e-06
-5.17506e-05
3.66622e-06
-5.18113e-05
1.20819e-06
-5.12661e-05
-1.22111e-06
-4.98736e-05
-3.68646e-06
-4.75852e-05
-6.37674e-06
-4.41645e-05
-9.35056e-06
-3.9404e-05
-1.26928e-05
-3.30305e-05
-1.6415e-05
-2.48228e-05
-2.01988e-05
-1.38088e-05
-2.31007e-05
-2.22429e-05
-3.96228e-05
7.0484e-06
-4.01413e-05
4.18417e-06
-4.03032e-05
1.36996e-06
-3.99959e-05
-1.52882e-06
-3.90703e-05
-4.61202e-06
-3.74588e-05
-7.98837e-06
-3.50341e-05
-1.17751e-05
-3.16946e-05
-1.6032e-05
-2.73186e-05
-2.07908e-05
-2.13881e-05
-2.61292e-05
-1.29956e-05
-3.14928e-05
-3.52383e-05
-2.9161e-05
7.2926e-06
-2.931e-05
4.3328e-06
-2.92552e-05
1.31501e-06
-2.89211e-05
-1.86321e-06
-2.82351e-05
-5.298e-06
-2.71379e-05
-9.08563e-06
-2.55429e-05
-1.33699e-05
-2.33495e-05
-1.82253e-05
-2.03756e-05
-2.37645e-05
-1.61585e-05
-3.03461e-05
-9.83699e-06
-3.78139e-05
-4.50754e-05
-1.86854e-05
7.35004e-06
-1.87218e-05
4.36898e-06
-1.86731e-05
1.26621e-06
-1.84948e-05
-2.04164e-06
-1.8148e-05
-5.64486e-06
-1.75891e-05
-9.6444e-06
-1.67659e-05
-1.41931e-05
-1.56047e-05
-1.93863e-05
-1.39103e-05
-2.54588e-05
-1.15123e-05
-3.27436e-05
-7.5364e-06
-4.17902e-05
-5.26116e-05
-8.58973e-06
7.24531e-06
-8.54454e-06
4.32378e-06
-8.518e-06
1.23972e-06
-8.48453e-06
-2.07512e-06
-8.42681e-06
-5.70232e-06
-8.32908e-06
-9.74204e-06
-8.19618e-06
-1.43256e-05
-7.978e-06
-1.96042e-05
-7.58928e-06
-2.58471e-05
-6.84389e-06
-3.34895e-05
-4.99477e-06
-4.36388e-05
-5.76067e-05
1.27999e-06
6.97543e-06
1.41753e-06
4.18642e-06
1.44924e-06
1.20822e-06
1.38462e-06
-2.01012e-06
1.2177e-06
-5.5351e-06
9.30272e-07
-9.45411e-06
4.90447e-07
-1.38854e-05
-1.17998e-07
-1.89953e-05
-8.84942e-07
-2.50801e-05
-1.70724e-06
-3.26664e-05
-2.1717e-06
-4.31749e-05
-5.9778e-05
1.10237e-05
6.51099e-06
1.1294e-05
3.91642e-06
1.13886e-05
1.11402e-06
1.13043e-05
-1.92541e-06
1.10152e-05
-5.24542e-06
1.04715e-05
-8.9099e-06
9.59547e-06
-1.30087e-05
8.29283e-06
-1.7692e-05
6.45824e-06
-2.32447e-05
4.04638e-06
-3.02544e-05
1.38991e-06
-4.05173e-05
-5.83871e-05
2.08093e-05
5.82829e-06
2.12526e-05
3.47344e-06
2.14723e-05
8.94796e-07
2.14571e-05
-1.90968e-06
2.11662e-05
-4.95388e-06
2.0524e-05
-8.26688e-06
1.94019e-05
-1.18858e-05
1.76214e-05
-1.59105e-05
1.49272e-05
-2.05496e-05
1.10422e-05
-2.63682e-05
6.00447e-06
-3.54773e-05
-5.23819e-05
3.09124e-05
4.97062e-06
3.1519e-05
2.86721e-06
3.18914e-05
5.2276e-07
3.20142e-05
-2.03188e-06
3.18363e-05
-4.77531e-06
3.1265e-05
-7.69472e-06
3.01274e-05
-1.07473e-05
2.81643e-05
-1.39464e-05
2.49523e-05
-1.73365e-05
1.99698e-05
-2.13841e-05
1.23515e-05
-2.78583e-05
-4.00277e-05
4.16671e-05
4.08719e-06
4.23465e-05
2.18818e-06
4.28399e-05
2.98217e-08
4.31297e-05
-2.32104e-06
4.31573e-05
-4.80234e-06
4.28204e-05
-7.35697e-06
4.19183e-05
-9.84444e-06
4.01504e-05
-1.21774e-05
3.69421e-05
-1.41273e-05
3.15265e-05
-1.59679e-05
2.13489e-05
-1.76775e-05
-1.86777e-05
5.33252e-05
3.39975e-06
5.39332e-05
1.58043e-06
5.44764e-05
-5.13028e-07
5.49311e-05
-2.7754e-06
5.52298e-05
-5.10054e-06
5.52621e-05
-7.38884e-06
5.48237e-05
-9.40535e-06
5.36372e-05
-1.09903e-05
5.11571e-05
-1.16465e-05
4.63962e-05
-1.12058e-05
3.56127e-05
-6.89398e-06
1.69368e-05
5.53542e-06
-5.53524e-06
9.28812e-06
-3.75705e-06
1.20191e-05
-2.72953e-06
1.31151e-05
-1.09995e-06
1.21163e-05
1.00149e-06
8.20117e-06
3.92247e-06
1.86464e-06
6.34138e-06
-1.0949e-05
1.28201e-05
-2.62762e-05
1.53282e-05
-3.81215e-05
1.18456e-05
-4.75799e-05
9.45786e-06
6.8832e-06
-5.44643e-05
1.81672e-06
-7.35242e-06
3.39249e-06
-5.33381e-06
2.2784e-06
-1.6165e-06
-1.46529e-06
2.64286e-06
-9.14527e-06
8.68198e-06
-2.07332e-05
1.55122e-05
-3.30306e-05
1.864e-05
-3.96988e-05
1.94898e-05
-4.23078e-05
1.79377e-05
-4.50836e-05
1.46212e-05
-4.74794e-05
1.18532e-05
9.05268e-06
-4.96499e-05
6.58277e-08
-7.4191e-06
-1.88878e-06
-3.3798e-06
-6.57563e-06
3.07027e-06
-1.47957e-05
1.0863e-05
-2.38962e-05
1.77832e-05
-2.98569e-05
2.1474e-05
-3.33331e-05
2.21172e-05
-3.50131e-05
2.11707e-05
-3.58526e-05
1.87775e-05
-3.69665e-05
1.57351e-05
-3.7984e-05
1.28703e-05
9.95751e-06
-3.88895e-05
-3.31943e-06
-4.10075e-06
-8.13987e-06
1.44016e-06
-1.41256e-05
9.05632e-06
-1.99749e-05
1.67132e-05
-2.40638e-05
2.1873e-05
-2.62196e-05
2.36311e-05
-2.72562e-05
2.31548e-05
-2.767e-05
2.15853e-05
-2.79305e-05
1.90383e-05
-2.83031e-05
1.61078e-05
-2.86299e-05
1.3197e-05
1.024e-05
-2.89127e-05
-4.7366e-06
6.34631e-07
-9.9223e-06
6.62581e-06
-1.44499e-05
1.35848e-05
-1.76825e-05
1.9947e-05
-1.92555e-05
2.34473e-05
-1.9705e-05
2.40819e-05
-1.96237e-05
2.30745e-05
-1.91992e-05
2.11617e-05
-1.88477e-05
1.86871e-05
-1.86771e-05
1.59375e-05
-1.86075e-05
1.31274e-05
1.02573e-05
-1.86248e-05
-4.94048e-06
5.57405e-06
-9.12953e-06
1.08157e-05
-1.20156e-05
1.64718e-05
-1.32886e-05
2.12215e-05
-1.3242e-05
2.34021e-05
-1.25241e-05
2.33652e-05
-1.15603e-05
2.21118e-05
-1.06031e-05
2.02052e-05
-9.8214e-06
1.79061e-05
-9.26946e-06
1.53858e-05
-8.90344e-06
1.27616e-05
1.00458e-05
-8.69195e-06
-4.31928e-06
9.89416e-06
-7.50461e-06
1.40015e-05
-8.94735e-06
1.7916e-05
-8.63929e-06
2.09149e-05
-7.25278e-06
2.20168e-05
-5.50132e-06
2.1615e-05
-3.77081e-06
2.03822e-05
-2.24622e-06
1.86814e-05
-1.01508e-06
1.66754e-05
-9.02886e-08
1.44615e-05
5.70743e-07
1.21009e-05
9.6046e-06
1.01218e-06
-3.86215e-06
1.37569e-05
-5.96716e-06
1.61074e-05
-5.95738e-06
1.79069e-05
-4.17962e-06
1.91379e-05
-1.55547e-06
1.93934e-05
1.18563e-06
1.88745e-05
3.69645e-06
1.78719e-05
5.83505e-06
1.65434e-05
7.55819e-06
1.49528e-05
8.88328e-06
1.31369e-05
9.86528e-06
1.11192e-05
8.9088e-06
1.05614e-05
-3.31951e-06
1.70768e-05
-4.39144e-06
1.71797e-05
-2.76072e-06
1.62765e-05
4.59227e-07
1.59182e-05
4.24459e-06
1.56083e-05
7.92083e-06
1.51986e-05
1.11832e-05
1.46099e-05
1.39247e-05
1.38022e-05
1.61359e-05
1.27419e-05
1.78594e-05
1.14138e-05
1.91667e-05
9.81218e-06
7.94692e-06
2.01289e-05
-3.54384e-06
2.06219e-05
-2.10364e-06
1.574e-05
2.07611e-06
1.20971e-05
6.85046e-06
1.1144e-05
1.16294e-05
1.08296e-05
1.59917e-05
1.08364e-05
1.97555e-05
1.08464e-05
2.28815e-05
1.06765e-05
2.54011e-05
1.02227e-05
2.73796e-05
9.43558e-06
2.8905e-05
8.28717e-06
6.79513e-06
3.00571e-05
2.76792e-07
2.03473e-05
6.24536e-06
9.77232e-06
1.25683e-05
5.77456e-06
1.82721e-05
5.44062e-06
2.32569e-05
5.845e-06
2.75068e-05
6.58671e-06
3.10659e-05
7.28761e-06
3.39882e-05
7.75453e-06
3.6343e-05
7.86825e-06
3.82031e-05
7.57579e-06
3.96598e-05
6.83083e-06
5.66965e-06
4.07856e-05
2.0364e-05
-1.5631e-08
2.87101e-05
1.42702e-06
3.39712e-05
5.13949e-07
3.8109e-05
1.30319e-06
4.13523e-05
2.602e-06
4.40192e-05
3.92014e-06
4.62594e-05
5.04772e-06
4.81248e-05
5.88949e-06
4.96513e-05
6.34216e-06
5.0872e-05
6.35543e-06
5.18535e-05
5.84965e-06
5.2639e-05
4.88453e-06
-5.94746e-05
5.00972e-06
-6.23382e-05
2.86248e-06
-6.34822e-05
1.14389e-06
-6.28051e-05
-6.77785e-07
-6.05089e-05
-2.29606e-06
-5.642e-05
-4.08927e-06
-5.04889e-05
-5.93083e-06
-4.2556e-05
-7.93261e-06
-3.25141e-05
-1.00416e-05
-2.0523e-05
-1.19906e-05
-8.43571e-06
-1.20864e-05
-8.4354e-06
-5.09508e-05
6.31014e-06
-5.17496e-05
3.66038e-06
-5.18099e-05
1.20388e-06
-5.12641e-05
-1.22416e-06
-4.98715e-05
-3.68865e-06
-4.75829e-05
-6.37808e-06
-4.41623e-05
-9.35116e-06
-3.94019e-05
-1.26927e-05
-3.30288e-05
-1.64142e-05
-2.48216e-05
-2.01975e-05
-1.3808e-05
-2.30994e-05
-2.22432e-05
-3.96209e-05
7.04104e-06
-4.01394e-05
4.17827e-06
-4.03013e-05
1.36551e-06
-3.99938e-05
-1.53207e-06
-3.90683e-05
-4.6142e-06
-3.74569e-05
-7.98961e-06
-3.50324e-05
-1.17754e-05
-3.16931e-05
-1.60317e-05
-2.73172e-05
-2.07898e-05
-2.13867e-05
-2.61277e-05
-1.29944e-05
-3.14912e-05
-3.52373e-05
-2.91581e-05
7.28608e-06
-2.93078e-05
4.32763e-06
-2.92535e-05
1.31101e-06
-2.89196e-05
-1.86616e-06
-2.82339e-05
-5.3e-06
-2.71368e-05
-9.08674e-06
-2.55418e-05
-1.33702e-05
-2.33484e-05
-1.82249e-05
-2.03746e-05
-2.37633e-05
-1.61577e-05
-3.03442e-05
-9.83659e-06
-3.78119e-05
-4.50739e-05
-1.86832e-05
7.34433e-06
-1.87202e-05
4.3644e-06
-1.86719e-05
1.26259e-06
-1.84938e-05
-2.04439e-06
-1.81471e-05
-5.64673e-06
-1.75882e-05
-9.64553e-06
-1.67649e-05
-1.41933e-05
-1.56038e-05
-1.93858e-05
-1.39093e-05
-2.54574e-05
-1.15116e-05
-3.27418e-05
-7.53563e-06
-4.17879e-05
-5.26095e-05
-8.58793e-06
7.24033e-06
-8.54322e-06
4.31965e-06
-8.517e-06
1.23635e-06
-8.48362e-06
-2.07772e-06
-8.42602e-06
-5.70427e-06
-8.32813e-06
-9.74315e-06
-8.19525e-06
-1.4326e-05
-7.97691e-06
-1.96036e-05
-7.58859e-06
-2.58459e-05
-6.8429e-06
-3.34873e-05
-4.99442e-06
-4.36363e-05
-5.76041e-05
1.28164e-06
6.97102e-06
1.41876e-06
4.18262e-06
1.45025e-06
1.20504e-06
1.38545e-06
-2.01276e-06
1.2186e-06
-5.53706e-06
9.3117e-07
-9.45542e-06
4.91517e-07
-1.38858e-05
-1.17107e-07
-1.89949e-05
-8.83818e-07
-2.50786e-05
-1.70657e-06
-3.26645e-05
-2.17082e-06
-4.31721e-05
-5.97746e-05
1.10255e-05
6.5071e-06
1.12954e-05
3.91297e-06
1.13896e-05
1.11098e-06
1.13052e-05
-1.92796e-06
1.10161e-05
-5.2475e-06
1.04725e-05
-8.9113e-06
9.59648e-06
-1.30093e-05
8.29391e-06
-1.76916e-05
6.45907e-06
-2.32434e-05
4.0473e-06
-3.02521e-05
1.39051e-06
-4.05143e-05
-5.83833e-05
2.08113e-05
5.82496e-06
2.12542e-05
3.47039e-06
2.14735e-05
8.9201e-07
2.14581e-05
-1.91212e-06
2.11672e-05
-4.95594e-06
2.05249e-05
-8.26832e-06
1.94029e-05
-1.18865e-05
1.76223e-05
-1.59102e-05
1.49281e-05
-2.05483e-05
1.10432e-05
-2.63658e-05
6.00492e-06
-3.54744e-05
-5.23776e-05
3.09145e-05
4.96784e-06
3.15206e-05
2.86453e-06
3.18927e-05
5.20315e-07
3.20152e-05
-2.03413e-06
3.18371e-05
-4.7772e-06
3.12657e-05
-7.69616e-06
3.01281e-05
-1.0748e-05
2.81649e-05
-1.39462e-05
2.49531e-05
-1.73353e-05
1.99703e-05
-2.13822e-05
1.23521e-05
-2.78549e-05
-4.00237e-05
4.1669e-05
4.08476e-06
4.23481e-05
2.1858e-06
4.28411e-05
2.76453e-08
4.31305e-05
-2.32302e-06
4.31579e-05
-4.804e-06
4.28207e-05
-7.35819e-06
4.19185e-05
-9.84496e-06
4.01503e-05
-1.21771e-05
3.69419e-05
-1.41262e-05
3.15268e-05
-1.59655e-05
2.13485e-05
-1.76749e-05
-1.86743e-05
5.33265e-05
3.39742e-06
5.39344e-05
1.57824e-06
5.44773e-05
-5.15034e-07
5.49317e-05
-2.77708e-06
5.523e-05
-5.1019e-06
5.5262e-05
-7.3896e-06
5.4823e-05
-9.40545e-06
5.36361e-05
-1.09896e-05
5.11559e-05
-1.16449e-05
4.63947e-05
-1.12044e-05
3.56117e-05
-6.89104e-06
1.69386e-05
5.16234e-06
-5.1672e-06
8.99257e-06
-3.83531e-06
1.18564e-05
-2.86295e-06
1.3036e-05
-1.18156e-06
1.20804e-05
9.58258e-07
8.19897e-06
3.89087e-06
1.88439e-06
6.31908e-06
-1.08943e-05
1.2786e-05
-2.6233e-05
1.53394e-05
-3.80955e-05
1.18632e-05
-4.75639e-05
9.46802e-06
6.89268e-06
-5.44575e-05
1.86139e-06
-7.03216e-06
3.33794e-06
-5.31389e-06
2.22667e-06
-1.75245e-06
-1.4631e-06
2.50946e-06
-9.1017e-06
8.59828e-06
-2.06831e-05
1.54747e-05
-3.29949e-05
1.86322e-05
-3.9701e-05
1.9494e-05
-4.23154e-05
1.79544e-05
-4.50888e-05
1.46367e-05
-4.74861e-05
1.18651e-05
9.06327e-06
-4.96574e-05
4.33842e-07
-7.46813e-06
-1.58618e-06
-3.29533e-06
-6.40207e-06
3.0639e-06
-1.4706e-05
1.08145e-05
-2.3859e-05
1.77525e-05
-2.98488e-05
2.14661e-05
-3.33378e-05
2.21223e-05
-3.50241e-05
2.11816e-05
-3.58635e-05
1.87941e-05
-3.69763e-05
1.57495e-05
-3.79938e-05
1.28823e-05
9.96758e-06
-3.88986e-05
-3.36164e-06
-4.10853e-06
-8.08648e-06
1.4284e-06
-1.4063e-05
9.04139e-06
-1.9943e-05
1.66953e-05
-2.40569e-05
2.18679e-05
-2.62251e-05
2.36357e-05
-2.72673e-05
2.31657e-05
-2.76833e-05
2.15985e-05
-2.79426e-05
1.90537e-05
-2.83143e-05
1.61213e-05
-2.86405e-05
1.32084e-05
1.02493e-05
-2.89225e-05
-4.73503e-06
6.23028e-07
-9.90777e-06
6.60151e-06
-1.44346e-05
1.35678e-05
-1.76781e-05
1.99408e-05
-1.92611e-05
2.3452e-05
-1.97159e-05
2.4092e-05
-1.96368e-05
2.30878e-05
-1.92125e-05
2.11749e-05
-1.8859e-05
1.87008e-05
-1.8687e-05
1.59494e-05
-1.86161e-05
1.31375e-05
1.02653e-05
-1.86323e-05
-4.93573e-06
5.5587e-06
-9.12928e-06
1.07933e-05
-1.20182e-05
1.64584e-05
-1.32971e-05
2.12202e-05
-1.32536e-05
2.34102e-05
-1.2537e-05
2.3377e-05
-1.15726e-05
2.21245e-05
-1.06141e-05
2.02175e-05
-9.83074e-06
1.79177e-05
-9.27705e-06
1.53962e-05
-8.90989e-06
1.27703e-05
1.00528e-05
-8.69728e-06
-4.32092e-06
9.87903e-06
-7.51079e-06
1.39839e-05
-8.95857e-06
1.79061e-05
-8.6529e-06
2.09158e-05
-7.26627e-06
2.20249e-05
-5.51368e-06
2.16256e-05
-3.78122e-06
2.03932e-05
-2.25498e-06
1.8692e-05
-1.02194e-06
1.66854e-05
-9.57334e-08
1.44704e-05
5.66505e-07
1.21084e-05
9.61066e-06
1.0088e-06
-3.86764e-06
1.37471e-05
-5.97861e-06
1.60947e-05
-5.97265e-06
1.79005e-05
-4.19512e-06
1.91388e-05
-1.56893e-06
1.93995e-05
1.17458e-06
1.88829e-05
3.68771e-06
1.78808e-05
5.82828e-06
1.6552e-05
7.5532e-06
1.4961e-05
8.87966e-06
1.31443e-05
9.86272e-06
1.11256e-05
8.91403e-06
1.05596e-05
-3.32835e-06
1.70763e-05
-4.40483e-06
1.71716e-05
-2.77658e-06
1.62724e-05
4.44098e-07
1.59184e-05
4.23187e-06
1.56121e-05
7.91078e-06
1.52044e-05
1.11755e-05
1.46165e-05
1.3919e-05
1.38089e-05
1.6132e-05
1.27484e-05
1.78568e-05
1.14197e-05
1.91652e-05
9.81743e-06
7.95129e-06
2.01281e-05
-3.55126e-06
2.06288e-05
-2.11487e-06
1.57358e-05
2.06305e-06
1.20948e-05
6.83778e-06
1.1144e-05
1.16184e-05
1.08318e-05
1.59829e-05
1.08403e-05
1.97488e-05
1.08511e-05
2.28766e-05
1.06814e-05
2.53978e-05
1.02275e-05
2.73776e-05
9.44013e-06
2.8904e-05
8.29123e-06
6.79861e-06
3.00569e-05
2.76058e-07
2.03546e-05
6.23867e-06
9.77396e-06
1.256e-05
5.77398e-06
1.82634e-05
5.44107e-06
2.3249e-05
5.84676e-06
2.75001e-05
6.58955e-06
3.10606e-05
7.29108e-06
3.39842e-05
7.75819e-06
3.63402e-05
7.87182e-06
3.82015e-05
7.57915e-06
3.96591e-05
6.83382e-06
5.67225e-06
4.07857e-05
2.03638e-05
-8.11809e-09
2.87082e-05
1.4304e-06
3.39673e-05
5.15715e-07
3.81038e-05
1.30509e-06
4.13468e-05
2.60429e-06
4.4014e-05
3.92283e-06
4.6255e-05
5.05062e-06
4.81213e-05
5.89231e-06
4.96487e-05
6.3448e-06
5.08703e-05
6.35776e-06
5.18527e-05
5.85171e-06
5.26389e-05
4.88626e-06
-5.94733e-05
5.01556e-06
-6.23413e-05
2.86723e-06
-6.34884e-05
1.14722e-06
-6.28131e-05
-6.7588e-07
-6.0518e-05
-2.29482e-06
-5.64293e-05
-4.089e-06
-5.04978e-05
-5.93108e-06
-4.25639e-05
-7.93365e-06
-3.25204e-05
-1.00432e-05
-2.0527e-05
-1.19928e-05
-8.4371e-06
-1.20889e-05
-8.43677e-06
-5.09598e-05
6.31764e-06
-5.17593e-05
3.66608e-06
-5.18198e-05
1.20767e-06
-5.12742e-05
-1.22197e-06
-4.98813e-05
-3.68765e-06
-4.75922e-05
-6.37823e-06
-4.41706e-05
-9.35234e-06
-3.94092e-05
-1.26948e-05
-3.30346e-05
-1.64173e-05
-2.48257e-05
-2.02014e-05
-1.38103e-05
-2.31037e-05
-2.22469e-05
-3.96301e-05
7.04881e-06
-4.01485e-05
4.18394e-06
-4.03102e-05
1.3692e-06
-4.00024e-05
-1.53009e-06
-3.90763e-05
-4.61374e-06
-3.74641e-05
-7.99052e-06
-3.50387e-05
-1.17776e-05
-3.16984e-05
-1.60348e-05
-2.73214e-05
-2.0794e-05
-2.13899e-05
-2.61327e-05
-1.29964e-05
-3.14968e-05
-3.5243e-05
-2.9167e-05
7.29294e-06
-2.93158e-05
4.33241e-06
-2.92608e-05
1.31398e-06
-2.89262e-05
-1.86483e-06
-2.82399e-05
-5.30017e-06
-2.71421e-05
-9.0883e-06
-2.55465e-05
-1.33731e-05
-2.33523e-05
-1.82288e-05
-2.03778e-05
-2.37684e-05
-1.616e-05
-3.03503e-05
-9.83788e-06
-3.78185e-05
-4.5081e-05
-1.86898e-05
7.35029e-06
-1.87261e-05
4.36845e-06
-1.86772e-05
1.26496e-06
-1.84986e-05
-2.04353e-06
-1.81515e-05
-5.64735e-06
-1.75922e-05
-9.64743e-06
-1.67686e-05
-1.41967e-05
-1.56069e-05
-1.93902e-05
-1.39119e-05
-2.54632e-05
-1.15133e-05
-3.27483e-05
-7.53675e-06
-4.17955e-05
-5.26175e-05
-8.59255e-06
7.24548e-06
-8.54726e-06
4.32314e-06
-8.52056e-06
1.23834e-06
-8.48691e-06
-2.07718e-06
-8.42897e-06
-5.70501e-06
-8.331e-06
-9.7453e-06
-8.19782e-06
-1.43294e-05
-7.97928e-06
-1.96085e-05
-7.59018e-06
-2.58518e-05
-6.84441e-06
-3.34946e-05
-4.99499e-06
-4.36443e-05
-5.76128e-05
1.27888e-06
6.97557e-06
1.41648e-06
4.18574e-06
1.44824e-06
1.20679e-06
1.38368e-06
-2.01224e-06
1.21684e-06
-5.53786e-06
9.29523e-07
-9.45747e-06
4.89835e-07
-1.38893e-05
-1.18424e-07
-1.89997e-05
-8.85143e-07
-2.5085e-05
-1.70723e-06
-3.26717e-05
-2.17156e-06
-4.31804e-05
-5.97839e-05
1.10242e-05
6.51112e-06
1.12945e-05
3.91576e-06
1.13891e-05
1.11264e-06
1.13047e-05
-1.92747e-06
1.10156e-05
-5.24813e-06
1.04719e-05
-8.91322e-06
9.59582e-06
-1.30126e-05
8.2932e-06
-1.76964e-05
6.45865e-06
-2.32496e-05
4.04685e-06
-3.02596e-05
1.3903e-06
-4.05227e-05
-5.83925e-05
2.08111e-05
5.8284e-06
2.12544e-05
3.47282e-06
2.1474e-05
8.9349e-07
2.14587e-05
-1.91163e-06
2.11677e-05
-4.95645e-06
2.05253e-05
-8.27005e-06
1.94031e-05
-1.18895e-05
1.76225e-05
-1.59148e-05
1.49282e-05
-2.05544e-05
1.10431e-05
-2.63733e-05
6.00519e-06
-3.54823e-05
-5.23865e-05
3.09149e-05
4.9706e-06
3.15215e-05
2.86655e-06
3.18939e-05
5.21497e-07
3.20167e-05
-2.03373e-06
3.18386e-05
-4.77773e-06
3.12671e-05
-7.69771e-06
3.01293e-05
-1.07509e-05
2.8166e-05
-1.39506e-05
2.49538e-05
-1.73411e-05
1.99711e-05
-2.13888e-05
1.23524e-05
-2.78629e-05
-4.00314e-05
4.16697e-05
4.08685e-06
4.23493e-05
2.18733e-06
4.28428e-05
2.8483e-08
4.31325e-05
-2.32287e-06
4.31601e-05
-4.80466e-06
4.2823e-05
-7.3598e-06
4.19207e-05
-9.8478e-06
4.01525e-05
-1.21813e-05
3.69441e-05
-1.41316e-05
3.15281e-05
-1.59723e-05
2.13499e-05
-1.76814e-05
-1.86801e-05
5.33272e-05
3.39886e-06
5.39356e-05
1.5792e-06
5.44791e-05
-5.14616e-07
5.49339e-05
-2.77734e-06
5.52326e-05
-5.10286e-06
5.52649e-05
-7.3916e-06
5.48263e-05
-9.40858e-06
5.36396e-05
-1.0994e-05
5.11592e-05
-1.16506e-05
4.63979e-05
-1.12098e-05
3.56138e-05
-6.89702e-06
1.69353e-05
6.75888e-05
4.01559e-06
-7.16132e-05
6.67684e-05
2.2513e-06
6.51887e-05
2.09554e-06
6.42896e-05
2.20346e-06
6.39858e-05
2.90616e-06
6.40515e-05
3.85378e-06
6.43018e-05
4.79549e-06
6.46032e-05
5.58519e-06
6.48816e-05
6.06021e-06
6.51024e-05
6.13111e-06
6.53012e-05
5.64762e-06
4.68957e-06
6.54937e-05
8.69026e-05
3.21563e-06
-8.61028e-05
8.64353e-05
2.71902e-06
8.55851e-05
2.94611e-06
8.45437e-05
3.24536e-06
8.35604e-05
3.88981e-06
8.2674e-05
4.74062e-06
8.18614e-05
5.60852e-06
8.10919e-05
6.35498e-06
8.03532e-05
6.79933e-06
7.96572e-05
6.82734e-06
7.90816e-05
6.22347e-06
5.09352e-06
7.86778e-05
0.000100238
2.39003e-06
-9.9412e-05
0.000100387
2.57022e-06
0.000100186
3.14738e-06
9.96459e-05
3.78632e-06
9.88642e-05
4.67202e-06
9.78943e-05
5.71105e-06
9.67729e-05
6.7304e-06
9.55454e-05
7.58298e-06
9.42738e-05
8.07139e-06
9.30591e-05
8.04253e-06
9.20468e-05
7.23594e-06
5.72817e-06
9.14122e-05
0.000112079
-0.000111703
2.01408e-06
0.000112167
2.48188e-06
0.000111988
3.32666e-06
0.000111502
4.27278e-06
0.000110718
5.45625e-06
0.00010967
6.75913e-06
0.00010841
7.99088e-06
0.000107028
8.96517e-06
0.000105648
9.45158e-06
0.000104461
9.2298e-06
0.00010367
8.02719e-06
0.000103719
5.67897e-06
6.58166e-05
3.07315e-06
6.62574e-05
1.13719e-06
6.68224e-05
-1.07944e-06
6.74671e-05
-3.42044e-06
6.80999e-05
-5.73312e-06
6.85884e-05
-7.87688e-06
6.87387e-05
-9.55519e-06
6.83318e-05
-1.05834e-05
6.71318e-05
-1.04477e-05
6.4859e-05
-8.93492e-06
6.30518e-05
-5.08924e-06
8.37671e-06
7.1606e-05
7.86952e-05
3.0558e-06
7.90687e-05
7.63768e-07
7.97836e-05
-1.79434e-06
8.07429e-05
-4.3798e-06
8.18075e-05
-6.7977e-06
8.27925e-05
-8.86195e-06
8.34919e-05
-1.02546e-05
8.36719e-05
-1.07635e-05
8.32535e-05
-1.0029e-05
8.20757e-05
-7.75777e-06
8.1645e-05
-4.65869e-06
3.92617e-06
8.60957e-05
9.15674e-05
2.90087e-06
9.22735e-05
5.78584e-08
9.34604e-05
-2.98119e-06
9.49279e-05
-5.84738e-06
9.64751e-05
-8.34507e-06
9.78585e-05
-1.02455e-05
9.88672e-05
-1.12636e-05
9.92626e-05
-1.11591e-05
9.90351e-05
-9.80202e-06
9.81576e-05
-6.88013e-06
9.74271e-05
-3.92852e-06
1.94632e-06
9.94068e-05
0.000104967
1.65367e-06
0.000106573
-1.54867e-06
0.000108495
-4.9034e-06
0.000110422
-7.77459e-06
0.000112147
-1.00701e-05
0.000113446
-1.15448e-05
0.000114175
-1.19925e-05
0.000114195
-1.118e-05
0.000113576
-9.18293e-06
0.000112516
-5.82111e-06
0.000111279
-2.69161e-06
0.0001117
1.52451e-06
6.75834e-05
4.01154e-06
6.67645e-05
2.24574e-06
6.51863e-05
2.08965e-06
6.4288e-05
2.19848e-06
6.39843e-05
2.90275e-06
6.40497e-05
3.85255e-06
6.42998e-05
4.79654e-06
6.46009e-05
5.58827e-06
6.48792e-05
6.06474e-06
6.50999e-05
6.13637e-06
6.52989e-05
5.65286e-06
4.69415e-06
6.54917e-05
8.68962e-05
3.21149e-06
8.64296e-05
2.71277e-06
8.55803e-05
2.93977e-06
8.45393e-05
3.23992e-06
8.35562e-05
3.88633e-06
8.26697e-05
4.73949e-06
8.18571e-05
5.60968e-06
8.10878e-05
6.35804e-06
8.03493e-05
6.80363e-06
7.96538e-05
6.83227e-06
7.90787e-05
6.2282e-06
5.09756e-06
7.86756e-05
0.000100233
2.38534e-06
0.000100382
2.56367e-06
0.000100182
3.14054e-06
9.96411e-05
3.78104e-06
9.88591e-05
4.6689e-06
9.78889e-05
5.71022e-06
9.67675e-05
6.73169e-06
9.55403e-05
7.58586e-06
9.42692e-05
8.07527e-06
9.30551e-05
8.04686e-06
9.20435e-05
7.24002e-06
5.73145e-06
9.14098e-05
0.000112076
2.00952e-06
0.000112164
2.47559e-06
0.000111985
3.32065e-06
0.000111498
4.26828e-06
0.000110713
5.45382e-06
0.000109665
6.75883e-06
0.000108405
7.99233e-06
0.000107023
8.96791e-06
0.000105644
9.45513e-06
0.000104457
9.23369e-06
0.000103667
8.03084e-06
0.000103717
5.68134e-06
6.58152e-05
3.07652e-06
6.62568e-05
1.13918e-06
6.68227e-05
-1.07866e-06
6.74682e-05
-3.42069e-06
6.81019e-05
-5.73399e-06
6.85913e-05
-7.87796e-06
6.87421e-05
-9.55594e-06
6.83356e-05
-1.05835e-05
6.71359e-05
-1.04465e-05
6.48627e-05
-8.93282e-06
6.30556e-05
-5.08568e-06
8.38073e-06
7.16113e-05
7.8694e-05
3.05833e-06
7.90685e-05
7.64771e-07
7.97846e-05
-1.79465e-06
8.0745e-05
-4.3811e-06
8.18105e-05
-6.79952e-06
8.27962e-05
-8.86371e-06
8.34961e-05
-1.02558e-05
8.36763e-05
-1.07637e-05
8.32576e-05
-1.0028e-05
8.20799e-05
-7.75494e-06
8.16487e-05
-4.65544e-06
3.93046e-06
8.60996e-05
9.15663e-05
2.90226e-06
9.22738e-05
5.75463e-08
9.34621e-05
-2.9828e-06
9.49307e-05
-5.84976e-06
9.64787e-05
-8.34766e-06
9.78624e-05
-1.02476e-05
9.88712e-05
-1.12649e-05
9.92663e-05
-1.11591e-05
9.90386e-05
-9.80053e-06
9.81606e-05
-6.87753e-06
9.743e-05
-3.92454e-06
1.95051e-06
9.94093e-05
0.000104966
1.65354e-06
0.000106574
-1.55044e-06
0.000108497
-4.90617e-06
0.000110425
-7.77769e-06
0.00011215
-1.00729e-05
0.000113449
-1.15469e-05
0.000114177
-1.19934e-05
0.000114197
-1.11795e-05
0.000113577
-9.18118e-06
0.000112517
-5.81796e-06
0.00011128
-2.688e-06
0.000111701
1.52897e-06
6.75837e-05
4.01261e-06
6.67632e-05
2.24801e-06
6.51847e-05
2.09301e-06
6.42866e-05
2.20188e-06
6.39832e-05
2.90585e-06
6.4049e-05
3.85487e-06
6.42993e-05
4.79785e-06
6.46007e-05
5.58856e-06
6.48793e-05
6.06408e-06
6.51003e-05
6.13491e-06
6.52995e-05
5.65081e-06
4.6918e-06
6.54926e-05
8.68979e-05
3.21445e-06
8.643e-05
2.71621e-06
8.55799e-05
2.94352e-06
8.45384e-05
3.24367e-06
8.35552e-05
3.88953e-06
8.26687e-05
4.74173e-06
8.18561e-05
5.61081e-06
8.1087e-05
6.35807e-06
8.03488e-05
6.80271e-06
7.96536e-05
6.83046e-06
7.90789e-05
6.22584e-06
5.09481e-06
7.86762e-05
0.000100235
2.38941e-06
0.000100383
2.56796e-06
0.000100182
3.14522e-06
9.96405e-05
3.78521e-06
9.88582e-05
4.67235e-06
9.78878e-05
5.71257e-06
9.67664e-05
6.73278e-06
9.55393e-05
7.5857e-06
9.42685e-05
8.07403e-06
9.30548e-05
8.04464e-06
9.20438e-05
7.23717e-06
5.72819e-06
9.14106e-05
0.000112077
2.01393e-06
0.000112164
2.48036e-06
0.000111984
3.3253e-06
0.000111497
4.27269e-06
0.000110712
5.45736e-06
0.000109664
6.76112e-06
0.000108404
7.99317e-06
0.000107023
8.96737e-06
0.000105644
9.45335e-06
0.000104458
9.23091e-06
0.000103668
8.02739e-06
0.000103718
5.67787e-06
6.58162e-05
3.07406e-06
6.62577e-05
1.13697e-06
6.68234e-05
-1.08053e-06
6.74686e-05
-3.42209e-06
6.81018e-05
-5.73486e-06
6.85905e-05
-7.87807e-06
6.87406e-05
-9.55525e-06
6.83333e-05
-1.05818e-05
6.71326e-05
-1.04443e-05
6.48592e-05
-8.93007e-06
6.30514e-05
-5.08306e-06
8.38443e-06
7.16056e-05
7.86948e-05
3.05559e-06
7.90693e-05
7.6249e-07
7.97851e-05
-1.79631e-06
8.0745e-05
-4.38202e-06
8.18097e-05
-6.7996e-06
8.27945e-05
-8.86286e-06
8.34932e-05
-1.0254e-05
8.36722e-05
-1.07609e-05
8.32525e-05
-1.00244e-05
8.20737e-05
-7.75185e-06
8.16422e-05
-4.65171e-06
3.9342e-06
8.60926e-05
9.15673e-05
2.8992e-06
9.22746e-05
5.53736e-08
9.34622e-05
-2.98393e-06
9.49299e-05
-5.84981e-06
9.64767e-05
-8.34656e-06
9.78591e-05
-1.02454e-05
9.88665e-05
-1.12615e-05
9.92602e-05
-1.11548e-05
9.90312e-05
-9.7958e-06
9.81524e-05
-6.87298e-06
9.74212e-05
-3.9208e-06
1.95453e-06
9.94007e-05
0.000104967
1.65074e-06
0.000106574
-1.55174e-06
0.000108496
-4.90601e-06
0.000110422
-7.77624e-06
0.000112146
-1.00703e-05
0.000113443
-1.15431e-05
0.00011417
-1.19886e-05
0.000114189
-1.11741e-05
0.000113568
-9.1755e-06
0.000112507
-5.81316e-06
0.00011127
-2.68371e-06
0.000111692
1.53247e-06
6.75799e-05
4.01793e-06
6.67588e-05
2.252e-06
6.5179e-05
2.09577e-06
6.42803e-05
2.2045e-06
6.39769e-05
2.90832e-06
6.40431e-05
3.85731e-06
6.42941e-05
4.80021e-06
6.45964e-05
5.59064e-06
6.48759e-05
6.06582e-06
6.50978e-05
6.13624e-06
6.52979e-05
5.65191e-06
4.69262e-06
6.54918e-05
8.68916e-05
3.21929e-06
8.64236e-05
2.72041e-06
8.55731e-05
2.94708e-06
8.45314e-05
3.2467e-06
8.3548e-05
3.89217e-06
8.26618e-05
4.74409e-06
8.18497e-05
5.6128e-06
8.10813e-05
6.35955e-06
8.03439e-05
6.80359e-06
7.96497e-05
6.83077e-06
7.90762e-05
6.22581e-06
5.09458e-06
7.86745e-05
0.000100226
2.39362e-06
0.000100375
2.57188e-06
0.000100174
3.14843e-06
9.9633e-05
3.78827e-06
9.88507e-05
4.67501e-06
9.78805e-05
5.71484e-06
9.67594e-05
6.73453e-06
9.55329e-05
7.58667e-06
9.4263e-05
8.07404e-06
9.30505e-05
8.04376e-06
9.20408e-05
7.23581e-06
5.72671e-06
9.14088e-05
0.000112068
2.01771e-06
0.000112156
2.48378e-06
0.000111977
3.32855e-06
0.00011149
4.27549e-06
0.000110705
5.45982e-06
0.000109657
6.76315e-06
0.000108398
7.9945e-06
0.000107017
8.96756e-06
0.00010564
9.45216e-06
0.000104455
9.22847e-06
0.000103667
8.0245e-06
0.000103719
5.6752e-06
6.58162e-05
3.07478e-06
6.62584e-05
1.13731e-06
6.68248e-05
-1.0807e-06
6.74706e-05
-3.4229e-06
6.81044e-05
-5.73644e-06
6.85938e-05
-7.88076e-06
6.87447e-05
-9.55915e-06
6.83381e-05
-1.05871e-05
6.71382e-05
-1.04504e-05
6.48648e-05
-8.93665e-06
6.30579e-05
-5.08897e-06
8.37973e-06
7.8694e-05
3.05545e-06
7.90694e-05
7.62078e-07
7.97861e-05
-1.79726e-06
8.07468e-05
-4.38363e-06
8.18125e-05
-6.80216e-06
8.27983e-05
-8.86664e-06
8.34983e-05
-1.02591e-05
8.36785e-05
-1.07674e-05
8.32599e-05
-1.00319e-05
8.20821e-05
-7.75868e-06
8.16512e-05
-4.65888e-06
3.9283e-06
9.15665e-05
2.89822e-06
9.22747e-05
5.41266e-08
9.34634e-05
-2.98581e-06
9.49322e-05
-5.85253e-06
9.64804e-05
-8.35047e-06
9.78643e-05
-1.02507e-05
9.88733e-05
-1.12683e-05
9.92685e-05
-1.11628e-05
9.90408e-05
-9.80448e-06
9.81627e-05
-6.88122e-06
9.74322e-05
-3.92822e-06
1.94806e-06
0.000104968
1.64923e-06
0.000106576
-1.55395e-06
0.000108499
-4.90912e-06
0.000110427
-7.78047e-06
0.000112152
-1.00758e-05
0.000113451
-1.15501e-05
0.000114179
-1.19969e-05
0.000114199
-1.11832e-05
0.000113579
-9.18488e-06
0.000112519
-5.82154e-06
0.000111281
-2.6915e-06
1.52641e-06
-3.72455e-05
2.07155e-06
3.7188e-05
-3.77045e-05
2.94102e-06
-3.84606e-05
4.08295e-06
-3.95225e-05
5.33491e-06
-4.08235e-05
6.75763e-06
-4.22445e-05
8.18062e-06
-4.36312e-05
9.37811e-06
-4.47817e-05
1.01161e-05
-4.54683e-05
1.01387e-05
-4.5449e-05
9.21083e-06
-4.44994e-05
7.07791e-06
3.53871e-06
-4.23597e-05
-3.31397e-05
2.55937e-06
3.26512e-05
-3.39792e-05
3.78035e-06
-3.50867e-05
5.19032e-06
-3.6433e-05
6.68114e-06
-3.78959e-05
8.22054e-06
-3.93054e-05
9.59022e-06
-4.04571e-05
1.05299e-05
-4.11221e-05
1.07813e-05
-4.10903e-05
1.01071e-05
-4.02173e-05
8.33783e-06
-3.84304e-05
5.29062e-06
7.32823e-07
-3.56238e-05
-2.92183e-05
3.2914e-06
2.84859e-05
-3.02401e-05
4.80192e-06
-3.14784e-05
6.42841e-06
-3.28689e-05
8.07145e-06
-3.42604e-05
9.61203e-06
-3.54598e-05
1.07897e-05
-3.62535e-05
1.13236e-05
-3.64298e-05
1.09578e-05
-3.58377e-05
9.5152e-06
-3.4462e-05
6.96217e-06
-3.24465e-05
3.2755e-06
-1.90802e-06
-2.98061e-05
-2.54018e-05
2.45983e-05
4.09415e-06
-2.64277e-05
5.82742e-06
-2.76082e-05
7.60843e-06
-2.88565e-05
9.31945e-06
-3.0013e-05
1.07682e-05
-3.08802e-05
1.16567e-05
-3.12457e-05
1.1689e-05
-3.09084e-05
1.06205e-05
-2.97325e-05
8.33927e-06
-2.77508e-05
4.98052e-06
-2.52313e-05
7.5592e-07
-2.41855e-05
-2.95336e-06
-3.9154e-05
-1.55139e-06
-3.68496e-05
-3.85279e-06
-3.49046e-05
-6.84848e-06
-3.34537e-05
-9.22582e-06
-3.26062e-05
-1.0918e-05
-3.24092e-05
-1.17423e-05
-3.2848e-05
-1.15543e-05
-3.3807e-05
-1.02214e-05
-3.51097e-05
-7.88091e-06
-3.6316e-05
-4.61518e-06
-3.73208e-05
-1.68728e-06
1.39139e-06
-3.7188e-05
-3.16821e-05
-5.49319e-06
-2.94237e-05
-6.1113e-06
-2.7912e-05
-8.36042e-06
-2.70118e-05
-1.01264e-05
-2.67631e-05
-1.11671e-05
-2.71247e-05
-1.13812e-05
-2.8004e-05
-1.06754e-05
-2.92189e-05
-9.00716e-06
-3.05453e-05
-6.55491e-06
-3.16364e-05
-3.52485e-06
-3.24448e-05
-8.79391e-07
1.59541e-06
-3.26491e-05
-2.54867e-05
-9.81213e-06
-2.36287e-05
-7.96931e-06
-2.26651e-05
-9.32432e-06
-2.22377e-05
-1.05541e-05
-2.23579e-05
-1.10472e-05
-2.29701e-05
-1.07694e-05
-2.39657e-05
-9.68024e-06
-2.51633e-05
-7.8101e-06
-2.63596e-05
-5.35917e-06
-2.73155e-05
-2.56931e-06
-2.80442e-05
-1.51111e-07
2.03314e-06
-2.84823e-05
-1.95493e-05
-1.44488e-05
-1.86365e-05
-8.88249e-06
-1.83659e-05
-9.59529e-06
-1.83788e-05
-1.05416e-05
-1.87418e-05
-1.06846e-05
-1.94502e-05
-1.00614e-05
-2.04199e-05
-8.71103e-06
-2.15013e-05
-6.72918e-06
-2.25347e-05
-4.32624e-06
-2.33662e-05
-1.73836e-06
-2.40422e-05
5.24468e-07
-2.45941e-05
2.58475e-06
-3.72456e-05
2.06697e-06
-3.77054e-05
2.93565e-06
-3.84625e-05
4.07764e-06
-3.95251e-05
5.33131e-06
-4.08267e-05
6.75577e-06
-4.22479e-05
8.18056e-06
-4.36347e-05
9.37958e-06
-4.47851e-05
1.01189e-05
-4.54718e-05
1.01423e-05
-4.54524e-05
9.21474e-06
-4.45025e-05
7.08113e-06
3.53977e-06
-4.23615e-05
-3.31382e-05
2.55612e-06
-3.39789e-05
3.77631e-06
-3.50874e-05
5.18666e-06
-3.64345e-05
6.67834e-06
-3.78978e-05
8.21911e-06
-3.93075e-05
9.5903e-06
-4.04594e-05
1.05315e-05
-4.11248e-05
1.07844e-05
-4.10935e-05
1.01112e-05
-4.02209e-05
8.34215e-06
-3.8434e-05
5.2937e-06
7.33051e-07
-3.56266e-05
-2.92159e-05
3.28951e-06
-3.02389e-05
4.79937e-06
-3.14783e-05
6.42559e-06
-3.28694e-05
8.06937e-06
-3.42613e-05
9.61096e-06
-3.54611e-05
1.079e-05
-3.62551e-05
1.13255e-05
-3.64321e-05
1.09614e-05
-3.58408e-05
9.52008e-06
-3.44659e-05
6.96717e-06
-3.24509e-05
3.27889e-06
-1.90829e-06
-2.98104e-05
-2.53989e-05
4.09413e-06
-2.6426e-05
5.82631e-06
-2.76074e-05
7.60701e-06
-2.88564e-05
9.31808e-06
-3.00133e-05
1.07675e-05
-3.08809e-05
1.16572e-05
-3.12469e-05
1.16912e-05
-3.09104e-05
1.06246e-05
-2.97353e-05
8.34485e-06
-2.77543e-05
4.98615e-06
-2.52356e-05
7.59554e-07
-2.41911e-05
-2.95262e-06
-3.91539e-05
-1.55333e-06
-3.68486e-05
-3.85533e-06
-3.49034e-05
-6.85139e-06
-3.34525e-05
-9.22884e-06
-3.26052e-05
-1.09206e-05
-3.24084e-05
-1.17442e-05
-3.28474e-05
-1.1555e-05
-3.38066e-05
-1.02209e-05
-3.51093e-05
-7.87904e-06
-3.63157e-05
-4.61241e-06
-3.73205e-05
-1.68337e-06
1.39564e-06
-3.7188e-05
-3.16832e-05
-5.49693e-06
-2.94241e-05
-6.11433e-06
-2.79126e-05
-8.3632e-06
-2.70125e-05
-1.01293e-05
-2.67639e-05
-1.11697e-05
-2.71254e-05
-1.13831e-05
-2.80047e-05
-1.06763e-05
-2.92194e-05
-9.00681e-06
-3.05458e-05
-6.55333e-06
-3.16368e-05
-3.52203e-06
-3.24452e-05
-8.7595e-07
1.59976e-06
-3.26495e-05
-2.54889e-05
-9.81778e-06
-2.36307e-05
-7.97261e-06
-2.26672e-05
-9.3269e-06
-2.22399e-05
-1.05569e-05
-2.236e-05
-1.105e-05
-2.29719e-05
-1.07715e-05
-2.39673e-05
-9.68143e-06
-2.51645e-05
-7.81007e-06
-2.63606e-05
-5.35785e-06
-2.73163e-05
-2.56697e-06
-2.80449e-05
-1.47679e-07
2.03703e-06
-2.8483e-05
-1.95522e-05
-1.44573e-05
-1.86393e-05
-8.88587e-06
-1.8369e-05
-9.59769e-06
-1.83819e-05
-1.05444e-05
-1.87447e-05
-1.06876e-05
-1.94527e-05
-1.00639e-05
-2.0422e-05
-8.71263e-06
-2.1503e-05
-6.72956e-06
-2.25361e-05
-4.32534e-06
-2.33674e-05
-1.73623e-06
-2.40432e-05
5.27322e-07
-2.45949e-05
2.58833e-06
-3.7246e-05
2.07171e-06
-3.77063e-05
2.94059e-06
-3.84636e-05
4.0827e-06
-3.95262e-05
5.33555e-06
-4.08274e-05
6.75893e-06
-4.22482e-05
8.18229e-06
-4.36343e-05
9.37977e-06
-4.47842e-05
1.01177e-05
-4.54704e-05
1.014e-05
-4.54508e-05
9.2118e-06
-4.45013e-05
7.07815e-06
3.53758e-06
-4.23615e-05
-3.3139e-05
2.56072e-06
-3.39798e-05
3.78106e-06
-3.50883e-05
5.19098e-06
-3.6435e-05
6.68208e-06
-3.78978e-05
8.22165e-06
-3.93068e-05
9.59134e-06
-4.04581e-05
1.0531e-05
-4.1123e-05
1.07826e-05
-4.10916e-05
1.01087e-05
-4.02193e-05
8.33968e-06
-3.84335e-05
5.29199e-06
7.32669e-07
-3.56279e-05
-2.92166e-05
3.29385e-06
-3.02396e-05
4.80364e-06
-3.14786e-05
6.4297e-06
-3.28692e-05
8.0725e-06
-3.42606e-05
9.61283e-06
-3.54597e-05
1.07904e-05
-3.62533e-05
1.13245e-05
-3.643e-05
1.09594e-05
-3.5839e-05
9.51786e-06
-3.44649e-05
6.96569e-06
-3.24513e-05
3.27882e-06
-1.9067e-06
-2.98125e-05
-2.53995e-05
4.09783e-06
-2.64263e-05
5.82993e-06
-2.76072e-05
7.61011e-06
-2.88557e-05
9.32046e-06
-3.00121e-05
1.07687e-05
-3.08791e-05
1.16571e-05
-3.12449e-05
1.16899e-05
-3.09084e-05
1.06227e-05
-2.97339e-05
8.34325e-06
-2.77541e-05
4.98602e-06
-2.52369e-05
7.61482e-07
-2.41936e-05
-2.94953e-06
-3.91558e-05
-1.55432e-06
-3.68525e-05
-3.85477e-06
-3.4909e-05
-6.84955e-06
-3.34596e-05
-9.22595e-06
-3.26135e-05
-1.09167e-05
-3.24176e-05
-1.17394e-05
-3.28572e-05
-1.15496e-05
-3.38165e-05
-1.02152e-05
-3.51192e-05
-7.87351e-06
-3.63252e-05
-4.60748e-06
-3.73297e-05
-1.67975e-06
1.39896e-06
-3.71965e-05
-3.16867e-05
-5.49567e-06
-2.94297e-05
-6.11182e-06
-2.79197e-05
-8.35985e-06
-2.70208e-05
-1.01252e-05
-2.6773e-05
-1.1165e-05
-2.71351e-05
-1.13778e-05
-2.80145e-05
-1.06707e-05
-2.9229e-05
-9.00118e-06
-3.05549e-05
-6.54807e-06
-3.16454e-05
-3.51778e-06
-3.24531e-05
-8.72493e-07
1.60231e-06
-3.26567e-05
-2.54932e-05
-9.81441e-06
-2.36366e-05
-7.9684e-06
-2.26744e-05
-9.32239e-06
-2.22479e-05
-1.0552e-05
-2.23686e-05
-1.10447e-05
-2.29808e-05
-1.0766e-05
-2.39761e-05
-9.67584e-06
-2.51729e-05
-7.80476e-06
-2.63684e-05
-5.35316e-06
-2.73234e-05
-2.56312e-06
-2.80513e-05
-1.45043e-07
2.03914e-06
-2.84885e-05
-1.95565e-05
-1.44521e-05
-1.8645e-05
-8.88021e-06
-1.83755e-05
-9.59229e-06
-1.83889e-05
-1.0539e-05
-1.87521e-05
-1.06819e-05
-1.94602e-05
-1.00583e-05
-2.04293e-05
-8.70721e-06
-2.15098e-05
-6.72465e-06
-2.25422e-05
-4.32118e-06
-2.33728e-05
-1.73314e-06
-2.40478e-05
5.29556e-07
-2.45986e-05
2.58968e-06
-3.72536e-05
2.07473e-06
-3.77129e-05
2.94335e-06
-3.84695e-05
4.08497e-06
-3.95313e-05
5.33777e-06
-4.08317e-05
6.76072e-06
-4.22515e-05
8.1834e-06
-4.36363e-05
9.37978e-06
-4.47844e-05
1.01162e-05
-4.54687e-05
1.0137e-05
-4.54474e-05
9.20768e-06
-4.44966e-05
7.07395e-06
3.5341e-06
-4.23561e-05
-3.3145e-05
2.56307e-06
-3.39848e-05
3.78307e-06
-3.50922e-05
5.19291e-06
-3.64379e-05
6.68347e-06
-3.78994e-05
8.22234e-06
-3.9307e-05
9.59098e-06
-4.04563e-05
1.05292e-05
-4.11191e-05
1.07791e-05
-4.10856e-05
1.01036e-05
-4.02117e-05
8.33384e-06
-3.84247e-05
5.28648e-06
7.28426e-07
-3.56184e-05
-2.9221e-05
3.2954e-06
-3.02428e-05
4.80488e-06
-3.14806e-05
6.43038e-06
-3.287e-05
8.07277e-06
-3.42598e-05
9.61211e-06
-3.54571e-05
1.07882e-05
-3.62485e-05
1.13206e-05
-3.6423e-05
1.09537e-05
-3.583e-05
9.51078e-06
-3.44543e-05
6.95815e-06
-3.24396e-05
3.272e-06
-1.91181e-06
-2.98001e-05
-2.54021e-05
4.09877e-06
-2.64278e-05
5.83036e-06
-2.76075e-05
7.61012e-06
-2.88545e-05
9.31955e-06
-3.00093e-05
1.07665e-05
-3.08745e-05
1.16531e-05
-3.12382e-05
1.16839e-05
-3.08997e-05
1.0615e-05
-2.97235e-05
8.33449e-06
-2.77426e-05
4.97715e-06
-2.52246e-05
7.53574e-07
-2.41794e-05
-2.9569e-06
-3.91499e-05
-1.55617e-06
-3.68451e-05
-3.85839e-06
-3.49001e-05
-6.85418e-06
-3.34494e-05
-9.23138e-06
-3.26025e-05
-1.09231e-05
-3.24062e-05
-1.17467e-05
-3.28459e-05
-1.15577e-05
-3.38059e-05
-1.02238e-05
-3.51094e-05
-7.88197e-06
-3.63162e-05
-4.61555e-06
-3.73209e-05
-1.68704e-06
1.39285e-06
-3.16773e-05
-5.49733e-06
-2.94191e-05
-6.11655e-06
-2.79079e-05
-8.3656e-06
-2.70084e-05
-1.01312e-05
-2.67606e-05
-1.11713e-05
-2.71234e-05
-1.13845e-05
-2.80039e-05
-1.06777e-05
-2.922e-05
-9.00829e-06
-3.05475e-05
-6.55515e-06
-3.16391e-05
-3.52447e-06
-3.24476e-05
-8.79447e-07
1.59612e-06
-2.5482e-05
-9.81485e-06
-2.36247e-05
-7.97386e-06
-2.26618e-05
-9.32875e-06
-2.22353e-05
-1.0558e-05
-2.23566e-05
-1.10503e-05
-2.29701e-05
-1.07714e-05
-2.39671e-05
-9.68111e-06
-2.51659e-05
-7.80996e-06
-2.63632e-05
-5.35836e-06
-2.73199e-05
-2.56852e-06
-2.80487e-05
-1.51002e-07
2.03271e-06
-1.95454e-05
-1.44494e-05
-1.86333e-05
-8.88629e-06
-1.83634e-05
-9.59898e-06
-1.83772e-05
-1.05446e-05
-1.87414e-05
-1.06866e-05
-1.9451e-05
-1.00621e-05
-2.0422e-05
-8.71052e-06
-2.15047e-05
-6.72778e-06
-2.25392e-05
-4.32446e-06
-2.33714e-05
-1.73684e-06
-2.40475e-05
5.24383e-07
2.58315e-06
-2.16832e-05
4.83568e-06
2.09411e-05
-2.25749e-05
6.71864e-06
-2.35526e-05
8.58567e-06
-2.45215e-05
1.0288e-05
-2.53257e-05
1.15721e-05
-2.57707e-05
1.21014e-05
-2.56349e-05
1.1553e-05
-2.4674e-05
9.6594e-06
-2.26085e-05
6.27388e-06
-1.90307e-05
1.40288e-06
-1.28563e-05
-5.41776e-06
-1.58084e-05
-1.80998e-05
5.42382e-06
1.75109e-05
-1.87629e-05
7.38118e-06
-1.94425e-05
9.26487e-06
-2.00474e-05
1.08924e-05
-2.04356e-05
1.196e-05
-2.04258e-05
1.20912e-05
-1.97964e-05
1.09234e-05
-1.82756e-05
8.13843e-06
-1.55138e-05
3.51201e-06
-1.09722e-05
-3.13854e-06
-4.78103e-06
-1.16083e-05
-2.05887e-05
-1.47036e-05
5.80323e-06
1.43236e-05
-1.5086e-05
7.76308e-06
-1.5421e-05
9.59943e-06
-1.56307e-05
1.11017e-05
-1.55999e-05
1.19288e-05
-1.51801e-05
1.16711e-05
-1.4189e-05
9.93199e-06
-1.24104e-05
6.35971e-06
-9.66123e-06
7.62791e-07
-5.95146e-06
-6.84808e-06
-2.10432e-06
-1.54548e-05
-2.26918e-05
-1.15448e-05
5.94667e-06
1.14008e-05
-1.16283e-05
7.84614e-06
-1.16114e-05
9.58217e-06
-1.14377e-05
1.09277e-05
-1.10307e-05
1.15215e-05
-1.02965e-05
1.09367e-05
-9.12967e-06
8.76493e-06
-7.4329e-06
4.66279e-06
-5.24555e-06
-1.42464e-06
-2.87668e-06
-9.21691e-06
-9.11052e-07
-1.74201e-05
-2.36027e-05
-8.66372e-06
5.84764e-06
8.76217e-06
-8.45251e-06
7.63457e-06
-8.1017e-06
9.23102e-06
-7.58106e-06
1.04067e-05
-6.85993e-06
1.08e-05
-5.91131e-06
9.9877e-06
-4.72082e-06
7.57418e-06
-3.30609e-06
3.24783e-06
-1.82752e-06
-2.90329e-06
-5.57493e-07
-1.04868e-05
2.74458e-07
-1.8252e-05
-2.33278e-05
-6.08514e-06
5.51537e-06
6.41698e-06
-5.59722e-06
7.14644e-06
-4.94242e-06
8.57605e-06
-4.11868e-06
9.58279e-06
-3.14181e-06
9.82297e-06
-2.05204e-06
8.89782e-06
-9.17986e-07
6.44003e-06
1.6479e-07
2.16497e-06
9.9257e-07
-3.73112e-06
1.39275e-06
-1.08871e-05
1.26832e-06
-1.81275e-05
-2.20595e-05
-3.81628e-06
4.96933e-06
4.36196e-06
-3.07745e-06
6.40739e-06
-2.152e-06
7.65067e-06
-1.06549e-06
8.49607e-06
1.24299e-07
8.63301e-06
1.31733e-06
7.70459e-06
2.37863e-06
5.37849e-06
3.16767e-06
1.37579e-06
3.45835e-06
-4.02195e-06
3.13858e-06
-1.05674e-05
2.1946e-06
-1.71836e-05
-1.98648e-05
-1.8476e-06
4.23463e-06
2.58182e-06
-8.87319e-07
5.44734e-06
2.76631e-07
6.48685e-06
1.59384e-06
7.17896e-06
2.97142e-06
7.25545e-06
4.25967e-06
6.41631e-06
5.27137e-06
4.36683e-06
5.83843e-06
8.08666e-07
5.69952e-06
-3.88305e-06
4.74101e-06
-9.60891e-06
2.9797e-06
-1.54224e-05
-1.68851e-05
-1.5342e-07
3.34053e-06
1.04857e-06
9.98183e-07
4.29502e-06
2.37225e-06
5.11401e-06
3.89689e-06
5.65417e-06
5.45221e-06
5.70047e-06
6.84702e-06
5.02186e-06
7.85012e-06
3.36342e-06
8.27243e-06
3.86587e-07
7.78946e-06
-3.40036e-06
6.22896e-06
-8.04892e-06
3.63686e-06
-1.283e-05
-1.32485e-05
1.31142e-06
2.31276e-06
-2.8353e-07
2.62668e-06
2.98057e-06
4.18674e-06
3.55543e-06
5.90411e-06
3.9376e-06
7.63782e-06
3.96764e-06
9.161e-06
3.49927e-06
1.01974e-05
2.32721e-06
1.05431e-05
4.11281e-08
9.77008e-06
-2.62764e-06
7.61159e-06
-5.89074e-06
4.12489e-06
-9.34324e-06
-9.12351e-06
2.63849e-06
1.18018e-06
-1.50599e-06
4.09063e-06
1.53036e-06
5.81598e-06
1.83331e-06
7.7166e-06
2.03903e-06
9.63164e-06
2.05443e-06
1.13119e-05
1.82027e-06
1.24131e-05
1.22657e-06
1.27111e-05
-2.56449e-07
1.16334e-05
-1.55021e-06
8.86992e-06
-3.12768e-06
4.51044e-06
-4.98369e-06
-4.61295e-06
4.02515e-06
-2.84548e-06
5.55622e-06
7.38995e-06
9.42934e-06
1.1484e-05
1.33044e-05
1.45311e-05
1.42746e-05
1.27243e-05
9.59662e-06
4.61295e-06
-1.20014e-05
-2.44914e-06
-1.40542e-05
-6.83028e-06
-1.46596e-05
-8.99026e-06
-1.50989e-05
-1.01027e-05
-1.56352e-05
-1.01486e-05
-1.63667e-05
-9.33023e-06
-1.72553e-05
-7.82272e-06
-1.81935e-05
-5.79138e-06
-1.90649e-05
-3.45531e-06
-1.97756e-05
-1.02806e-06
-2.03811e-05
1.12962e-06
3.13998e-06
-2.09367e-05
-7.55838e-06
5.10736e-06
-1.04223e-05
-3.96681e-06
-1.15398e-05
-7.87323e-06
-1.22665e-05
-9.37637e-06
-1.29112e-05
-9.50426e-06
-1.36287e-05
-8.61307e-06
-1.44214e-05
-7.0304e-06
-1.52187e-05
-4.99456e-06
-1.59384e-05
-2.736e-06
-1.65251e-05
-4.41854e-07
-1.70313e-05
1.63546e-06
3.61521e-06
-1.75068e-05
-5.0749e-06
1.01801e-05
-7.62011e-06
-1.4222e-06
-8.92817e-06
-6.56557e-06
-9.79568e-06
-8.50917e-06
-1.04992e-05
-8.80102e-06
-1.11867e-05
-7.92579e-06
-1.18877e-05
-6.32971e-06
-1.25586e-05
-4.32397e-06
-1.31411e-05
-2.1539e-06
-1.36007e-05
1.7425e-08
-1.39812e-05
2.01556e-06
3.95358e-06
-1.43198e-05
-3.37624e-06
1.35549e-05
-5.41527e-06
6.16428e-07
-6.70989e-06
-5.27131e-06
-7.62045e-06
-7.59893e-06
-8.34905e-06
-8.07272e-06
-9.00585e-06
-7.26929e-06
-9.62984e-06
-5.70604e-06
-1.01948e-05
-3.75933e-06
-1.06568e-05
-1.69228e-06
-1.09909e-05
3.51153e-07
-1.12294e-05
2.25372e-06
4.12154e-06
-1.13976e-05
-2.02208e-06
1.55768e-05
-3.56569e-06
2.15967e-06
-4.7661e-06
-4.07119e-06
-5.67449e-06
-6.69074e-06
-6.41764e-06
-7.32978e-06
-7.05576e-06
-6.63137e-06
-7.62417e-06
-5.13787e-06
-8.10621e-06
-3.27754e-06
-8.46598e-06
-1.33281e-06
-8.6819e-06
5.66767e-07
-8.7748e-06
2.34627e-06
4.1061e-06
-8.75962e-06
-8.31396e-07
1.64072e-05
-1.91509e-06
3.243e-06
-2.99747e-06
-2.98909e-06
-3.89708e-06
-5.79142e-06
-4.66501e-06
-6.5621e-06
-5.30724e-06
-5.98942e-06
-5.84652e-06
-4.59884e-06
-6.27033e-06
-2.85404e-06
-6.54734e-06
-1.05608e-06
-6.65699e-06
6.76082e-07
-6.61055e-06
2.29949e-06
3.9102e-06
-6.41494e-06
2.92812e-07
1.61144e-05
-3.62076e-07
3.89775e-06
-1.32583e-06
-2.02563e-06
-2.23437e-06
-4.88305e-06
-3.05306e-06
-5.74369e-06
-3.7306e-06
-5.31201e-06
-4.27103e-06
-4.05874e-06
-4.66273e-06
-2.46249e-06
-4.8774e-06
-8.41802e-07
-4.89571e-06
6.94217e-07
-4.72282e-06
2.12624e-06
3.54741e-06
-4.36031e-06
1.38375e-06
1.473e-05
1.1498e-06
4.13108e-06
3.0781e-07
-1.184e-06
-6.38985e-07
-3.93663e-06
-1.54458e-06
-4.83832e-06
-2.29449e-06
-4.56246e-06
-2.86919e-06
-3.48425e-06
-3.25578e-06
-2.07627e-06
-3.42891e-06
-6.68901e-07
-3.37272e-06
6.37633e-07
-3.09016e-06
1.8434e-06
3.03734e-06
-2.58035e-06
2.43123e-06
1.2296e-05
2.64615e-06
3.9166e-06
1.94203e-06
-4.80624e-07
9.31274e-07
-2.92578e-06
-9.94458e-08
-3.80857e-06
-9.62617e-07
-3.69896e-06
-1.60765e-06
-2.84032e-06
-2.01635e-06
-1.66705e-06
-2.16859e-06
-5.17887e-07
-2.0551e-06
5.24793e-07
-1.68163e-06
1.4696e-06
2.40247e-06
-1.047e-06
3.45817e-06
8.83531e-06
4.12676e-06
3.24716e-06
3.59884e-06
4.64713e-08
2.52432e-06
-1.85205e-06
1.34152e-06
-2.62664e-06
3.2118e-07
-2.6793e-06
-4.36632e-07
-2.08337e-06
-8.98018e-07
-1.2062e-06
-1.0498e-06
-3.66885e-07
-8.96151e-07
3.71303e-07
-4.50708e-07
1.02426e-06
1.66614e-06
2.85326e-07
4.29486e-06
4.53674e-06
5.53607e-06
2.00439e-06
5.29006e-06
2.90501e-07
4.22679e-06
-7.90352e-07
2.90572e-06
-1.30749e-06
1.67948e-06
-1.45475e-06
7.45493e-07
-1.1518e-06
1.90743e-07
-6.53069e-07
1.69348e-08
-1.95063e-07
1.95757e-07
1.92802e-07
6.94413e-07
5.25765e-07
8.5207e-07
1.50791e-06
4.53641e-06
6.54043e-06
6.8306e-06
6.03987e-06
4.73207e-06
3.27681e-06
2.12467e-06
1.4711e-06
1.27611e-06
1.46896e-06
1.99459e-06
2.84657e-06
-2.16801e-05
4.83725e-06
-2.25728e-05
6.71887e-06
-2.35514e-05
8.58516e-06
-2.4521e-05
1.02873e-05
-2.53257e-05
1.15718e-05
-2.57711e-05
1.21021e-05
-2.56359e-05
1.15555e-05
-2.46754e-05
9.66387e-06
-2.26104e-05
6.27973e-06
-1.90327e-05
1.40835e-06
-1.28576e-05
-5.41537e-06
-1.58098e-05
-1.80967e-05
5.42694e-06
-1.87606e-05
7.38256e-06
-1.94411e-05
9.26543e-06
-2.00466e-05
1.08923e-05
-2.04354e-05
1.196e-05
-2.0426e-05
1.20921e-05
-1.9797e-05
1.09259e-05
-1.82764e-05
8.14288e-06
-1.55146e-05
3.51765e-06
-1.09725e-05
-3.13378e-06
-4.78097e-06
-1.1607e-05
-2.05909e-05
-1.47007e-05
5.80756e-06
-1.50837e-05
7.76541e-06
-1.54194e-05
9.60082e-06
-1.56297e-05
1.11021e-05
-1.55994e-05
1.19291e-05
-1.51801e-05
1.16721e-05
-1.41891e-05
9.93438e-06
-1.24105e-05
6.36383e-06
-9.6608e-06
7.67776e-07
-5.95046e-06
-6.84424e-06
-2.10343e-06
-1.54541e-05
-2.26938e-05
-1.15422e-05
5.95186e-06
-1.16261e-05
7.84911e-06
-1.16098e-05
9.58422e-06
-1.14367e-05
1.09286e-05
-1.10301e-05
1.1522e-05
-1.02962e-05
1.09376e-05
-9.12938e-06
8.76704e-06
-7.43228e-06
4.66635e-06
-5.24434e-06
-1.42045e-06
-2.87508e-06
-9.21372e-06
-9.09907e-07
-1.74194e-05
-2.36041e-05
-8.66138e-06
5.85344e-06
-8.45047e-06
7.63803e-06
-8.10013e-06
9.23374e-06
-7.57995e-06
1.04079e-05
-6.85921e-06
1.08007e-05
-5.9108e-06
9.98857e-06
-4.72025e-06
7.57595e-06
-3.30513e-06
3.25079e-06
-1.82607e-06
-2.89978e-06
-5.55959e-07
-1.0484e-05
2.75344e-07
-1.8251e-05
-2.33286e-05
-6.08302e-06
5.5213e-06
-5.59525e-06
7.15007e-06
-4.9409e-06
8.57904e-06
-4.11753e-06
9.58432e-06
-3.14101e-06
9.82384e-06
-2.05142e-06
8.89859e-06
-9.17307e-07
6.44145e-06
1.65789e-07
2.16739e-06
9.93891e-07
-3.72812e-06
1.39399e-06
-1.08844e-05
1.269e-06
-1.81263e-05
-2.20601e-05
-3.81426e-06
4.97504e-06
-3.0755e-06
6.41117e-06
-2.15047e-06
7.65399e-06
-1.06431e-06
8.49777e-06
1.25142e-07
8.63396e-06
1.31799e-06
7.7053e-06
2.37929e-06
5.37964e-06
3.16854e-06
1.37779e-06
3.45941e-06
-4.01934e-06
3.13951e-06
-1.05648e-05
2.19505e-06
-1.71822e-05
-1.98653e-05
-1.84551e-06
4.24004e-06
-8.85269e-07
5.45086e-06
2.78202e-07
6.49031e-06
1.59507e-06
7.18075e-06
2.9723e-06
7.25651e-06
4.26033e-06
6.41693e-06
5.27195e-06
4.3678e-06
5.83913e-06
8.10294e-07
5.70033e-06
-3.88074e-06
4.74173e-06
-9.60647e-06
2.98007e-06
-1.5421e-05
-1.68856e-05
-1.51186e-07
3.34407e-06
1.00053e-06
4.29906e-06
2.37391e-06
5.11691e-06
3.89822e-06
5.65613e-06
5.45312e-06
5.70147e-06
6.84771e-06
5.02255e-06
7.85061e-06
3.36419e-06
8.273e-06
3.88021e-07
7.7901e-06
-3.39844e-06
6.2296e-06
-8.0468e-06
3.63725e-06
-1.28287e-05
-1.32489e-05
1.31417e-06
2.31505e-06
2.62932e-06
2.98386e-06
4.18862e-06
3.55743e-06
5.90552e-06
3.93901e-06
7.63881e-06
3.96841e-06
9.1617e-06
3.49976e-06
1.01979e-05
2.32774e-06
1.05435e-05
4.21852e-08
9.77066e-06
-2.62625e-06
7.6123e-06
-5.88923e-06
4.12547e-06
-9.34244e-06
-9.12402e-06
2.64158e-06
1.18097e-06
4.09364e-06
1.53161e-06
5.81804e-06
1.83274e-06
7.71807e-06
2.03876e-06
9.63267e-06
2.05418e-06
1.13126e-05
1.82008e-06
1.24136e-05
1.22646e-06
1.27115e-05
-2.5618e-07
1.1634e-05
-1.54971e-06
8.87084e-06
-3.1272e-06
4.51136e-06
-4.98373e-06
-4.6138e-06
4.0275e-06
5.55905e-06
7.39173e-06
9.43056e-06
1.14848e-05
1.33048e-05
1.45312e-05
1.42749e-05
1.2725e-05
9.59769e-06
4.6138e-06
-1.20038e-05
-2.4558e-06
-1.40575e-05
-6.83281e-06
-1.46632e-05
-8.9924e-06
-1.51024e-05
-1.01056e-05
-1.56384e-05
-1.0152e-05
-1.63695e-05
-9.33323e-06
-1.72578e-05
-7.82478e-06
-1.81956e-05
-5.79218e-06
-1.90666e-05
-3.45478e-06
-1.9777e-05
-1.02644e-06
-2.03823e-05
1.13218e-06
3.1429e-06
-2.09376e-05
-7.56093e-06
5.10247e-06
-1.04258e-05
-3.96853e-06
-1.15435e-05
-7.87524e-06
-1.22702e-05
-9.37931e-06
-1.29146e-05
-9.50784e-06
-1.36318e-05
-8.61645e-06
-1.4424e-05
-7.03287e-06
-1.52209e-05
-4.99572e-06
-1.59403e-05
-2.73585e-06
-1.65267e-05
-4.40545e-07
-1.70326e-05
1.63743e-06
3.6176e-06
-1.75078e-05
-5.07742e-06
1.01768e-05
-7.62345e-06
-1.42312e-06
-8.9317e-06
-6.56738e-06
-9.79924e-06
-8.51217e-06
-1.05026e-05
-8.80485e-06
-1.11898e-05
-7.92953e-06
-1.18905e-05
-6.33253e-06
-1.25611e-05
-4.32545e-06
-1.31433e-05
-2.15404e-06
-1.36027e-05
1.83369e-08
-1.39828e-05
2.01716e-06
3.95537e-06
-1.43212e-05
-3.37832e-06
1.35533e-05
-5.41817e-06
6.16155e-07
-6.71305e-06
-5.27294e-06
-7.62375e-06
-7.60184e-06
-8.35228e-06
-8.07663e-06
-9.00887e-06
-7.27324e-06
-9.63262e-06
-5.70907e-06
-1.01974e-05
-3.76102e-06
-1.06592e-05
-1.69262e-06
-1.09931e-05
3.51835e-07
-1.12314e-05
2.25496e-06
4.12289e-06
-1.13994e-05
-2.0239e-06
1.55757e-05
-3.56795e-06
2.15995e-06
-4.76873e-06
-4.07238e-06
-5.67742e-06
-6.69346e-06
-6.42064e-06
-7.33369e-06
-7.05867e-06
-6.63543e-06
-7.62696e-06
-5.14102e-06
-8.1089e-06
-3.27932e-06
-8.46859e-06
-1.33327e-06
-8.68442e-06
5.67276e-07
-8.77713e-06
2.34728e-06
4.10713e-06
-8.76178e-06
-8.32756e-07
1.64071e-05
-1.91646e-06
3.24321e-06
-2.99953e-06
-2.98964e-06
-3.89962e-06
-5.79371e-06
-4.66776e-06
-6.5658e-06
-5.31003e-06
-5.99341e-06
-5.84932e-06
-4.60194e-06
-6.27315e-06
-2.85578e-06
-6.55019e-06
-1.05652e-06
-6.65982e-06
6.76533e-07
-6.61326e-06
2.3004e-06
3.91103e-06
-6.41758e-06
2.91757e-07
1.61144e-05
-3.62122e-07
3.89683e-06
-1.32736e-06
-2.0249e-06
-2.23654e-06
-4.88458e-06
-3.0556e-06
-5.74705e-06
-3.7333e-06
-5.31579e-06
-4.2739e-06
-4.06165e-06
-4.66572e-06
-2.46407e-06
-4.88052e-06
-8.42175e-07
-4.89888e-06
6.94661e-07
-4.72594e-06
2.12717e-06
3.54826e-06
-4.36343e-06
1.38279e-06
1.473e-05
1.15202e-06
4.127e-06
3.06797e-07
-1.1799e-06
-6.40907e-07
-3.93747e-06
-1.54699e-06
-4.84117e-06
-2.29717e-06
-4.56596e-06
-2.87218e-06
-3.48682e-06
-3.25902e-06
-2.0776e-06
-3.43237e-06
-6.69139e-07
-3.37626e-06
6.38124e-07
-3.09368e-06
1.84438e-06
3.03816e-06
-2.58399e-06
2.43034e-06
1.22982e-05
2.65242e-06
3.90451e-06
1.94149e-06
-4.71359e-07
9.29518e-07
-2.92421e-06
-1.01858e-07
-3.81106e-06
-9.65339e-07
-3.70183e-06
-1.61085e-06
-2.84242e-06
-2.01993e-06
-1.66801e-06
-2.17247e-06
-5.17959e-07
-2.05907e-06
5.25356e-07
-1.68559e-06
1.47065e-06
2.40362e-06
-1.05109e-06
3.45859e-06
8.83671e-06
4.13833e-06
3.22252e-06
3.59924e-06
6.59223e-08
2.52222e-06
-1.84767e-06
1.33895e-06
-2.62851e-06
3.18255e-07
-2.68158e-06
-4.40142e-07
-2.08476e-06
-9.0202e-07
-1.20671e-06
-1.05417e-06
-3.66826e-07
-9.00595e-07
3.71813e-07
-4.55036e-07
1.02541e-06
1.66697e-06
2.80686e-07
4.30188e-06
4.5306e-06
5.53924e-06
1.98189e-06
5.28776e-06
3.13289e-07
4.22449e-06
-7.85677e-07
2.90276e-06
-1.30845e-06
1.67614e-06
-1.45613e-06
7.41548e-07
-1.15231e-06
1.86253e-07
-6.53219e-07
1.20337e-08
-1.95206e-07
1.90872e-07
1.93036e-07
6.89792e-07
5.26616e-07
8.52008e-07
1.5029e-06
4.52991e-06
6.51099e-06
6.82402e-06
6.03801e-06
4.72937e-06
3.27278e-06
2.1201e-06
1.46624e-06
1.27103e-06
1.46413e-06
1.99034e-06
2.84193e-06
-2.16806e-05
4.84034e-06
-2.25729e-05
6.72169e-06
-2.3551e-05
8.58763e-06
-2.452e-05
1.02889e-05
-2.53242e-05
1.15724e-05
-2.57693e-05
1.21017e-05
-2.56339e-05
1.15541e-05
-2.46738e-05
9.66234e-06
-2.26095e-05
6.27899e-06
-1.90329e-05
1.4097e-06
-1.28592e-05
-5.41159e-06
-1.58075e-05
-1.80974e-05
5.42929e-06
-1.87609e-05
7.3846e-06
-1.94409e-05
9.26701e-06
-2.00458e-05
1.08932e-05
-2.04341e-05
1.19601e-05
-2.04244e-05
1.20914e-05
-1.97955e-05
1.09247e-05
-1.82754e-05
8.14186e-06
-1.55143e-05
3.51777e-06
-1.09731e-05
-3.13128e-06
-4.78138e-06
-1.16027e-05
-2.05882e-05
-1.47017e-05
5.80924e-06
-1.50843e-05
7.76666e-06
-1.54196e-05
9.6017e-06
-1.56294e-05
1.11024e-05
-1.55988e-05
1.19288e-05
-1.51793e-05
1.16713e-05
-1.41884e-05
9.93339e-06
-1.24103e-05
6.36346e-06
-9.66127e-06
7.68671e-07
-5.95116e-06
-6.84115e-06
-2.10364e-06
-1.54495e-05
-2.26908e-05
-1.15436e-05
5.95299e-06
-1.16272e-05
7.84975e-06
-1.16106e-05
9.58456e-06
-1.14371e-05
1.09284e-05
-1.10303e-05
1.15216e-05
-1.02964e-05
1.09369e-05
-9.12973e-06
8.76637e-06
-7.43309e-06
4.66653e-06
-5.24544e-06
-1.4191e-06
-2.87585e-06
-9.21062e-06
-9.09919e-07
-1.74152e-05
-2.36006e-05
-8.66337e-06
5.85412e-06
-8.4522e-06
7.63806e-06
-8.10168e-06
9.23347e-06
-7.58122e-06
1.04073e-05
-6.86037e-06
1.08001e-05
-5.91197e-06
9.988e-06
-4.72157e-06
7.57548e-06
-3.30673e-06
3.25143e-06
-1.82758e-06
-2.89835e-06
-5.5677e-07
-1.04814e-05
2.75368e-07
-1.82471e-05
-2.3325e-05
-6.08559e-06
5.5218e-06
-5.59765e-06
7.14973e-06
-4.94318e-06
8.57862e-06
-4.11964e-06
9.58341e-06
-3.14307e-06
9.8232e-06
-2.05353e-06
8.89815e-06
-9.19426e-07
6.44115e-06
1.63591e-07
2.16825e-06
9.92096e-07
-3.72693e-06
1.39312e-06
-1.08824e-05
1.26894e-06
-1.81229e-05
-2.20562e-05
-3.81743e-06
4.97532e-06
-3.07852e-06
6.41059e-06
-2.15351e-06
7.65314e-06
-1.06717e-06
8.49673e-06
1.22266e-07
8.63335e-06
1.31509e-06
7.70493e-06
2.37653e-06
5.37943e-06
3.16586e-06
1.37865e-06
3.45733e-06
-4.01851e-06
3.13847e-06
-1.05635e-05
2.19484e-06
-1.71794e-05
-1.98613e-05
-1.84927e-06
4.24048e-06
-8.88934e-07
5.44996e-06
2.74523e-07
6.48951e-06
1.59155e-06
7.17945e-06
2.96874e-06
7.25595e-06
4.2568e-06
6.41675e-06
5.26866e-06
4.36738e-06
5.83604e-06
8.11229e-07
5.69791e-06
-3.88041e-06
4.74036e-06
-9.60603e-06
2.97954e-06
-1.54185e-05
-1.6882e-05
-1.55657e-07
3.34383e-06
9.96345e-07
4.2988e-06
2.36956e-06
5.11556e-06
3.89417e-06
5.65524e-06
5.44904e-06
5.70105e-06
6.84357e-06
5.02195e-06
7.84697e-06
3.36432e-06
8.26946e-06
3.88284e-07
7.78728e-06
-3.39832e-06
6.22788e-06
-8.04652e-06
3.63616e-06
-1.28276e-05
-1.32451e-05
1.30915e-06
2.31465e-06
2.6245e-06
2.98375e-06
4.18379e-06
3.55633e-06
5.901e-06
3.93852e-06
7.63426e-06
3.9681e-06
9.15718e-06
3.49929e-06
1.01939e-05
2.32788e-06
1.05397e-05
4.23217e-08
9.76743e-06
-2.62618e-06
7.61001e-06
-5.88925e-06
4.12395e-06
-9.34174e-06
-9.12094e-06
2.63603e-06
1.17988e-06
4.08837e-06
1.53201e-06
5.81278e-06
1.83224e-06
7.71321e-06
2.03913e-06
9.62784e-06
2.05427e-06
1.13078e-05
1.81986e-06
1.24092e-05
1.22689e-06
1.27073e-05
-2.55975e-07
1.16304e-05
-1.54938e-06
8.86798e-06
-3.12692e-06
4.50907e-06
-4.98309e-06
-4.61156e-06
4.02196e-06
5.55402e-06
7.38648e-06
9.42578e-06
1.14802e-05
1.33001e-05
1.4527e-05
1.4271e-05
1.27216e-05
9.59461e-06
4.61156e-06
-1.20076e-05
-2.44636e-06
-1.40623e-05
-6.82606e-06
-1.46686e-05
-8.98644e-06
-1.51082e-05
-1.00997e-05
-1.56443e-05
-1.01461e-05
-1.63754e-05
-9.32759e-06
-1.72633e-05
-7.81963e-06
-1.82006e-05
-5.78773e-06
-1.9071e-05
-3.45124e-06
-1.97806e-05
-1.02387e-06
-2.03851e-05
1.13367e-06
3.14378e-06
-2.09395e-05
-7.56364e-06
5.11523e-06
-1.04295e-05
-3.96077e-06
-1.15475e-05
-7.86882e-06
-1.22744e-05
-9.37329e-06
-1.29189e-05
-9.502e-06
-1.36358e-05
-8.61098e-06
-1.44277e-05
-7.02806e-06
-1.52241e-05
-4.99179e-06
-1.59428e-05
-2.73287e-06
-1.65285e-05
-4.38632e-07
-1.70337e-05
1.63849e-06
3.61789e-06
-1.75081e-05
-5.07906e-06
1.0192e-05
-7.62587e-06
-1.41459e-06
-8.93435e-06
-6.56077e-06
-9.80185e-06
-8.50611e-06
-1.05051e-05
-8.79909e-06
-1.1192e-05
-7.92429e-06
-1.18923e-05
-6.32814e-06
-1.25623e-05
-4.32206e-06
-1.31439e-05
-2.15166e-06
-1.36026e-05
1.97517e-08
-1.39822e-05
2.01769e-06
3.95527e-06
-1.43198e-05
-3.3794e-06
1.35697e-05
-5.41946e-06
6.25011e-07
-6.71432e-06
-5.2663e-06
-7.62478e-06
-7.596e-06
-8.35305e-06
-8.07113e-06
-9.00928e-06
-7.26836e-06
-9.63256e-06
-5.70517e-06
-1.01968e-05
-3.75819e-06
-1.06579e-05
-1.69081e-06
-1.09913e-05
3.52725e-07
-1.1229e-05
2.25508e-06
4.1224e-06
-1.13964e-05
-2.02404e-06
1.55935e-05
-3.56822e-06
2.16878e-06
-4.76871e-06
-4.06614e-06
-5.67692e-06
-6.68802e-06
-6.41974e-06
-7.32853e-06
-7.05736e-06
-6.63096e-06
-7.62514e-06
-5.13765e-06
-8.10651e-06
-3.27708e-06
-8.46561e-06
-1.33201e-06
-8.6809e-06
5.67703e-07
-8.77319e-06
2.34702e-06
4.10633e-06
-8.75739e-06
-8.32156e-07
1.64244e-05
-1.91595e-06
3.25214e-06
-2.99825e-06
-2.98416e-06
-3.89762e-06
-5.78897e-06
-4.66526e-06
-6.56114e-06
-5.30708e-06
-5.98943e-06
-5.84583e-06
-4.59914e-06
-6.26909e-06
-2.85414e-06
-6.54558e-06
-1.05579e-06
-6.65474e-06
6.76523e-07
-6.60785e-06
2.29978e-06
3.91e-06
-6.41182e-06
2.93203e-07
1.6131e-05
-3.6131e-07
3.90643e-06
-1.32483e-06
-2.02099e-06
-2.23308e-06
-4.88092e-06
-3.05156e-06
-5.74301e-06
-3.7288e-06
-5.31233e-06
-4.26886e-06
-4.05945e-06
-4.66013e-06
-2.463e-06
-4.87442e-06
-8.41912e-07
-4.89238e-06
6.9431e-07
-4.7192e-06
2.12621e-06
3.54696e-06
-4.35645e-06
1.38523e-06
1.47449e-05
1.1521e-06
4.13883e-06
3.10514e-07
-1.17982e-06
-6.35999e-07
-3.93483e-06
-1.54148e-06
-4.83778e-06
-2.29123e-06
-4.56296e-06
-2.86571e-06
-3.4852e-06
-3.25203e-06
-2.07709e-06
-3.42493e-06
-6.69236e-07
-3.36851e-06
6.37476e-07
-3.0858e-06
1.84319e-06
3.03679e-06
-2.57591e-06
2.43365e-06
1.23081e-05
2.64985e-06
3.92296e-06
1.9463e-06
-4.77154e-07
9.3582e-07
-2.92425e-06
-9.49107e-08
-3.80816e-06
-9.5808e-07
-3.6994e-06
-1.60309e-06
-2.84144e-06
-2.01167e-06
-1.6679e-06
-2.16385e-06
-5.18416e-07
-2.05023e-06
5.24612e-07
-1.67672e-06
1.46932e-06
2.40193e-06
-1.04214e-06
3.46144e-06
8.84375e-06
4.13168e-06
3.25164e-06
3.60449e-06
4.90462e-08
2.53023e-06
-1.85089e-06
1.34733e-06
-2.62626e-06
3.26805e-07
-2.67961e-06
-4.31185e-07
-2.08439e-06
-8.92658e-07
-1.20698e-06
-1.04453e-06
-3.67397e-07
-8.90849e-07
3.71161e-07
-4.45442e-07
1.02404e-06
1.66572e-06
2.90448e-07
4.29867e-06
4.54078e-06
5.54195e-06
2.00644e-06
5.29681e-06
2.91835e-07
4.23384e-06
-7.8972e-07
2.91267e-06
-1.30725e-06
1.68613e-06
-1.45491e-06
7.51693e-07
-1.1526e-06
1.96604e-07
-6.5362e-07
2.25494e-08
-1.95486e-07
2.01342e-07
1.92853e-07
6.99905e-07
5.25715e-07
8.51794e-07
1.5132e-06
4.54037e-06
6.54637e-06
6.83783e-06
6.04769e-06
4.74011e-06
3.28463e-06
2.13168e-06
1.47751e-06
1.28213e-06
1.47506e-06
2.00063e-06
2.85232e-06
-2.16816e-05
4.8406e-06
-2.25728e-05
6.72143e-06
-2.35497e-05
8.58656e-06
-2.45173e-05
1.02869e-05
-2.532e-05
1.15687e-05
-2.57634e-05
1.2096e-05
-2.56264e-05
1.15465e-05
-2.46649e-05
9.65319e-06
-2.25999e-05
6.26945e-06
-1.90237e-05
1.40098e-06
-1.28519e-05
-5.41805e-06
-1.58082e-05
-1.80967e-05
5.42903e-06
-1.87592e-05
7.3837e-06
-1.94381e-05
9.26525e-06
-2.00419e-05
1.08902e-05
-2.0429e-05
1.19553e-05
-2.04181e-05
1.20845e-05
-1.97881e-05
1.0916e-05
-1.82674e-05
8.13207e-06
-1.55066e-05
3.50851e-06
-1.09673e-05
-3.1384e-06
-4.77897e-06
-1.16064e-05
-2.05872e-05
-1.46995e-05
5.80853e-06
-1.50813e-05
7.76531e-06
-1.54157e-05
9.59933e-06
-1.56246e-05
1.10987e-05
-1.55931e-05
1.19232e-05
-1.51729e-05
1.16637e-05
-1.41817e-05
9.92421e-06
-1.24037e-05
6.35369e-06
-9.65566e-06
7.60337e-07
-5.94761e-06
-6.8465e-06
-2.1025e-06
-1.54514e-05
-2.2689e-05
-1.15401e-05
5.95192e-06
-1.1623e-05
7.84804e-06
-1.16057e-05
9.58173e-06
-1.14316e-05
1.09243e-05
-1.10244e-05
1.15155e-05
-1.02903e-05
1.0929e-05
-9.12377e-06
8.75725e-06
-7.42773e-06
4.6573e-06
-5.24137e-06
-1.42626e-06
-2.87353e-06
-9.21452e-06
-9.09132e-07
-1.74159e-05
-2.35985e-05
-8.6585e-06
5.85285e-06
-8.4469e-06
7.63629e-06
-8.09591e-06
9.23063e-06
-7.57524e-06
1.04032e-05
-6.85431e-06
1.07941e-05
-5.90616e-06
9.98025e-06
-4.71634e-06
7.56694e-06
-3.30241e-06
3.24295e-06
-1.82458e-06
-2.90432e-06
-5.55174e-07
-1.04841e-05
2.75854e-07
-1.82471e-05
-2.33223e-05
-6.0795e-06
5.52032e-06
-5.59135e-06
7.14798e-06
-4.9367e-06
8.57566e-06
-4.11324e-06
9.57951e-06
-3.13694e-06
9.81741e-06
-2.04798e-06
8.89094e-06
-9.14818e-07
6.43343e-06
1.67155e-07
2.16072e-06
9.94383e-07
-3.73175e-06
1.39419e-06
-1.08841e-05
1.26925e-06
-1.81224e-05
-2.20535e-05
-3.81023e-06
4.97388e-06
-3.07138e-06
6.40901e-06
-2.14637e-06
7.65067e-06
-1.06046e-06
8.49323e-06
1.28456e-07
8.62812e-06
1.32042e-06
7.69855e-06
2.38067e-06
5.37274e-06
3.16888e-06
1.37218e-06
3.45912e-06
-4.02227e-06
3.13914e-06
-1.05644e-05
2.19494e-06
-1.71785e-05
-1.98587e-05
-1.84109e-06
4.2389e-06
-8.80991e-07
5.44886e-06
2.82178e-07
6.48731e-06
1.59851e-06
7.1768e-06
2.97497e-06
7.25147e-06
4.26193e-06
6.41131e-06
5.27244e-06
4.36204e-06
5.83863e-06
8.0573e-07
5.69931e-06
-3.88313e-06
4.74075e-06
-9.60605e-06
2.97958e-06
-1.54177e-05
-1.68795e-05
-1.46496e-07
3.34309e-06
1.0049e-06
4.29741e-06
2.37776e-06
5.11448e-06
3.90128e-06
5.65287e-06
5.45527e-06
5.69754e-06
6.84861e-06
5.01807e-06
7.85037e-06
3.35976e-06
8.27174e-06
3.84372e-07
7.78838e-06
-3.40017e-06
6.22793e-06
-8.04651e-06
3.63631e-06
-1.2826e-05
-1.32437e-05
1.31902e-06
2.31433e-06
2.63373e-06
2.98269e-06
4.19233e-06
3.55565e-06
5.90829e-06
3.93669e-06
7.64049e-06
3.96565e-06
9.16203e-06
3.49667e-06
1.0197e-05
2.32463e-06
1.05416e-05
3.96403e-08
9.76819e-06
-2.62735e-06
7.60993e-06
-5.88897e-06
4.12402e-06
-9.34047e-06
-9.12006e-06
2.64656e-06
1.18057e-06
4.09809e-06
1.53099e-06
5.82165e-06
1.83172e-06
7.72062e-06
2.03749e-06
9.634e-06
2.05282e-06
1.13125e-05
1.81855e-06
1.24121e-05
1.22486e-06
1.27089e-05
-2.57454e-07
1.16308e-05
-1.55009e-06
8.86776e-06
-3.12698e-06
4.50931e-06
-4.9826e-06
-4.61162e-06
4.03286e-06
5.56377e-06
7.39543e-06
9.43303e-06
1.14859e-05
1.33044e-05
1.45293e-05
1.42717e-05
1.27214e-05
9.59434e-06
4.61162e-06
-1.1999e-05
-2.45227e-06
-1.40519e-05
-6.83391e-06
-1.4658e-05
-8.99336e-06
-1.5098e-05
-1.01049e-05
-1.56353e-05
-1.01496e-05
-1.63679e-05
-9.32975e-06
-1.72578e-05
-7.82095e-06
-1.81972e-05
-5.78879e-06
-1.90696e-05
-3.45257e-06
-1.97809e-05
-1.02611e-06
-2.03865e-05
1.12958e-06
3.1372e-06
-7.55708e-06
5.10251e-06
-1.04209e-05
-3.97064e-06
-1.15388e-05
-7.87589e-06
-1.22661e-05
-9.37791e-06
-1.29117e-05
-9.50432e-06
-1.36302e-05
-8.61154e-06
-1.44239e-05
-7.02751e-06
-1.52222e-05
-4.99091e-06
-1.59428e-05
-2.73247e-06
-1.653e-05
-4.39391e-07
-1.70363e-05
1.63528e-06
3.61144e-06
-5.07418e-06
1.01743e-05
-7.61929e-06
-1.42615e-06
-8.92769e-06
-6.56788e-06
-9.7957e-06
-8.51016e-06
-1.04999e-05
-8.8004e-06
-1.11882e-05
-7.92341e-06
-1.18901e-05
-6.3259e-06
-1.25618e-05
-4.31947e-06
-1.31449e-05
-2.14969e-06
-1.3605e-05
2.01488e-08
-1.39855e-05
2.01533e-06
3.949e-06
-3.37592e-06
1.35485e-05
-5.41506e-06
6.12539e-07
-6.70992e-06
-5.27333e-06
-7.62084e-06
-7.59955e-06
-8.34989e-06
-8.0716e-06
-9.00724e-06
-7.2663e-06
-9.63185e-06
-5.70153e-06
-1.01974e-05
-3.75418e-06
-1.06599e-05
-1.68757e-06
-1.09943e-05
3.54124e-07
-1.12329e-05
2.25341e-06
4.1164e-06
-2.02227e-06
1.55704e-05
-3.56606e-06
2.15594e-06
-4.76663e-06
-4.07305e-06
-5.67523e-06
-6.69108e-06
-6.41863e-06
-7.32835e-06
-7.05706e-06
-6.62799e-06
-7.62585e-06
-5.13291e-06
-8.10826e-06
-3.27196e-06
-8.46836e-06
-1.3278e-06
-8.6845e-06
5.69819e-07
-8.77747e-06
2.3459e-06
4.10072e-06
-8.32078e-07
1.64012e-05
-1.91602e-06
3.23952e-06
-2.99851e-06
-2.99079e-06
-3.8982e-06
-5.79163e-06
-4.66619e-06
-6.56053e-06
-5.30848e-06
-5.9859e-06
-5.84788e-06
-4.59366e-06
-6.27182e-06
-2.84828e-06
-6.549e-06
-1.05092e-06
-6.65877e-06
6.79125e-07
-6.6124e-06
2.29909e-06
3.90481e-06
2.91705e-07
1.61092e-05
-3.63528e-07
3.89457e-06
-1.3274e-06
-2.02725e-06
-2.23589e-06
-4.88322e-06
-3.05449e-06
-5.74219e-06
-3.73182e-06
-5.30857e-06
-4.27215e-06
-4.05361e-06
-4.66371e-06
-2.45677e-06
-4.8784e-06
-8.36755e-07
-4.89674e-06
6.97139e-07
-4.72395e-06
2.12584e-06
3.54257e-06
1.38231e-06
1.4726e-05
1.14788e-06
4.12829e-06
3.05715e-07
-1.18535e-06
-6.40942e-07
-3.93689e-06
-1.54631e-06
-4.83696e-06
-2.29577e-06
-4.55941e-06
-2.87012e-06
-3.47938e-06
-3.25632e-06
-2.07094e-06
-3.42933e-06
-6.64158e-07
-3.37308e-06
6.40275e-07
-3.09068e-06
1.8431e-06
3.03308e-06
2.42955e-06
1.2293e-05
2.64386e-06
3.91448e-06
1.9394e-06
-4.81949e-07
9.28901e-07
-2.9259e-06
-1.01553e-07
-3.80776e-06
-9.63988e-07
-3.69627e-06
-1.60847e-06
-2.83623e-06
-2.01649e-06
-1.66223e-06
-2.16849e-06
-5.13808e-07
-2.05486e-06
5.27296e-07
-1.6817e-06
1.46961e-06
2.39902e-06
3.45638e-06
8.83349e-06
4.12416e-06
3.24554e-06
3.59582e-06
4.55349e-08
2.52151e-06
-1.85219e-06
1.33907e-06
-2.6262e-06
3.19613e-07
-2.67732e-06
-4.37326e-07
-2.08014e-06
-8.97765e-07
-1.20234e-06
-1.04912e-06
-3.63771e-07
-8.95288e-07
3.73417e-07
-4.50461e-07
1.02444e-06
1.66309e-06
4.29328e-06
4.53561e-06
5.53334e-06
2.00355e-06
5.28686e-06
2.89929e-07
4.22376e-06
-7.90365e-07
2.903e-06
-1.30732e-06
1.67775e-06
-1.4534e-06
7.4499e-07
-1.1498e-06
1.91552e-07
-6.50849e-07
1.84212e-08
-1.93947e-07
1.97515e-07
1.93787e-07
6.95134e-07
5.24892e-07
8.48247e-07
4.53519e-06
6.53833e-06
6.82801e-06
6.03727e-06
4.72972e-06
3.2758e-06
2.12562e-06
1.47395e-06
1.27989e-06
1.47331e-06
1.99723e-06
)
;

boundaryField
{
    rotor
    {
        type            calculated;
        value           uniform 0;
    }
    stator
    {
        type            calculated;
        value           uniform 0;
    }
    front
    {
        type            empty;
        value           nonuniform 0();
    }
    back
    {
        type            empty;
        value           nonuniform 0();
    }
}


// ************************************************************************* //
