/*--------------------------------*- C++ -*----------------------------------*\
  =========                 |
  \\      /  F ield         | OpenFOAM: The Open Source CFD Toolbox
   \\    /   O peration     | Website:  https://openfoam.org
    \\  /    A nd           | Version:  6
     \\/     M anipulation  |
\*---------------------------------------------------------------------------*/
FoamFile
{
    version     2.0;
    format      ascii;
    class       volVectorField;
    location    "300";
    object      U;
}
// * * * * * * * * * * * * * * * * * * * * * * * * * * * * * * * * * * * * * //

dimensions      [0 1 -1 0 0 0 0];

internalField   nonuniform List<vector> 
3072
(
(0.157777 2.24285 0)
(0.236504 1.94772 0)
(0.332108 1.75738 1.37449e-19)
(0.446322 1.66099 8.58059e-19)
(0.56834 1.58771 -1.59917e-18)
(0.675427 1.66113 9.35515e-19)
(1.00141 1.80478 4.60562e-19)
(1.87383 1.55718 5.19337e-19)
(2.77072 1.78041 -2.85676e-19)
(3.04012 2.2314 8.55616e-19)
(3.33093 2.38026 5.82873e-19)
(3.60117 2.5294 5.97296e-19)
(-0.394321 2.70396 -1.92222e-19)
(-0.218947 2.40053 -4.02514e-19)
(0.0409126 2.39119 5.02236e-19)
(0.380567 2.46014 0)
(0.8948 2.46342 8.31991e-19)
(1.7403 2.57905 -9.37285e-19)
(2.4735 2.90192 0)
(2.86631 2.93155 0)
(3.03186 2.99424 0)
(3.06896 3.0161 7.19139e-19)
(3.17209 3.0175 -2.51112e-18)
(3.28971 2.99552 4.26951e-19)
(-0.366128 3.0189 1.80699e-19)
(0.00370324 2.75841 0)
(0.537304 2.83508 0)
(1.20837 2.94291 -2.99335e-18)
(1.93657 3.11627 9.78633e-19)
(2.46978 3.16781 -1.90819e-18)
(2.81588 3.17044 1.94283e-18)
(3.01775 3.05653 0)
(3.13352 2.95939 0)
(3.20109 2.87774 -1.01504e-18)
(3.28724 2.79939 -1.01844e-18)
(3.37081 2.71819 3.45401e-18)
(-0.199595 3.32484 -1.42107e-18)
(0.295081 3.20064 -2.42039e-18)
(0.94328 3.33118 1.63262e-18)
(1.62085 3.41136 -1.51672e-18)
(2.19374 3.42447 3.54074e-18)
(2.57039 3.33687 -3.80743e-18)
(2.79662 3.22468 -2.38727e-18)
(2.95377 3.08077 -5.74883e-18)
(3.0429 2.96279 -2.07565e-19)
(3.10631 2.86048 3.01289e-18)
(3.17458 2.76359 3.32901e-18)
(3.23851 2.66889 -2.7398e-18)
(0.0394762 3.51163 0)
(0.56896 3.51909 1.10024e-18)
(1.18892 3.61488 -2.22236e-18)
(1.79317 3.61272 3.14782e-18)
(2.2495 3.52505 5.5541e-19)
(2.53352 3.38278 2.36618e-18)
(2.71669 3.23133 2.08655e-18)
(2.83157 3.0769 1.99928e-18)
(2.91283 2.93679 -4.09921e-18)
(2.97989 2.81216 3.55251e-18)
(3.04653 2.69685 -4.83113e-18)
(3.112 2.58833 6.46099e-18)
(0.270171 3.66476 -3.29894e-18)
(0.781883 3.75836 1.48088e-18)
(1.33462 3.80013 4.24717e-18)
(1.84436 3.73136 0)
(2.20978 3.58761 -6.58247e-18)
(2.44111 3.41245 6.57717e-18)
(2.59457 3.23546 0)
(2.70358 3.06395 -4.87002e-18)
(2.78701 2.90765 4.19359e-18)
(2.85843 2.76714 0)
(2.92634 2.63874 2.41305e-19)
(2.99231 2.52025 3.85853e-18)
(0.453138 3.82432 0)
(0.928136 3.98111 -3.47507e-18)
(1.40292 3.96333 3.19354e-18)
(1.82214 3.84668 0)
(2.12162 3.66222 -3.91966e-18)
(2.32165 3.45707 5.9844e-19)
(2.46355 3.25479 5.60171e-18)
(2.57151 3.06421 5.1305e-18)
(2.65926 2.89045 -4.52101e-18)
(2.73602 2.73376 4.45508e-18)
(2.80747 2.59165 -3.86115e-18)
(2.87565 2.46201 -1.0812e-17)
(0.611002 4.01042 0)
(1.02173 4.21391 3.11545e-18)
(1.41147 4.13648 -4.77471e-18)
(1.74985 3.97905 4.77501e-18)
(2.00165 3.75811 0)
(2.18496 3.52196 -6.15183e-18)
(2.32489 3.29259 5.95708e-18)
(2.43728 3.07909 1.00998e-19)
(2.53169 2.885 -9.73984e-18)
(2.61461 2.71039 -4.522e-18)
(2.69025 2.55322 -2.41994e-19)
(2.76089 2.41124 8.05065e-18)
(0.71309 4.19007 0)
(1.07467 4.45598 -3.97501e-18)
(1.37271 4.31139 -5.56461e-18)
(1.63793 4.11133 -3.9826e-18)
(1.85502 3.8564 7.888e-18)
(2.03101 3.59012 0)
(2.17536 3.33409 0)
(2.29613 3.09712 0)
(2.39925 2.88234 0)
(2.48933 2.6897 4.66061e-18)
(2.56975 2.51736 -4.63859e-18)
(2.64298 2.36287 4.41617e-18)
(0.811648 4.47691 0)
(1.05454 4.6928 2.91944e-18)
(1.25433 4.44193 -6.36293e-19)
(1.47271 4.18089 4.59408e-18)
(1.67163 3.89493 4.49704e-18)
(1.84735 3.60671 -7.15231e-18)
(2.00076 3.33396 0)
(2.13356 3.08268 -2.12146e-19)
(2.24828 2.85497 -1.72433e-17)
(2.34792 2.65066 0)
(2.43506 2.46814 1.05178e-17)
(2.51235 2.30494 -4.88754e-18)
(0.966077 4.56898 0)
(0.948484 4.68773 3.30411e-18)
(1.04093 4.35749 9.59279e-18)
(1.23084 4.04369 -8.13755e-18)
(1.42592 3.75699 -1.1394e-17)
(1.61185 3.47916 1.79375e-17)
(1.78152 3.21941 -2.02885e-19)
(1.93194 2.97946 -6.95936e-18)
(2.063 2.75991 5.65328e-18)
(2.17648 2.56082 -1.19071e-17)
(2.27405 2.38138 -1.63637e-17)
(2.35861 2.21968 1.63984e-17)
(0.386697 4.1691 -1.87045e-18)
(0.566798 4.10415 -1.24342e-17)
(0.700694 3.79631 2.37785e-18)
(0.903069 3.53578 0)
(1.12074 3.33029 0)
(1.3301 3.12791 3.57793e-19)
(1.52161 2.93135 1.88586e-17)
(1.69272 2.7418 1.16278e-17)
(1.84256 2.5613 0)
(1.97256 2.39201 1.08673e-17)
(2.0833 2.2352 0)
(2.17802 2.0904 4.84997e-19)
(3.87427 2.47065 6.9198e-19)
(4.07901 2.41922 -5.79335e-19)
(4.22644 2.26607 -1.56048e-19)
(4.30161 2.11678 -5.18695e-19)
(4.31038 1.91959 -2.44827e-19)
(4.25072 1.72069 0)
(4.11235 1.50442 0)
(3.89521 1.29411 7.76766e-19)
(3.59858 1.07432 -9.12698e-19)
(3.19053 0.826316 0)
(2.73955 0.420811 0)
(2.61836 -0.0997161 -4.85367e-20)
(3.40161 2.96142 1.4492e-18)
(3.5135 2.8889 0)
(3.62563 2.77965 -8.96281e-19)
(3.72691 2.63578 4.03383e-19)
(3.80478 2.46788 2.53119e-19)
(3.84131 2.29592 2.54807e-18)
(3.82858 2.12681 -4.12282e-18)
(3.76195 1.97492 6.54411e-19)
(3.63887 1.85701 0)
(3.36249 1.74494 0)
(3.08621 1.61801 0)
(3.20569 1.16959 6.8882e-19)
(3.45636 2.63269 1.37505e-18)
(3.53984 2.53976 -3.74212e-18)
(3.61929 2.43757 1.0271e-18)
(3.68395 2.33203 2.49152e-18)
(3.72687 2.22629 -2.56507e-18)
(3.74072 2.12747 0)
(3.72213 2.04595 0)
(3.67057 1.99054 -2.11925e-19)
(3.59313 1.96748 1.05645e-18)
(3.44432 1.96229 0)
(3.20845 1.9581 0)
(3.40495 1.85651 -4.48973e-19)
(3.30417 2.576 3.09261e-19)
(3.37192 2.4825 3.74599e-18)
(3.43713 2.38686 2.62936e-18)
(3.493 2.29254 -2.62392e-18)
(3.53491 2.20476 0)
(3.55947 2.12986 1.55765e-18)
(3.56365 2.07559 0)
(3.55096 2.04958 2.46409e-18)
(3.51926 2.05745 -7.31254e-19)
(3.44731 2.12015 0)
(3.26054 2.21387 -5.23785e-19)
(3.55288 2.29675 6.14237e-19)
(3.1782 2.48517 -2.65045e-18)
(3.2436 2.38597 0)
(3.30526 2.29103 0)
(3.35999 2.20325 0)
(3.40582 2.12685 0)
(3.44188 2.06693 -2.78983e-18)
(3.46657 2.0327 -1.25451e-19)
(3.48084 2.02814 -1.29238e-18)
(3.49106 2.06522 0)
(3.47861 2.1582 -1.01194e-18)
(3.35918 2.31433 4.73029e-19)
(3.76518 2.53303 -1.57724e-19)
(3.05759 2.40998 -2.1342e-19)
(3.12147 2.30696 -6.40342e-18)
(3.18259 2.21167 3.0308e-18)
(3.23969 2.12632 4.61645e-22)
(3.29231 2.05439 1.98716e-19)
(3.34064 2.00047 4.41431e-18)
(3.38621 1.97071 -1.41166e-19)
(3.43118 1.97183 -4.99331e-18)
(3.47775 2.01528 -2.01666e-18)
(3.52911 2.11717 1.02196e-18)
(3.47461 2.3159 -1.27057e-18)
(3.93325 2.65548 -5.10295e-19)
(2.94177 2.34312 1.03277e-17)
(3.00601 2.23403 3.3791e-18)
(3.06827 2.13495 0)
(3.12871 2.0474 0)
(3.18824 1.97401 1.89839e-19)
(3.24855 1.91848 -3.22783e-18)
(3.31247 1.88587 5.08621e-18)
(3.38383 1.88242 -1.19874e-19)
(3.46634 1.91885 1.73944e-18)
(3.56718 2.0138 0)
(3.59062 2.21034 -2.31952e-19)
(4.08636 2.63086 -7.80036e-20)
(2.82797 2.2825 -3.85071e-18)
(2.89251 2.16567 -3.54091e-18)
(2.95547 2.06042 3.79758e-18)
(3.01816 1.96748 -3.56616e-18)
(3.08264 1.88851 1.143e-21)
(3.15194 1.82612 7.14169e-18)
(3.23041 1.78395 -3.29963e-18)
(3.32397 1.76741 1.87426e-18)
(3.43874 1.78597 0)
(3.58777 1.8593 1.14541e-18)
(3.69195 2.04044 5.82498e-19)
(4.192 2.50215 -8.86098e-19)
(2.71081 2.22395 4.25795e-18)
(2.77503 2.0986 -4.11923e-18)
(2.83746 1.98585 -3.84879e-18)
(2.90034 1.88555 -8.02204e-18)
(2.96668 1.79836 7.74635e-18)
(3.04052 1.72554 -7.46551e-18)
(3.12776 1.66898 0)
(3.23665 1.63239 -1.7984e-18)
(3.37656 1.62253 0)
(3.56776 1.6577 0)
(3.75442 1.80029 0)
(4.24606 2.227 4.23581e-19)
(2.58175 2.15872 4.71199e-18)
(2.64572 2.02676 -9.42235e-18)
(2.70678 1.90756 9.17084e-18)
(2.76778 1.80016 8.80678e-18)
(2.83247 1.70417 4.26643e-18)
(2.90565 1.61963 0)
(2.99446 1.54617 0)
(3.10913 1.48492 4.21399e-18)
(3.2631 1.43819 0)
(3.48717 1.42098 -1.19994e-18)
(3.73817 1.48642 7.81821e-19)
(4.22924 1.79758 -1.24077e-18)
(2.43186 2.07408 -1.06695e-17)
(2.49687 1.94131 9.79437e-18)
(2.5566 1.81993 -9.52823e-18)
(2.61424 1.70847 -2.38958e-17)
(2.67379 1.60582 -2.32724e-19)
(2.74057 1.51092 1.28742e-19)
(2.82296 1.42103 -4.63159e-18)
(2.93145 1.33397 -4.26345e-18)
(3.0837 1.24545 0)
(3.31969 1.16455 3.65517e-18)
(3.60731 1.09925 8.9858e-19)
(4.09087 1.07408 -1.74627e-18)
(2.2572 1.95771 -4.79446e-19)
(2.32435 1.83336 0)
(2.38255 1.71701 0)
(2.43506 1.607 4.66747e-18)
(2.48609 1.50218 1.42535e-17)
(2.54067 1.40102 -4.66847e-18)
(2.60865 1.29889 -2.11004e-19)
(2.69826 1.19064 -2.43652e-18)
(2.82992 1.06383 -2.28e-18)
(3.03252 0.917024 -2.30212e-18)
(3.33161 0.690443 0)
(3.67823 -0.0208879 2.2893e-18)
(2.24142 -0.159772 2.43085e-22)
(1.94574 -0.237258 0)
(1.7561 -0.332239 -1.3709e-19)
(1.66011 -0.446364 0)
(1.58693 -0.568236 -7.94836e-19)
(1.66004 -0.675174 9.32157e-19)
(1.8045 -1.00025 0)
(1.5573 -1.87101 3.41837e-19)
(1.77834 -2.76962 -2.79455e-19)
(2.23034 -3.04 7.5865e-20)
(2.37918 -3.3303 -6.93109e-19)
(2.5287 -3.60089 -5.97865e-19)
(2.70323 0.393861 -2.19479e-19)
(2.4004 0.219292 -1.03857e-19)
(2.3905 -0.0403509 5.18919e-19)
(2.45943 -0.379681 0)
(2.4631 -0.893015 -8.34037e-19)
(2.57776 -1.73862 3.97811e-19)
(2.90083 -2.47255 0)
(2.93099 -2.86624 8.03857e-19)
(2.99346 -3.03217 -3.54638e-18)
(3.01552 -3.06927 1.87843e-18)
(3.0169 -3.17217 1.30553e-18)
(2.99502 -3.28978 -3.52602e-18)
(3.01866 0.366224 -1.80961e-19)
(2.75799 -0.00290053 0)
(2.83444 -0.536176 -1.72904e-18)
(2.94197 -1.20712 0)
(3.11559 -1.93596 0)
(3.16725 -2.46959 -8.03213e-19)
(3.17008 -2.81603 4.30246e-18)
(3.0563 -3.01795 -3.04986e-18)
(2.95902 -3.13384 9.20665e-19)
(2.87738 -3.20136 0)
(2.79901 -3.28741 2.54496e-18)
(2.71781 -3.37094 -1.46659e-18)
(3.32487 0.20011 9.05506e-19)
(3.2003 -0.294288 1.378e-18)
(3.33084 -0.942502 1.20106e-18)
(3.4111 -1.62035 2.27787e-18)
(3.42437 -2.19362 -1.64311e-18)
(3.33679 -2.57049 -1.34621e-18)
(3.2246 -2.79689 0)
(3.08064 -2.95407 0)
(2.96259 -3.04324 1.94211e-18)
(2.86024 -3.10659 0)
(2.76333 -3.1748 4.08135e-19)
(2.66864 -3.2387 1.18577e-18)
(3.51179 -0.0387867 1.68937e-18)
(3.519 -0.568236 -8.84743e-19)
(3.61487 -1.18836 -2.22394e-18)
(3.6128 -1.79292 0)
(3.52519 -2.24953 0)
(3.38287 -2.5337 3.19791e-18)
(3.23137 -2.71697 0)
(3.07688 -2.83185 -4.7089e-18)
(2.9367 -2.91312 -1.94329e-18)
(2.81203 -2.98014 3.55535e-18)
(2.69669 -3.04674 -4.83503e-18)
(2.58815 -3.11216 3.07508e-18)
(3.66496 -0.269525 -1.82996e-18)
(3.75842 -0.781298 -1.2932e-18)
(3.80031 -1.33422 1.84356e-18)
(3.73158 -1.84421 3.0301e-19)
(3.58784 -2.20983 3.31274e-18)
(3.41261 -2.44128 -6.32857e-18)
(3.23556 -2.59479 5.61701e-18)
(3.06398 -2.70381 5.23706e-19)
(2.90761 -2.78725 0)
(2.76706 -2.85865 0)
(2.63863 -2.92653 7.46853e-18)
(2.52012 -2.99247 3.94542e-20)
(3.82456 -0.452649 -4.61941e-20)
(3.98124 -0.927686 -1.92457e-18)
(3.96358 -1.40264 0)
(3.84696 -1.82205 -3.9358e-18)
(3.66246 -2.12168 4.15729e-18)
(3.45725 -2.32178 1.009e-17)
(3.2549 -2.46372 6.14933e-18)
(3.06426 -2.5717 7.4008e-19)
(2.89044 -2.65947 -9.49339e-18)
(2.73371 -2.73622 4.16181e-18)
(2.59158 -2.80765 4.41585e-18)
(2.46192 -2.87582 2.28382e-19)
(4.01063 -0.610662 1.98612e-19)
(4.21408 -1.02141 3.11671e-18)
(4.13675 -1.41127 0)
(3.97934 -1.74978 -4.77729e-18)
(3.75835 -2.00169 -3.50402e-18)
(3.52213 -2.18506 5.74377e-19)
(3.2927 -2.32502 -1.13097e-17)
(3.07914 -2.43744 3.74778e-19)
(2.885 -2.53187 -2.48734e-19)
(2.71036 -2.6148 4.75316e-18)
(2.55317 -2.69043 -3.82419e-18)
(2.41117 -2.76106 2.00235e-19)
(4.19021 -0.712952 -3.53381e-18)
(4.45617 -1.07449 1.60205e-18)
(4.31164 -1.37258 -8.10429e-18)
(4.1116 -1.63787 3.98414e-18)
(3.85662 -1.85502 0)
(3.59027 -2.03106 0)
(3.33417 -2.17545 6.35888e-18)
(3.09716 -2.29626 1.14567e-17)
(2.88233 -2.3994 -5.17863e-18)
(2.68967 -2.4895 -4.66272e-18)
(2.51731 -2.56992 -4.42545e-18)
(2.36282 -2.64315 0)
(4.47706 -0.81164 7.08246e-20)
(4.69295 -1.05438 4.43091e-18)
(4.44213 -1.25421 9.86188e-18)
(4.1811 -1.47262 0)
(3.89509 -1.67157 7.88616e-18)
(3.60682 -1.84734 0)
(3.33402 -2.0008 3.19333e-19)
(3.08269 -2.13365 -5.66159e-18)
(2.85494 -2.24841 6.03135e-18)
(2.65061 -2.34808 0)
(2.46809 -2.43523 0)
(2.30489 -2.51252 -1.00885e-17)
(4.56899 -0.966176 -6.73822e-18)
(4.68778 -0.948459 3.30198e-18)
(4.35755 -1.04082 5.38265e-19)
(4.04378 -1.23071 -8.95793e-18)
(3.75706 -1.42581 -3.53397e-18)
(3.47922 -1.6118 -3.58846e-18)
(3.21943 -1.78153 -6.94791e-18)
(2.97945 -1.93202 -1.94791e-17)
(2.75987 -2.06312 -5.65485e-18)
(2.56077 -2.17664 -1.19105e-17)
(2.38133 -2.27422 1.14375e-17)
(2.21963 -2.35877 1.04196e-17)
(4.16912 -0.386763 3.57822e-18)
(4.10407 -0.566718 -1.42877e-18)
(3.79623 -0.700562 3.51177e-19)
(3.53574 -0.90292 7.49233e-18)
(3.33027 -1.12063 0)
(3.12791 -1.33004 -6.779e-18)
(2.93135 -1.52162 6.0782e-18)
(2.74178 -1.6928 5.40492e-18)
(2.56126 -1.84269 -1.75032e-17)
(2.39196 -1.97272 1.08687e-17)
(2.23515 -2.08347 -1.0586e-17)
(2.09034 -2.17818 0)
(2.46995 -3.87381 -6.31747e-19)
(2.41872 -4.07873 1.54709e-18)
(2.26559 -4.22611 -1.07753e-18)
(2.11644 -4.30139 -4.78253e-19)
(1.9193 -4.31012 1.0807e-19)
(1.7205 -4.25054 4.77418e-20)
(1.50427 -4.11216 -1.1352e-19)
(1.29404 -3.89508 -2.77063e-19)
(1.07427 -3.59843 -9.13071e-19)
(0.826313 -3.19042 0)
(0.420805 -2.73947 0)
(-0.0998785 -2.61826 -4.85533e-20)
(2.96099 -3.40156 -3.70945e-20)
(2.88855 -3.51344 1.98561e-18)
(2.77936 -3.62553 -8.96281e-19)
(2.63555 -3.7268 0)
(2.46768 -3.80467 1.59229e-18)
(2.29576 -3.84121 0)
(2.12668 -3.82848 1.22594e-18)
(1.97482 -3.76187 2.17055e-18)
(1.85694 -3.6388 -1.8619e-18)
(1.74491 -3.36245 0)
(1.61797 -3.08619 0)
(1.16943 -3.20572 -1.96756e-20)
(2.63233 -3.45643 9.75807e-19)
(2.53943 -3.53989 -9.18877e-19)
(2.43727 -3.6193 1.02814e-18)
(2.33177 -3.68393 0)
(2.22607 -3.72684 -1.13089e-18)
(2.1273 -3.74067 2.9223e-18)
(2.04581 -3.72207 -4.21791e-18)
(1.99044 -3.67052 -4.86218e-18)
(1.96742 -3.59309 2.97613e-18)
(1.96225 -3.4443 0)
(1.95806 -3.20843 5.78006e-19)
(1.85647 -3.40501 1.47225e-19)
(2.57575 -3.3043 1.15599e-18)
(2.48226 -3.372 -2.60591e-18)
(2.38664 -3.43717 2.6315e-18)
(2.29234 -3.49301 -2.62598e-18)
(2.20459 -3.53489 0)
(2.12971 -3.55944 1.55858e-18)
(2.07547 -3.56361 1.13487e-18)
(2.04948 -3.55093 6.83288e-19)
(2.05738 -3.51923 -1.48389e-18)
(2.12011 -3.4473 0)
(2.21384 -3.26053 -3.40468e-19)
(2.29667 -3.55291 5.57131e-19)
(2.48498 -3.17832 2.96553e-18)
(2.38578 -3.24369 -1.55115e-18)
(2.29086 -3.30532 0)
(2.20309 -3.36002 0)
(2.1267 -3.40583 1.52381e-18)
(2.0668 -3.44188 -1.2771e-18)
(2.03259 -3.46655 -2.27406e-19)
(2.02805 -3.48083 0)
(2.06515 -3.49105 -7.71626e-19)
(2.15815 -3.4786 1.01226e-18)
(2.3143 -3.35917 -1.03395e-18)
(2.533 -3.76524 -2.54389e-19)
(2.40985 -3.05772 -6.42457e-18)
(2.30683 -3.12157 3.09255e-18)
(2.21153 -3.18266 6.26784e-18)
(2.12619 -3.23974 4.58837e-22)
(2.05427 -3.29234 -7.56796e-18)
(2.00036 -3.34066 -3.23326e-18)
(1.97062 -3.38622 -2.22601e-19)
(1.97175 -3.43118 0)
(2.01521 -3.47775 0)
(2.11712 -3.52912 -1.02221e-18)
(2.31587 -3.47462 -7.39785e-19)
(2.65544 -3.93329 2.23167e-19)
(2.34303 -2.94192 3.5269e-18)
(2.23393 -3.00613 -6.97173e-18)
(2.13485 -3.06837 -3.1078e-18)
(2.0473 -3.12879 -1.7933e-19)
(1.97392 -3.18829 3.02219e-18)
(1.91839 -3.24859 3.01242e-18)
(1.88579 -3.3125 1.71539e-18)
(1.88235 -3.38385 1.68701e-18)
(1.91878 -3.46635 -1.88699e-18)
(2.01376 -3.5672 0)
(2.21032 -3.59063 1.19234e-18)
(2.63087 -4.08641 -3.44374e-19)
(2.28244 -2.82813 0)
(2.1656 -2.89265 3.54284e-18)
(2.06035 -2.95559 0)
(1.96741 -3.01825 -1.79407e-19)
(1.88844 -3.08271 1.14698e-21)
(1.82604 -3.15199 7.14541e-18)
(1.78388 -3.23045 -6.96323e-18)
(1.76734 -3.32399 0)
(1.78591 -3.43875 -2.02401e-18)
(1.85925 -3.58778 1.14576e-18)
(2.04042 -3.69197 -2.23198e-18)
(2.50217 -4.19202 1.12714e-18)
(2.2239 -2.71097 4.25994e-18)
(2.09855 -2.77517 -4.12119e-18)
(1.9858 -2.83758 -4.16895e-18)
(1.8855 -2.90043 4.08513e-18)
(1.7983 -2.96675 3.87816e-18)
(1.72549 -3.04057 -1.14379e-17)
(1.66892 -3.12779 3.60468e-18)
(1.63233 -3.23666 0)
(1.62247 -3.37656 1.87141e-18)
(1.65765 -3.56776 0)
(1.80026 -3.75443 2.7463e-18)
(2.22702 -4.24607 -2.02026e-18)
(2.15867 -2.5819 0)
(2.02672 -2.64585 -9.42611e-18)
(1.90753 -2.70689 -4.88217e-18)
(1.80012 -2.76786 -8.55135e-18)
(1.70413 -2.83253 4.26827e-18)
(1.61959 -2.90569 4.04924e-18)
(1.54612 -2.99447 0)
(1.48487 -3.10911 0)
(1.43813 -3.26308 0)
(1.42092 -3.48716 0)
(1.48639 -3.73815 -7.83101e-19)
(1.79758 -4.22924 -1.01333e-19)
(2.07403 -2.43201 5.20102e-18)
(1.94128 -2.49699 4.74739e-18)
(1.8199 -2.55669 1.96072e-17)
(1.70845 -2.61431 5.0263e-18)
(1.6058 -2.67382 1.8992e-17)
(1.51089 -2.74057 -4.59784e-18)
(1.42099 -2.82293 -4.63319e-18)
(1.33392 -2.93141 0)
(1.24538 -3.08364 -4.48484e-18)
(1.16448 -3.31964 -2.42924e-18)
(1.09919 -3.60726 -1.83007e-18)
(1.07403 -4.09082 -1.08782e-25)
(1.95766 -2.25734 0)
(1.83332 -2.32445 0)
(1.71698 -2.38261 -1.998e-17)
(1.60698 -2.43509 -1.45147e-17)
(1.50216 -2.48608 -4.60048e-18)
(1.40099 -2.54062 0)
(1.29886 -2.60858 4.65649e-18)
(1.1906 -2.69817 0)
(1.06376 -2.82982 -1.93261e-19)
(0.91694 -3.03242 2.30253e-18)
(0.690362 -3.33151 6.63427e-19)
(-0.0209905 -3.67818 4.53479e-18)
(-0.1696 -2.23881 1.04852e-19)
(-0.245721 -1.92386 2.13689e-19)
(-0.335395 -1.7498 -1.95469e-19)
(-0.447638 -1.65897 4.7244e-20)
(-0.569635 -1.58728 0)
(-0.676417 -1.66166 9.03096e-20)
(-1.00255 -1.80454 0)
(-1.87655 -1.55664 4.46471e-19)
(-2.77147 -1.7822 1.07707e-18)
(-3.03976 -2.23196 -2.30394e-20)
(-3.33116 -2.38091 -2.8039e-20)
(-3.60093 -2.52958 9.46408e-19)
(0.41664 -2.76416 4.20993e-19)
(0.234771 -2.37781 -5.13664e-19)
(-0.0356812 -2.38207 5.42652e-19)
(-0.379356 -2.45729 -8.83799e-20)
(-0.896672 -2.46385 -8.43237e-19)
(-1.742 -2.57979 -1.75784e-19)
(-2.47446 -2.90266 -8.83851e-19)
(-2.86603 -2.93161 -1.48335e-18)
(-3.0312 -2.9946 3.45022e-18)
(-3.06828 -3.01624 -6.81181e-19)
(-3.1717 -3.01771 7.83741e-19)
(-3.2893 -2.9956 4.80917e-19)
(0.362898 -3.0399 -3.34187e-19)
(-0.00281073 -2.76345 0)
(-0.53699 -2.83669 0)
(-1.20942 -2.94334 -1.26674e-18)
(-1.93774 -3.11674 0)
(-2.47021 -3.16794 -1.10552e-18)
(-2.81577 -3.17044 7.14049e-19)
(-3.01744 -3.05636 2.53815e-18)
(-3.13297 -2.95945 -1.13537e-18)
(-3.20058 -2.87777 -1.85303e-18)
(-3.28684 -2.79945 -3.56528e-18)
(-3.37045 -2.71823 3.45563e-18)
(0.198302 -3.32223 -1.81284e-18)
(-0.295796 -3.20114 -1.37621e-18)
(-0.944021 -3.33168 2.11653e-18)
(-1.6217 -3.41154 7.60775e-19)
(-2.19414 -3.42442 0)
(-2.57035 -3.33672 -4.57211e-18)
(-2.79633 -3.2245 3.79751e-18)
(-2.95333 -3.08064 0)
(-3.04238 -2.96277 2.92494e-18)
(-3.10586 -2.86049 -4.31846e-18)
(-3.1742 -2.76361 2.92119e-18)
(-3.23819 -2.66891 3.94669e-19)
(-0.039333 -3.5111 2.52556e-18)
(-0.569688 -3.51919 2.67021e-18)
(-1.18962 -3.61492 6.93619e-19)
(-1.79369 -3.61261 0)
(-2.24958 -3.5248 -2.84449e-18)
(-2.53335 -3.38253 5.04307e-18)
(-2.71631 -3.23113 0)
(-2.83117 -3.07675 -2.55908e-18)
(-2.91242 -2.93672 -2.32588e-18)
(-2.97954 -2.81215 3.55183e-18)
(-3.04624 -2.69686 0)
(-3.11176 -2.58835 -2.77797e-18)
(-0.270352 -3.66442 1.46855e-18)
(-0.782479 -3.75828 5.80682e-19)
(-1.33514 -3.79994 -1.84143e-18)
(-1.84463 -3.73107 -8.00355e-18)
(-2.20973 -3.58729 -2.49999e-19)
(-2.44089 -3.41217 6.57503e-18)
(-2.59427 -3.23524 0)
(-2.70327 -3.0638 7.3695e-18)
(-2.78671 -2.90757 -4.31702e-18)
(-2.85818 -2.76711 3.826e-18)
(-2.92613 -2.63875 2.41127e-19)
(-2.99215 -2.52026 -3.93938e-20)
(-0.45349 -3.82403 -1.52304e-18)
(-0.928612 -3.98094 -1.2739e-18)
(-1.40328 -3.96301 0)
(-1.82227 -3.8463 8.4454e-18)
(-2.12155 -3.66185 -1.17684e-17)
(-2.32147 -3.45676 -1.90964e-19)
(-2.46333 -3.25456 -1.17419e-17)
(-2.57129 -3.06405 4.4739e-19)
(-2.65905 -2.89035 -4.51949e-18)
(-2.73585 -2.73372 -4.45366e-18)
(-2.80733 -2.59165 4.41173e-18)
(-2.87555 -2.46202 -3.6665e-18)
(-0.611278 -4.01015 -1.38408e-19)
(-1.02207 -4.21364 -1.66451e-18)
(-1.4117 -4.13609 0)
(-1.74992 -3.97863 4.77278e-18)
(-2.00159 -3.75772 3.30234e-18)
(-2.18483 -3.52163 2.90352e-18)
(-2.32473 -3.29233 -4.57213e-19)
(-2.43713 -3.0789 -1.01028e-19)
(-2.53156 -2.88488 -5.19887e-18)
(-2.6145 -2.71032 -5.26076e-19)
(-2.69017 -2.55319 2.12397e-19)
(-2.76083 -2.41123 0)
(-0.713197 -4.18979 2.19516e-18)
(-1.07485 -4.45568 0)
(-1.37286 -4.31101 0)
(-1.63798 -4.11092 -3.98196e-18)
(-1.85498 -3.856 3.47528e-18)
(-2.03092 -3.58977 -7.00944e-18)
(-2.17526 -3.3338 0)
(-2.29603 -3.09689 5.60776e-18)
(-2.39916 -2.88217 -2.29299e-19)
(-2.48927 -2.68958 4.65944e-18)
(-2.5697 -2.51729 -4.8151e-18)
(-2.64295 -2.36284 9.18546e-18)
(-0.811604 -4.4767 4.60751e-18)
(-1.05476 -4.6926 -1.51632e-18)
(-1.25445 -4.44165 -5.24879e-18)
(-1.47275 -4.18056 -8.83201e-18)
(-1.67161 -3.89458 0)
(-1.8473 -3.60639 6.49609e-18)
(-2.0007 -3.33368 -1.29794e-17)
(-2.13351 -3.08244 5.71781e-18)
(-2.24824 -2.85477 6.02797e-18)
(-2.3479 -2.65051 0)
(-2.43505 -2.46804 -5.6157e-18)
(-2.51235 -2.30488 -9.41196e-18)
(-0.965991 -4.56893 -6.69029e-18)
(-0.948535 -4.68765 1.503e-18)
(-1.04098 -4.35732 4.52754e-18)
(-1.23086 -4.04347 3.81245e-18)
(-1.42591 -3.75675 -4.76143e-20)
(-1.61184 -3.47894 -1.10785e-17)
(-1.78151 -3.21919 1.32059e-17)
(-1.93195 -2.97926 2.56144e-17)
(-2.06302 -2.75974 -1.77767e-17)
(-2.17651 -2.56069 -1.19054e-17)
(-2.27409 -2.38128 1.07922e-17)
(-2.35863 -2.21961 0)
(-0.386667 -4.16914 5.53382e-18)
(-0.566801 -4.10417 1.88191e-18)
(-0.700727 -3.79628 2.02656e-18)
(-0.903089 -3.53571 8.04244e-18)
(-1.12077 -3.33019 0)
(-1.33013 -3.12781 6.42083e-18)
(-1.52166 -2.93125 -1.27805e-17)
(-1.6928 -2.7417 -5.65649e-18)
(-1.84265 -2.5612 -5.76348e-18)
(-1.97265 -2.39193 1.08671e-17)
(-2.08338 -2.23513 5.65122e-18)
(-2.17808 -2.09034 1.61368e-17)
(-3.87426 -2.47088 2.01973e-19)
(-4.07873 -2.41922 5.18391e-19)
(-4.2263 -2.26613 4.30958e-19)
(-4.30131 -2.11669 -1.07735e-18)
(-4.31021 -1.91958 3.52449e-19)
(-4.25045 -1.72058 0)
(-4.11219 -1.50438 -4.70416e-19)
(-3.89501 -1.29402 3.52508e-19)
(-3.59847 -1.07426 0)
(-3.19041 -0.826251 1.08473e-19)
(-2.73952 -0.42077 0)
(-2.61833 0.0997332 -2.8806e-19)
(-3.40134 -2.96144 -3.90246e-18)
(-3.51323 -2.88884 2.86353e-18)
(-3.62542 -2.77956 2.11284e-18)
(-3.7267 -2.63566 -8.68045e-19)
(-3.8046 -2.46776 0)
(-3.84112 -2.2958 0)
(-3.82842 -2.1267 1.42043e-18)
(-3.76181 -1.97482 -1.54246e-18)
(-3.63875 -1.8569 0)
(-3.36241 -1.74485 5.79081e-19)
(-3.08617 -1.61793 -6.10257e-20)
(-3.20567 -1.16956 -1.05393e-18)
(-3.45606 -2.63272 1.43768e-18)
(-3.53958 -2.53975 -2.429e-18)
(-3.61907 -2.43754 0)
(-3.68375 -2.33198 -2.51808e-18)
(-3.7267 -2.22621 -2.64165e-18)
(-3.74058 -2.12739 5.76184e-18)
(-3.722 -2.04585 -5.15151e-18)
(-3.67047 -1.99044 0)
(-3.59305 -1.96737 0)
(-3.44427 -1.96218 0)
(-3.20842 -1.95799 -5.16949e-19)
(-3.4049 -1.85642 1.54651e-19)
(-3.30392 -2.576 -1.15525e-18)
(-3.37172 -2.48248 -3.51368e-19)
(-3.43697 -2.38682 0)
(-3.49287 -2.29248 -3.28938e-19)
(-3.5348 -2.20469 0)
(-3.55938 -2.12977 0)
(-3.56357 -2.07549 1.2844e-18)
(-3.5509 -2.04947 -1.57052e-18)
(-3.51921 -2.05733 1.62769e-18)
(-3.44728 -2.12003 0)
(-3.26054 -2.21376 -5.2393e-19)
(-3.55285 -2.29664 -6.14506e-19)
(-3.17802 -2.48517 6.17592e-18)
(-3.24346 -2.38596 -1.54982e-18)
(-3.30515 -2.29101 2.80005e-18)
(-3.3599 -2.20322 1.26836e-18)
(-3.40575 -2.12679 -4.33174e-18)
(-3.44182 -2.06686 0)
(-3.46651 -2.0326 -1.47999e-18)
(-3.4808 -2.02803 0)
(-3.49102 -2.0651 0)
(-3.47858 -2.15807 1.01201e-18)
(-3.35919 -2.31421 3.47473e-20)
(-3.76513 -2.53292 6.96556e-19)
(-3.05747 -2.41 -2.98785e-18)
(-3.12138 -2.30697 -2.2233e-19)
(-3.18252 -2.21166 0)
(-3.23964 -2.1263 0)
(-3.29226 -2.05435 -4.78512e-18)
(-3.34061 -2.00041 3.03252e-18)
(-3.38618 -1.97063 3.11602e-18)
(-3.43115 -1.97172 1.63729e-18)
(-3.47773 -2.01516 -3.91219e-18)
(-3.52909 -2.11704 -1.02207e-18)
(-3.47463 -2.31577 0)
(-3.93321 -2.65536 7.97689e-19)
(-2.9417 -2.34314 -7.23714e-18)
(-3.00596 -2.23405 2.99049e-18)
(-3.06824 -2.13496 3.30752e-18)
(-3.12869 -2.0474 1.78517e-19)
(-3.18822 -1.97399 -3.7267e-19)
(-3.24853 -1.91844 -3.4044e-18)
(-3.31245 -1.8858 -4.99166e-18)
(-3.38381 -1.88233 -1.8082e-18)
(-3.46632 -1.91873 1.73927e-18)
(-3.56717 -2.01367 0)
(-3.59063 -2.21021 2.01742e-18)
(-4.08632 -2.63074 -5.11659e-19)
(-2.82794 -2.28251 7.52132e-18)
(-2.89249 -2.16568 -4.08114e-18)
(-2.95546 -2.06044 -3.79661e-18)
(-3.01815 -1.96749 -6.95142e-18)
(-3.08264 -1.88851 6.85563e-18)
(-3.15193 -1.82609 -1.7805e-19)
(-3.2304 -1.7839 1.04482e-17)
(-3.32395 -1.76732 1.67747e-18)
(-3.43872 -1.78586 2.02287e-18)
(-3.58775 -1.85916 0)
(-3.69196 -2.04031 -1.38741e-18)
(-4.19196 -2.50202 -6.6428e-19)
(-2.71079 -2.22395 0)
(-2.77502 -2.09861 3.94687e-18)
(-2.83746 -1.98587 3.84776e-18)
(-2.90033 -1.88556 -3.93787e-18)
(-2.96667 -1.79836 -1.48866e-19)
(-3.04051 -1.72553 -3.96581e-18)
(-3.12774 -1.66894 -3.60209e-18)
(-3.23662 -1.63231 0)
(-3.37653 -1.62242 -1.87035e-18)
(-3.56773 -1.65756 -1.17143e-18)
(-3.75441 -1.80015 4.48938e-18)
(-4.24603 -2.22686 -9.66069e-19)
(-2.58175 -2.15869 0)
(-2.64572 -2.02675 0)
(-2.70678 -1.90757 0)
(-2.76777 -1.80017 -1.33148e-17)
(-2.83246 -1.70418 8.50672e-18)
(-2.90563 -1.61962 8.23898e-18)
(-2.99443 -1.54614 0)
(-3.10909 -1.48486 -4.21269e-18)
(-3.26306 -1.43808 0)
(-3.48713 -1.42084 -2.44654e-18)
(-3.73814 -1.48627 -7.82913e-19)
(-4.22921 -1.79742 -1.24095e-18)
(-2.43188 -2.07404 0)
(-2.49687 -1.9413 0)
(-2.55659 -1.81993 1.00695e-17)
(-2.61422 -1.70849 1.40751e-17)
(-2.67376 -1.60584 3.8407e-19)
(-2.74053 -1.51092 4.72359e-18)
(-2.82291 -1.42101 -2.27202e-18)
(-2.9314 -1.33392 6.45159e-18)
(-3.08365 -1.24535 4.48199e-18)
(-3.31964 -1.16441 2.26757e-18)
(-3.60725 -1.09909 -1.82957e-18)
(-4.09084 -1.07389 -1.91839e-18)
(-2.25724 -1.95767 0)
(-2.32435 -1.83335 0)
(-2.38253 -1.717 -9.75621e-18)
(-2.43502 -1.60701 5.11811e-18)
(-2.48603 -1.50219 -4.59908e-18)
(-2.5406 -1.40102 -4.66781e-18)
(-2.60858 -1.29888 4.86591e-18)
(-2.6982 -1.1906 0)
(-2.82987 -1.06374 -4.48734e-18)
(-3.03248 -0.916893 -2.39069e-18)
(-3.33155 -0.690272 2.28747e-18)
(-3.6782 0.0210799 -4.54552e-18)
(-2.2414 0.159756 8.14118e-20)
(-1.94571 0.237244 0)
(-1.75605 0.332231 0)
(-1.66007 0.44637 6.86902e-19)
(-1.58687 0.568251 -8.40431e-19)
(-1.65999 0.675177 0)
(-1.80448 1.0003 0)
(-1.55724 1.8713 4.42612e-19)
(-1.77857 2.76995 1.00644e-18)
(-2.23056 3.04026 7.51802e-19)
(-2.37945 3.33064 -7.21842e-19)
(-2.52896 3.60122 7.8081e-19)
(-2.70322 -0.393896 -4.46117e-19)
(-2.40036 -0.219336 0)
(-2.39038 0.0403413 0)
(-2.45929 0.37967 -1.15931e-18)
(-2.46306 0.892951 1.6928e-18)
(-2.57771 1.73868 -1.59323e-18)
(-2.90087 2.47284 7.57729e-19)
(-2.93105 2.86654 6.95044e-19)
(-2.99358 3.03245 -5.11186e-19)
(-3.0157 3.06952 7.18808e-19)
(-3.01711 3.17242 0)
(-2.99526 3.29002 -1.47955e-18)
(-3.01864 -0.366333 3.61815e-19)
(-2.7579 0.00269925 0)
(-2.8343 0.536002 0)
(-2.94178 1.20702 -7.84827e-19)
(-3.11546 1.93611 5.13711e-19)
(-3.1672 2.46996 -1.42216e-18)
(-3.1701 2.81647 0)
(-3.05633 3.01834 -3.40888e-18)
(-2.9591 3.13417 3.43155e-18)
(-2.87749 3.20165 -1.01537e-18)
(-2.79915 3.28769 -2.49852e-18)
(-2.71797 3.37119 3.45642e-18)
(-3.32494 -0.200341 -9.05238e-19)
(-3.20019 0.294064 1.378e-18)
(-3.33072 0.94242 0)
(-3.41102 1.6205 7.60699e-19)
(-3.42435 2.19401 -6.39474e-19)
(-3.33679 2.57097 1.34573e-18)
(-3.22462 2.79732 0)
(-3.08068 2.95445 -2.069e-18)
(-2.96265 3.04356 -4.86893e-18)
(-2.86034 3.10687 3.0153e-18)
(-2.76345 3.17504 2.92355e-18)
(-2.66877 3.23891 -5.87843e-18)
(-3.51187 0.0385318 1.25809e-18)
(-3.51895 0.568046 -1.10087e-18)
(-3.61484 1.18838 2.22402e-18)
(-3.61281 1.7932 0)
(-3.5252 2.24999 -5.97803e-18)
(-3.38287 2.53416 5.87669e-18)
(-3.23137 2.71739 2.74042e-18)
(-3.0769 2.8322 2.00121e-18)
(-2.93674 2.91341 0)
(-2.81208 2.98038 0)
(-2.69677 3.04693 0)
(-2.58825 3.11233 -6.10579e-19)
(-3.66506 0.269268 3.66258e-18)
(-3.75841 0.781161 0)
(-3.80034 1.33431 -1.8436e-18)
(-3.73159 1.84454 4.15661e-18)
(-3.58783 2.21028 3.28896e-18)
(-3.41259 2.44171 -6.2873e-18)
(-3.23553 2.59516 2.88513e-18)
(-3.06396 2.70412 -1.00879e-17)
(-2.90761 2.7875 -1.2502e-19)
(-2.76707 2.85885 -3.49006e-19)
(-2.63866 2.92669 2.41478e-19)
(-2.52017 2.99259 1.00701e-17)
(-3.82467 0.452408 -5.41337e-18)
(-3.98126 0.927596 3.47772e-18)
(-3.96362 1.40277 -5.38511e-18)
(-3.84697 1.82238 -3.93582e-18)
(-3.66243 2.12209 -7.38482e-18)
(-3.45719 2.32217 -3.90028e-18)
(-3.25483 2.46405 -5.81427e-18)
(-3.06419 2.57196 9.68231e-18)
(-2.89039 2.65966 0)
(-2.73367 2.73637 8.36889e-18)
(-2.59157 2.80775 -1.1717e-17)
(-2.46193 2.87588 3.91821e-18)
(-4.01073 0.610487 -2.93496e-18)
(-4.21412 1.02136 -4.94913e-18)
(-4.13682 1.41143 7.32961e-18)
(-3.97936 1.75009 0)
(-3.7583 2.00204 -4.07341e-18)
(-3.52203 2.18539 6.15726e-18)
(-3.29258 2.32529 -2.93349e-19)
(-3.07902 2.43765 1.01092e-19)
(-2.8849 2.53202 -4.84018e-18)
(-2.71028 2.61489 -9.02544e-18)
(-2.55311 2.69048 4.01778e-18)
(-2.41113 2.76107 -4.03764e-18)
(-4.19031 0.712801 2.19643e-18)
(-4.45625 1.0745 0)
(-4.31172 1.37274 0)
(-4.11163 1.63812 0)
(-3.85657 1.85531 3.47833e-18)
(-3.59017 2.03134 0)
(-3.33405 2.17568 -3.78446e-19)
(-3.09703 2.29643 1.11591e-17)
(-2.88221 2.39951 2.52457e-19)
(-2.68955 2.48956 4.66338e-18)
(-2.51722 2.56994 -4.64124e-18)
(-2.36275 2.64312 1.36118e-17)
(-4.47718 0.811614 7.08363e-20)
(-4.69304 1.05441 8.04495e-18)
(-4.44222 1.25435 -2.41709e-18)
(-4.18115 1.47284 0)
(-3.89508 1.67183 0)
(-3.60676 1.84759 0)
(-3.33392 2.00101 0)
(-3.08258 2.13381 5.9672e-18)
(-2.85483 2.24851 -2.26425e-17)
(-2.6505 2.34812 -1.10363e-17)
(-2.46799 2.43523 1.05225e-17)
(-2.30481 2.51248 5.56027e-18)
(-4.56907 0.966155 -6.69032e-18)
(-4.68787 0.948505 -4.57283e-18)
(-4.35766 1.04095 -2.69978e-18)
(-4.04387 1.23091 0)
(-3.75711 1.42605 0)
(-3.47923 1.61203 7.44894e-18)
(-3.2194 1.78173 -1.36929e-17)
(-2.97939 1.93217 2.58467e-17)
(-2.75981 2.06322 1.81154e-17)
(-2.5607 2.17668 1.12281e-17)
(-2.38125 2.27421 -1.07977e-17)
(-2.21956 2.35873 6.07763e-19)
(-4.16923 0.386839 -1.87056e-18)
(-4.10422 0.566837 0)
(-3.79641 0.700727 3.88479e-18)
(-3.53593 0.903143 -1.19587e-17)
(-3.33043 1.12088 1.08646e-17)
(-3.12802 1.33028 3.57778e-19)
(-2.93142 1.52184 6.07822e-18)
(-2.74182 1.69297 -5.65706e-18)
(-2.56128 1.8428 -2.87121e-17)
(-2.39196 1.97278 0)
(-2.23513 2.08348 0)
(-2.09031 2.17815 4.8504e-19)
(-2.47023 3.87418 -5.48679e-19)
(-2.41898 4.07909 -3.17398e-19)
(-2.26584 4.22648 9.75817e-20)
(-2.11667 4.30175 -9.54369e-19)
(-1.91951 4.31047 3.0217e-19)
(-1.72068 4.25086 4.76528e-20)
(-1.50442 4.11246 -4.69852e-19)
(-1.29416 3.89535 1.29235e-18)
(-1.07438 3.59867 -6.48392e-19)
(-0.826403 3.19059 -1.08455e-19)
(-0.420904 2.73958 0)
(0.0996691 2.61839 0)
(-2.96124 3.40181 3.41899e-18)
(-2.8888 3.51369 -1.68735e-18)
(-2.77961 3.62578 -8.96269e-19)
(-2.63578 3.72705 0)
(-2.46789 3.80492 -1.33871e-18)
(-2.29596 3.84144 0)
(-2.12686 3.8287 -6.26367e-19)
(-1.975 3.76206 1.54181e-18)
(-1.85711 3.63896 0)
(-1.74506 3.36254 1.40312e-18)
(-1.61814 3.08626 -1.90242e-18)
(-1.16968 3.20576 2.36178e-19)
(-2.63251 3.45667 1.37603e-18)
(-2.53961 3.54012 -3.74545e-18)
(-2.43746 3.61952 1.02805e-18)
(-2.33196 3.68413 0)
(-2.22626 3.72702 1.13081e-18)
(-2.12749 3.74084 2.92219e-18)
(-2.046 3.72221 -4.00233e-18)
(-1.99063 3.67064 1.90379e-18)
(-1.96761 3.59318 -8.62505e-19)
(-1.96245 3.44436 0)
(-1.95827 3.20846 0)
(-1.85671 3.40501 -1.4721e-19)
(-2.5759 3.30449 -2.73542e-18)
(-2.48242 3.37217 2.2703e-18)
(-2.38682 3.43732 2.63141e-18)
(-2.29252 3.49315 -1.44112e-18)
(-2.20478 3.53502 -2.70643e-18)
(-2.1299 3.55954 0)
(-2.07567 3.5637 1.50188e-19)
(-2.04968 3.551 3.17835e-18)
(-2.05759 3.51929 -2.35965e-18)
(-2.12033 3.44734 8.14468e-19)
(-2.21407 3.26055 -5.98049e-20)
(-2.29695 3.55293 -5.57057e-19)
(-2.4851 3.17846 2.96556e-18)
(-2.38592 3.24381 -1.55116e-18)
(-2.291 3.30542 2.80229e-18)
(-2.20325 3.36011 -1.51475e-18)
(-2.12687 3.40591 0)
(-2.06698 3.44194 0)
(-2.03278 3.4666 -1.25321e-18)
(-2.02825 3.48086 -3.16802e-18)
(-2.06537 3.49107 1.70689e-18)
(-2.15837 3.47862 1.01219e-18)
(-2.31454 3.35916 -1.0339e-18)
(-2.53327 3.76524 0)
(-2.40992 3.05781 -2.1356e-19)
(-2.30692 3.12164 -6.40787e-18)
(-2.21165 3.18271 0)
(-2.12632 3.23978 2.9913e-18)
(-2.05442 3.29236 -2.99192e-18)
(-2.00053 3.34068 0)
(-1.9708 3.38623 -1.21568e-19)
(-1.97194 3.43118 -1.35791e-19)
(-2.01542 3.47774 0)
(-2.11734 3.52911 -2.22873e-18)
(-2.31611 3.4746 1.04005e-18)
(-2.65571 3.93328 -5.79668e-19)
(-2.34306 2.94195 -3.73617e-18)
(-2.23398 3.00614 1.01593e-17)
(-2.13493 3.06836 0)
(-2.0474 3.12877 -3.25134e-18)
(-1.97403 3.18827 3.2259e-18)
(-1.91853 3.24856 3.21461e-18)
(-1.88595 3.31247 -3.5836e-18)
(-1.88253 3.38381 -1.71102e-18)
(-1.91898 3.46632 0)
(-2.01397 3.56717 -1.42503e-18)
(-2.21054 3.59059 1.42419e-18)
(-2.63111 4.08639 0)
(-2.28242 2.82812 7.71879e-18)
(-2.16561 2.89261 -7.27037e-18)
(-2.06039 2.95554 7.43788e-18)
(-1.96747 3.01819 -7.13509e-18)
(-1.88853 3.08265 1.15036e-21)
(-1.82616 3.15192 3.49118e-18)
(-1.78402 3.23038 3.30125e-18)
(-1.7675 3.32392 0)
(-1.7861 3.43869 -2.02398e-18)
(-1.85945 3.58773 4.60771e-18)
(-2.04062 3.69192 -1.38733e-18)
(-2.50238 4.19199 0)
(-2.22385 2.71092 4.26027e-18)
(-2.09853 2.77509 1.57167e-19)
(-1.9858 2.8375 -3.85085e-18)
(-1.88553 2.90033 0)
(-1.79836 2.96665 0)
(-1.72557 3.04047 0)
(-1.66904 3.12769 0)
(-1.63247 3.23657 -3.94973e-18)
(-1.62263 3.37647 1.87139e-18)
(-1.65783 3.56769 2.76092e-19)
(-1.80044 3.75436 0)
(-2.22719 4.24603 0)
(-2.15861 2.58183 -4.71412e-18)
(-2.02667 2.64576 -1.38352e-17)
(-1.90751 2.70678 0)
(-1.80013 2.76774 4.61438e-18)
(-1.70417 2.8324 8.6744e-18)
(-1.61965 2.90556 0)
(-1.54621 2.99434 0)
(-1.48498 3.109 1.74314e-18)
(-1.43827 3.26298 -6.35628e-18)
(-1.42108 3.48707 2.23013e-19)
(-1.48654 3.73808 0)
(-1.79771 4.2292 0)
(-2.07397 2.43193 -5.47191e-18)
(-1.94123 2.49689 -5.61254e-18)
(-1.81987 2.55657 1.0076e-17)
(-1.70844 2.61417 -1.40843e-17)
(-1.60581 2.67368 5.04731e-18)
(-1.51093 2.74043 9.3245e-18)
(-1.42106 2.8228 -2.35966e-18)
(-1.33402 2.93127 2.07377e-18)
(-1.24551 3.08352 4.21409e-18)
(-1.16462 3.31954 -4.69799e-18)
(-1.09931 3.60718 -1.8301e-18)
(-1.07409 4.09077 0)
(-1.95763 2.25728 -4.79488e-19)
(-1.83329 2.32436 9.93998e-18)
(-1.71695 2.3825 -9.75868e-18)
(-1.60697 2.43496 0)
(-1.50217 2.48594 -9.42784e-18)
(-1.40103 2.54048 -1.44362e-17)
(-1.29892 2.60844 -2.11009e-19)
(-1.19068 2.69803 0)
(-1.06387 2.8297 0)
(-0.917052 3.03231 1.14025e-18)
(-0.690455 3.33143 1.29108e-20)
(0.0209734 3.67812 2.28947e-18)
(0.135738 2.55088 5.68234e-19)
(0.228194 2.65635 2.27284e-18)
(0.429144 2.70863 1.19192e-19)
(0.644782 2.70835 0)
(0.866853 2.67115 5.65071e-18)
(1.07899 2.59754 -5.3197e-18)
(1.27524 2.49939 -1.58215e-17)
(1.4544 2.38704 -1.05267e-17)
(1.61451 2.26762 -1.2368e-20)
(1.75607 2.14707 -5.03294e-18)
(1.87729 2.02922 1.00868e-17)
(1.98128 1.91524 -9.63349e-18)
(0.166098 2.13431 0)
(0.300881 2.13059 0)
(0.440896 2.14535 -2.23991e-18)
(0.588125 2.1495 4.55964e-18)
(0.752128 2.14293 -1.13469e-17)
(0.924097 2.11713 -6.85734e-18)
(1.09568 2.07289 8.96358e-18)
(1.26202 2.01469 2.25934e-17)
(1.41761 1.94624 -4.52738e-18)
(1.56026 1.87206 0)
(1.68402 1.79495 2.39828e-19)
(1.79136 1.71582 0)
(0.135462 1.88096 -4.47594e-19)
(0.255541 1.85578 4.61017e-19)
(0.388191 1.839 3.77506e-18)
(0.523845 1.82087 2.95031e-20)
(0.669484 1.80283 3.87341e-18)
(0.82212 1.77989 -5.58105e-20)
(0.976713 1.75031 0)
(1.12987 1.71475 -3.97362e-18)
(1.27613 1.67358 -4.07424e-18)
(1.4122 1.62854 1.24503e-17)
(1.52881 1.57956 -1.2424e-17)
(1.62811 1.52733 8.53695e-18)
(0.105715 1.67047 -8.1241e-19)
(0.2228 1.65123 1.65818e-18)
(0.348197 1.63301 2.2413e-20)
(0.476352 1.61482 -3.43411e-18)
(0.612971 1.59737 -7.05039e-18)
(0.757339 1.57815 -3.92952e-20)
(0.905827 1.55527 -7.31741e-18)
(1.05451 1.52766 3.72057e-18)
(1.1968 1.4938 -3.76908e-18)
(1.32643 1.4537 -7.63738e-18)
(1.43053 1.40557 0)
(1.50687 1.35219 8.03624e-18)
(2.06514 1.8074 9.52408e-18)
(2.13252 1.70039 9.76484e-18)
(2.18629 1.59632 0)
(2.22942 1.49373 0)
(2.26714 1.39213 4.57035e-18)
(2.30422 1.29013 -4.48404e-18)
(2.35167 1.18249 2.13019e-18)
(2.41396 1.0628 6.54109e-18)
(2.51072 0.915163 0)
(2.62907 0.725238 0)
(2.83293 0.428427 5.96758e-19)
(2.69139 -0.240951 -1.53695e-18)
(1.87247 1.63752 -9.187e-18)
(1.93184 1.55088 2.86858e-19)
(1.97252 1.46225 0)
(1.9979 1.37023 -4.35488e-18)
(2.01521 1.27575 -5.12398e-21)
(2.03009 1.17754 4.17482e-18)
(2.05531 1.07085 0)
(2.09296 0.948545 -4.09766e-18)
(2.16441 0.799597 0)
(2.23662 0.60413 -3.99253e-18)
(2.37726 0.366326 -1.91715e-18)
(2.29708 -0.0929678 -1.51108e-26)
(1.68846 1.47192 -2.49822e-19)
(1.72235 1.39863 -8.23173e-18)
(1.73465 1.32171 0)
(1.73112 1.23917 8.17363e-18)
(1.72235 1.15343 3.93502e-18)
(1.71541 1.06235 -1.30514e-22)
(1.72482 0.961985 -9.45614e-18)
(1.75024 0.842646 1.11063e-17)
(1.81342 0.699489 -1.81345e-18)
(1.87342 0.509437 8.10941e-18)
(1.98586 0.315002 2.55141e-18)
(1.97265 -0.00620546 -4.44034e-19)
(1.51165 1.29099 2.44443e-17)
(1.49091 1.21689 0)
(1.45753 1.14597 0)
(1.41895 1.0748 -7.27304e-18)
(1.38805 1.00546 -7.23076e-18)
(1.37256 0.93254 7.03601e-18)
(1.38458 0.850629 1.36174e-17)
(1.42112 0.746435 -6.6494e-18)
(1.49589 0.61811 3.29078e-18)
(1.57003 0.442608 -3.26795e-18)
(1.67299 0.265816 -1.58785e-18)
(1.70832 0.0256884 -3.97741e-19)
(2.55113 -0.13565 -1.13648e-18)
(2.65657 -0.228082 0)
(2.70875 -0.429037 1.19173e-19)
(2.70844 -0.644687 0)
(2.67122 -0.866791 0)
(2.5976 -1.07899 5.31956e-18)
(2.49944 -1.2753 0)
(2.38706 -1.45452 1.01835e-17)
(2.26762 -1.61467 1.00073e-17)
(2.14705 -1.75626 1.01975e-17)
(2.02919 -1.87747 -4.96819e-18)
(1.9152 -1.98144 -5.07436e-18)
(2.1346 -0.165993 -5.38064e-19)
(2.13085 -0.300744 -5.49384e-19)
(2.14558 -0.44076 -1.11375e-18)
(2.14971 -0.588023 0)
(2.14312 -0.752086 -2.27068e-18)
(2.11729 -0.924129 1.14038e-17)
(2.07303 -1.09578 0)
(2.01478 -1.26218 4.52534e-18)
(1.9463 -1.4178 -4.5274e-18)
(1.87208 -1.56046 -8.93265e-18)
(1.79495 -1.68421 -9.17888e-18)
(1.7158 -1.79152 8.93748e-18)
(1.88118 -0.135352 -8.98014e-19)
(1.85599 -0.255389 1.37923e-18)
(1.83921 -0.388045 -2.82137e-18)
(1.82108 -0.523747 1.91967e-18)
(1.80304 -0.669457 0)
(1.78009 -0.822169 -1.57464e-17)
(1.75049 -0.976833 0)
(1.71489 -1.13004 8.09406e-18)
(1.67368 -1.27633 -4.11254e-18)
(1.6286 -1.4124 8.3305e-18)
(1.57959 -1.529 4.09119e-18)
(1.52734 -1.62826 -8.53721e-18)
(1.67058 -0.105609 1.21593e-18)
(1.65133 -0.222646 1.65811e-18)
(1.63313 -0.348046 0)
(1.61498 -0.476251 0)
(1.59754 -0.612942 0)
(1.57833 -0.757383 1.4334e-17)
(1.55543 -0.905935 7.31706e-18)
(1.5278 -1.05466 -1.11249e-17)
(1.4939 -1.19697 1.13292e-17)
(1.45377 -1.32661 -7.6373e-18)
(1.40561 -1.43069 0)
(1.35222 -1.50701 7.78676e-18)
(1.80736 -2.06527 -9.89151e-18)
(1.70036 -2.1326 -9.76581e-18)
(1.59629 -2.18632 9.25853e-18)
(1.49371 -2.22941 -9.46525e-18)
(1.39211 -2.26708 0)
(1.29011 -2.30412 -9.12836e-18)
(1.18246 -2.35155 1.12859e-17)
(1.06276 -2.41382 -2.19858e-18)
(0.915098 -2.51058 4.32226e-18)
(0.725145 -2.62894 -1.11261e-18)
(0.428327 -2.83281 1.138e-18)
(-0.241063 -2.69126 -7.99144e-19)
(1.6375 -1.87258 8.90403e-18)
(1.55086 -1.93189 8.82168e-18)
(1.46223 -1.97252 0)
(1.37022 -1.99784 4.20455e-18)
(1.27574 -2.01511 8.52828e-18)
(1.17752 -2.02995 4.05296e-18)
(1.07083 -2.05516 -1.6438e-17)
(0.948505 -2.0928 -4.09768e-18)
(0.799532 -2.16427 -4.03115e-18)
(0.604037 -2.23648 -9.99531e-19)
(0.366219 -2.37713 9.55151e-19)
(-0.0930945 -2.29696 5.16919e-19)
(1.47193 -1.68855 0)
(1.39863 -1.72237 -1.26581e-17)
(1.3217 -1.73461 4.11195e-18)
(1.23916 -1.73102 4.14582e-18)
(1.15342 -1.72221 7.87388e-18)
(1.06234 -1.71525 -3.84524e-18)
(0.961965 -1.72466 9.33259e-18)
(0.842607 -1.7501 9.25053e-18)
(0.699427 -1.81329 1.81015e-18)
(0.509345 -1.87332 -1.79625e-18)
(0.31489 -1.98576 -4.27623e-19)
(-0.00632949 -1.97256 -4.84752e-21)
(1.29101 -1.51171 0)
(1.21691 -1.49089 -1.52626e-19)
(1.14598 -1.45744 0)
(1.07482 -1.41883 -1.4697e-17)
(1.00548 -1.38791 3.58078e-18)
(0.932549 -1.37243 -1.05377e-17)
(0.850625 -1.38447 0)
(0.746408 -1.42103 -6.64871e-18)
(0.618055 -1.49584 3.27724e-18)
(0.442525 -1.57 -3.26178e-18)
(0.265707 -1.67296 -1.18482e-18)
(0.0255658 -1.70828 -3.99182e-19)
(-0.135717 -2.55106 -1.13643e-18)
(-0.228171 -2.65659 1.12862e-19)
(-0.42916 -2.70879 0)
(-0.644814 -2.70845 -2.66005e-18)
(-0.866908 -2.67122 5.59666e-18)
(-1.07908 -2.59759 -8.28562e-18)
(-1.27536 -2.49942 -2.13356e-19)
(-1.45454 -2.38705 1.03866e-17)
(-1.61466 -2.26762 -5.10884e-18)
(-1.75622 -2.14706 0)
(-1.87741 -2.0292 -1.98274e-17)
(-1.98136 -1.91522 3.56452e-19)
(-0.16608 -2.13451 1.08143e-18)
(-0.300851 -2.1308 -5.37201e-19)
(-0.440884 -2.14556 4.53018e-18)
(-0.588145 -2.14969 -9.05522e-18)
(-0.752195 -2.14311 4.57187e-18)
(-0.924212 -2.11729 -1.44822e-19)
(-1.09583 -2.07304 0)
(-1.2622 -2.0148 1.36453e-17)
(-1.4178 -1.94633 -4.52737e-18)
(-1.56043 -1.87212 0)
(-1.68416 -1.79498 8.93869e-18)
(-1.79145 -1.71584 -8.93686e-18)
(-0.135468 -1.8811 -4.46741e-19)
(-0.255516 -1.85595 1.90942e-20)
(-0.388181 -1.83918 -3.74314e-18)
(-0.523873 -1.82106 3.81032e-18)
(-0.669566 -1.80303 -3.87317e-18)
(-0.82225 -1.78009 1.18057e-17)
(-0.976884 -1.75051 1.19875e-17)
(-1.13006 -1.71492 -3.97349e-18)
(-1.27632 -1.67372 4.12186e-18)
(-1.41237 -1.62864 0)
(-1.52894 -1.57964 -8.43816e-18)
(-1.62819 -1.52738 0)
(-0.105736 -1.67055 -1.62467e-18)
(-0.222784 -1.65131 -3.30288e-18)
(-0.348191 -1.63312 3.38689e-18)
(-0.47639 -1.61497 -1.71723e-18)
(-0.613063 -1.59755 3.51178e-18)
(-0.757476 -1.57834 -1.25174e-17)
(-0.905993 -1.55545 -7.27644e-18)
(-1.05468 -1.52782 7.42803e-18)
(-1.19696 -1.49393 -1.12865e-17)
(-1.32656 -1.4538 0)
(-1.43061 -1.40564 7.7395e-18)
(-1.5069 -1.35225 -1.58223e-17)
(-2.06519 -1.80738 1.47515e-17)
(-2.13252 -1.70039 -4.79827e-18)
(-2.18625 -1.59632 0)
(-2.22936 -1.49374 -9.10991e-18)
(-2.26705 -1.39214 0)
(-2.30413 -1.29013 0)
(-2.35158 -1.18247 -4.37149e-18)
(-2.4139 -1.06275 0)
(-2.5107 -0.91507 0)
(-2.62909 -0.72511 -3.99995e-20)
(-2.83295 -0.428263 2.30008e-18)
(-2.69142 0.24116 1.59822e-18)
(-1.87251 -1.63754 -8.90319e-18)
(-1.93182 -1.55089 0)
(-1.97246 -1.46225 0)
(-1.9978 -1.37024 -4.35441e-18)
(-2.0151 -1.27576 4.26091e-18)
(-2.02999 -1.17754 0)
(-2.05524 -1.07083 -6.25122e-18)
(-2.09294 -0.948487 -2.02342e-18)
(-2.16445 -0.799496 0)
(-2.23672 -0.603997 -1.01542e-18)
(-2.37738 -0.366155 -2.39236e-18)
(-2.29721 0.0931832 -5.1543e-19)
(-1.68847 -1.47196 8.56503e-18)
(-1.72229 -1.39865 -4.17769e-18)
(-1.73456 -1.32172 -8.34812e-18)
(-1.73102 -1.23918 4.03153e-18)
(-1.72225 -1.15343 -7.97018e-18)
(-1.71536 -1.06234 0)
(-1.72483 -0.961954 1.50257e-17)
(-1.75033 -0.84258 0)
(-1.81358 -0.699378 1.82885e-18)
(-1.87364 -0.509297 9.03211e-19)
(-1.98611 -0.314827 1.2791e-18)
(-1.9729 0.00641456 -8.37167e-22)
(-1.51161 -1.29104 -8.0392e-18)
(-1.49083 -1.21694 0)
(-1.45744 -1.14602 7.44825e-18)
(-1.4189 -1.07485 -1.1103e-17)
(-1.38805 -1.00551 1.79181e-17)
(-1.37264 -0.932568 -7.03494e-18)
(-1.38475 -0.85062 -1.36153e-17)
(-1.42138 -0.746378 0)
(-1.49621 -0.617998 0)
(-1.57039 -0.442459 0)
(-1.67336 -0.265639 -1.58079e-18)
(-1.70866 -0.0254831 -1.20228e-18)
(-2.55122 0.135837 -5.3915e-20)
(-2.65674 0.228276 5.91295e-19)
(-2.709 0.429249 0)
(-2.7087 0.644929 5.59328e-18)
(-2.67147 0.867045 -2.67177e-18)
(-2.59781 1.07923 -8.04333e-18)
(-2.49962 1.27552 -5.29093e-18)
(-2.38721 1.4547 5.20232e-18)
(-2.26773 1.6148 1.00072e-17)
(-2.14713 1.75634 1.01973e-17)
(-2.02925 1.8775 -1.00873e-17)
(-1.91524 1.98143 -9.63399e-18)
(-2.13476 0.166206 -1.65647e-26)
(-2.13104 0.300961 2.22354e-18)
(-2.14581 0.440991 4.53027e-18)
(-2.14996 0.58827 0)
(-2.14338 0.752335 4.57189e-18)
(-2.11755 0.924368 0)
(-2.07328 1.096 4.52686e-18)
(-2.01501 1.26236 -7.99664e-21)
(-1.9465 1.41795 -1.36526e-17)
(-1.87225 1.56056 -8.9324e-18)
(-1.79508 1.68426 8.93874e-18)
(-1.7159 1.79153 9.20014e-18)
(-1.88143 0.135581 4.50383e-19)
(-1.85625 0.255636 -4.58858e-18)
(-1.83947 0.388304 -6.57569e-18)
(-1.82135 0.52401 -1.9133e-18)
(-1.80331 0.669713 -1.16682e-17)
(-1.78036 0.822407 5.93504e-18)
(-1.75077 0.977045 4.5121e-21)
(-1.71515 1.13021 4.03429e-18)
(-1.67393 1.27646 -1.1e-19)
(-1.62881 1.41248 0)
(-1.57977 1.52902 0)
(-1.52746 1.62824 2.19637e-19)
(-1.67091 0.105839 4.0882e-19)
(-1.65164 0.222897 1.64484e-18)
(-1.63343 0.34831 3.36443e-18)
(-1.61525 0.476519 -3.45534e-18)
(-1.59781 0.613201 1.40599e-17)
(-1.57858 0.757622 -7.1473e-18)
(-1.55567 0.906139 0)
(-1.52802 1.05481 7.44816e-18)
(-1.4941 1.19706 7.51755e-18)
(-1.45393 1.32661 0)
(-1.40573 1.43061 0)
(-1.3523 1.50686 -2.36087e-17)
(-1.80737 2.06523 9.52456e-18)
(-1.70036 2.13253 -9.7653e-18)
(-1.59629 2.18622 -1.43489e-17)
(-1.49372 2.22929 -4.96509e-21)
(-1.39213 2.26695 9.26421e-18)
(-1.29014 2.30399 2.24212e-17)
(-1.18251 2.35141 4.37248e-18)
(-1.06283 2.41369 -4.48016e-18)
(-0.91519 2.51046 0)
(-0.725243 2.62882 -4.00135e-20)
(-0.428407 2.83271 0)
(0.241056 2.69113 -7.99171e-19)
(-1.63756 1.87255 0)
(-1.5509 1.93183 -2.86849e-19)
(-1.46226 1.97243 8.70204e-18)
(-1.37024 1.99774 -1.31884e-17)
(-1.27577 2.015 -1.27629e-17)
(-1.17756 2.02984 -8.22773e-18)
(-1.07088 2.05504 1.03881e-17)
(-0.948576 2.09268 6.08782e-18)
(-0.799619 2.16415 -4.03136e-18)
(-0.604129 2.23636 1.9775e-18)
(-0.366305 2.37702 0)
(0.0930431 2.29684 0)
(-1.47201 1.6885 -8.56509e-18)
(-1.39868 1.72229 4.05372e-18)
(-1.32174 1.73452 -4.23725e-18)
(-1.2392 1.73093 3.91805e-18)
(-1.15346 1.72211 1.17062e-17)
(-1.06238 1.71515 0)
(-0.962022 1.72455 1.32186e-19)
(-0.842678 1.74998 -3.67011e-18)
(-0.699512 1.81318 -1.89336e-20)
(-0.509431 1.87321 -3.60137e-18)
(-0.314984 1.98565 4.27668e-19)
(0.0062592 1.97246 -4.44884e-19)
(-1.29105 1.51157 -8.36542e-18)
(-1.21694 1.49076 0)
(-1.146 1.45733 7.44886e-18)
(-1.07484 1.41872 -1.11042e-17)
(-1.00551 1.3878 3.59785e-18)
(-0.932588 1.37232 0)
(-0.850681 1.38435 9.45972e-20)
(-0.74648 1.42092 6.71122e-18)
(-0.618142 1.49573 3.27769e-18)
(-0.442617 1.56991 5.85944e-21)
(-0.265804 1.67287 0)
(-0.0256503 1.70823 8.00129e-19)
(0.0995408 1.48103 1.16309e-18)
(0.213826 1.48388 2.08042e-20)
(0.339975 1.48612 -5.10889e-18)
(0.47287 1.48997 0)
(0.616319 1.49211 8.13756e-18)
(0.765784 1.48818 1.93486e-17)
(0.914202 1.47444 2.78047e-17)
(1.05293 1.44754 0)
(1.17069 1.4052 0)
(1.25544 1.34769 -5.65304e-18)
(1.29411 1.27794 5.63554e-18)
(1.27586 1.20353 -2.27352e-17)
(0.0964688 1.30877 -5.92651e-19)
(0.21012 1.32718 1.88619e-18)
(0.333326 1.34354 -6.56024e-18)
(0.464486 1.36009 0)
(0.603992 1.37149 1.12513e-17)
(0.745558 1.37238 -1.13044e-17)
(0.88005 1.35815 -5.67659e-18)
(0.996414 1.32538 7.2664e-21)
(1.08225 1.27302 -5.82995e-18)
(1.12638 1.20409 0)
(1.12008 1.12708 0)
(1.06038 1.05504 2.42855e-17)
(0.104279 1.14779 0)
(0.214659 1.17309 -2.49861e-18)
(0.333208 1.19521 5.24744e-18)
(0.458629 1.2151 2.75991e-18)
(0.588329 1.22695 -1.72003e-17)
(0.714321 1.22562 8.78699e-18)
(0.826212 1.20716 -1.79319e-17)
(0.912493 1.16949 6.10221e-18)
(0.962217 1.11344 1.27772e-20)
(0.968345 1.04441 2.62778e-20)
(0.928697 0.974888 -3.43571e-17)
(0.853062 0.927027 -2.86182e-17)
(0.114853 0.994388 0)
(0.219742 1.01968 5.00822e-18)
(0.330932 1.04052 0)
(0.446387 1.05687 1.10664e-17)
(0.561206 1.06334 0)
(0.666349 1.05586 6.08739e-18)
(0.751011 1.03145 2.51022e-17)
(0.804232 0.98921 -6.57493e-18)
(0.817242 0.930232 0)
(0.787547 0.858011 0)
(0.716782 0.781824 -8.85308e-18)
(0.634393 0.761075 8.88837e-18)
(1.17973 1.11988 -2.28345e-17)
(1.11599 1.02404 -5.67859e-18)
(1.06774 0.968549 2.82888e-17)
(1.03449 0.913955 -1.644e-17)
(1.02939 0.864427 2.10009e-17)
(1.05451 0.808758 -2.02099e-17)
(1.11212 0.737907 -2.42713e-17)
(1.19538 0.639657 0)
(1.29796 0.511915 -4.52164e-18)
(1.39114 0.34792 0)
(1.47368 0.184003 0)
(1.49889 0.00474965 -1.12465e-18)
(0.919316 0.974296 0)
(0.856779 0.859545 0)
(0.820752 0.81602 -2.17574e-17)
(0.803008 0.775764 5.23564e-18)
(0.81741 0.739876 5.04328e-18)
(0.861797 0.696987 -5.11902e-20)
(0.934609 0.638019 1.16595e-17)
(1.02695 0.553225 6.84762e-18)
(1.12764 0.440775 0)
(1.2147 0.299384 0)
(1.2804 0.156952 -5.52392e-19)
(1.30631 0.00882228 2.82777e-18)
(0.674514 0.880442 0)
(0.638975 0.740329 -5.76399e-18)
(0.628799 0.705593 -1.62808e-17)
(0.630658 0.675563 2.07085e-17)
(0.66113 0.645261 1.99091e-17)
(0.716668 0.605709 4.77086e-18)
(0.794165 0.549607 -6.95984e-18)
(0.884309 0.470393 -6.73582e-18)
(0.975648 0.36792 8.91596e-18)
(1.05151 0.244576 0)
(1.10583 0.121171 5.56345e-19)
(1.13295 -0.0033857 1.72203e-18)
(0.446188 0.792945 -3.6964e-17)
(0.451351 0.625558 -2.52584e-17)
(0.47509 0.604409 2.22355e-17)
(0.496323 0.587332 -2.60198e-17)
(0.537737 0.562333 5.05102e-18)
(0.597965 0.52515 0)
(0.673715 0.471343 -2.35841e-18)
(0.756555 0.397363 4.18747e-21)
(0.836468 0.304484 -6.69112e-18)
(0.901323 0.196586 0)
(0.947437 0.0888041 -3.93672e-18)
(0.97452 -0.0191983 -5.18085e-18)
(1.48104 -0.0994182 -2.33479e-18)
(1.4839 -0.213681 -2.43635e-18)
(1.4862 -0.339852 0)
(1.49008 -0.472805 0)
(1.49223 -0.616317 8.23618e-18)
(1.48829 -0.76584 -8.23598e-18)
(1.47454 -0.914301 9.35673e-20)
(1.44762 -1.05306 1.67057e-17)
(1.40526 -1.17084 -5.5141e-18)
(1.34774 -1.2556 5.6526e-18)
(1.27799 -1.29426 -2.82857e-17)
(1.20357 -1.27596 0)
(1.30871 -0.0963733 1.77497e-18)
(1.32714 -0.210004 1.8757e-18)
(1.34357 -0.333225 -5.24915e-18)
(1.36015 -0.464425 -2.73672e-18)
(1.37157 -0.603979 -8.34653e-18)
(1.37245 -0.74559 0)
(1.35821 -0.880122 -1.71381e-17)
(1.32543 -0.996521 -5.80619e-18)
(1.27307 -1.08238 -1.16371e-17)
(1.20413 -1.12654 0)
(1.12714 -1.12023 2.40446e-17)
(1.05512 -1.06048 0)
(1.14769 -0.104219 1.19815e-18)
(1.17302 -0.214579 -5.01045e-18)
(1.1952 -0.333134 5.24713e-18)
(1.21512 -0.458579 2.75972e-18)
(1.22698 -0.588312 -5.74691e-18)
(1.22565 -0.714341 2.9341e-18)
(1.20719 -0.826273 0)
(1.16951 -0.912596 6.06505e-18)
(1.11346 -0.96236 6.27737e-18)
(1.04446 -0.968512 6.55871e-18)
(0.974966 -0.92886 -3.43531e-17)
(0.927151 -0.853183 0)
(0.994264 -0.114831 -2.39262e-18)
(1.01958 -0.219695 7.50264e-18)
(1.04048 -0.330881 0)
(1.05685 -0.446347 -1.1066e-17)
(1.06335 -0.56119 0)
(1.05587 -0.666365 -6.0871e-18)
(1.03146 -0.751069 -6.28921e-18)
(0.989217 -0.804337 3.28396e-17)
(0.930241 -0.817389 7.80691e-21)
(0.858036 -0.787715 -7.70806e-18)
(0.781888 -0.716938 3.57419e-17)
(0.761219 -0.634507 -3.53479e-17)
(1.11992 -1.17972 0)
(1.02407 -1.11593 -1.1397e-17)
(0.968583 -1.06766 0)
(0.913998 -1.03441 5.41536e-18)
(0.864467 -1.02933 5.27804e-18)
(0.808787 -1.05447 2.52147e-17)
(0.737915 -1.1121 7.30187e-18)
(0.639638 -1.19538 -2.34716e-18)
(0.511866 -1.29797 4.56684e-18)
(0.347842 -1.39115 -3.31511e-20)
(0.183906 -1.47368 2.18141e-18)
(0.0046313 -1.4989 0)
(0.974383 -0.919321 6.07978e-18)
(0.859607 -0.856758 -1.1405e-17)
(0.81609 -0.820736 5.42927e-18)
(0.775843 -0.803002 0)
(0.739951 -0.817416 1.00911e-17)
(0.697045 -0.861815 -9.66475e-18)
(0.638051 -0.934637 -1.87046e-17)
(0.553224 -1.02699 0)
(0.44074 -1.12768 -4.42892e-18)
(0.299319 -1.21474 -4.1112e-20)
(0.15686 -1.28043 -5.52216e-19)
(0.00871056 -1.30634 5.67327e-19)
(0.880588 -0.67453 0)
(0.740433 -0.638995 -6.74672e-20)
(0.705692 -0.628838 -2.16748e-17)
(0.675669 -0.630707 2.06975e-17)
(0.645361 -0.661185 -9.91595e-18)
(0.605789 -0.716727 -4.78074e-18)
(0.549657 -0.794226 1.15543e-17)
(0.470408 -0.884371 9.04624e-18)
(0.367898 -0.975708 2.22518e-18)
(0.244522 -1.05156 4.41457e-18)
(0.121091 -1.10588 0)
(-0.00348814 -1.13299 1.14718e-18)
(0.793143 -0.446202 -3.69578e-17)
(0.625685 -0.451402 1.87879e-17)
(0.604527 -0.475166 5.00707e-17)
(0.587457 -0.496406 -2.60031e-17)
(0.562452 -0.53782 -1.4994e-17)
(0.525247 -0.598047 -1.44522e-17)
(0.471408 -0.673795 -4.65435e-18)
(0.397391 -0.756632 -9.0454e-18)
(0.304475 -0.836542 0)
(0.196544 -0.901389 1.11389e-18)
(0.0887342 -0.947492 -1.12366e-18)
(-0.019287 -0.974564 -2.30123e-18)
(-0.0995487 -1.48105 2.32549e-18)
(-0.213824 -1.48391 2.43583e-18)
(-0.339994 -1.48622 -5.10732e-18)
(-0.472933 -1.49009 0)
(-0.616415 -1.49224 2.72167e-18)
(-0.765897 -1.48829 8.33401e-18)
(-0.914311 -1.47452 0)
(-1.05302 -1.4476 1.11994e-17)
(-1.17077 -1.40524 0)
(-1.2555 -1.34773 2.8192e-17)
(-1.29415 -1.27799 -1.13284e-17)
(-1.27588 -1.2036 2.84003e-17)
(-0.0965005 -1.30874 -5.92432e-19)
(-0.21014 -1.32716 3.12292e-18)
(-0.333359 -1.34359 -5.2478e-18)
(-0.46454 -1.36015 -8.26596e-18)
(-0.604059 -1.37155 -9.08799e-21)
(-0.745624 -1.37241 -1.4146e-17)
(-0.880106 -1.35817 -1.72259e-17)
(-0.996461 -1.32538 -1.73123e-17)
(-1.08229 -1.27303 -2.33865e-17)
(-1.12644 -1.20411 -2.36367e-17)
(-1.12016 -1.12714 0)
(-1.06046 -1.05516 0)
(-0.104335 -1.14772 2.39542e-18)
(-0.214698 -1.17304 -3.74813e-18)
(-0.333246 -1.1952 6.56344e-18)
(-0.458669 -1.2151 -6.43894e-20)
(-0.588365 -1.22694 1.15167e-17)
(-0.714348 -1.2256 5.88882e-18)
(-0.826233 -1.20713 1.78728e-17)
(-0.912521 -1.16945 4.26885e-17)
(-0.96227 -1.11342 1.87979e-17)
(-0.968439 -1.04443 -2.6175e-17)
(-0.928834 -0.974966 0)
(-0.853233 -0.927184 0)
(-0.114931 -0.994295 -4.78312e-18)
(-0.219795 -1.01959 1.24746e-18)
(-0.330972 -1.04047 -1.31373e-18)
(-0.446414 -1.05682 1.37759e-17)
(-0.56122 -1.06329 -1.45268e-17)
(-0.666352 -1.0558 -6.01864e-18)
(-0.751016 -1.03139 1.58254e-20)
(-0.804262 -0.989158 6.60364e-18)
(-0.817317 -0.930199 -2.79935e-17)
(-0.78768 -0.858014 3.08594e-17)
(-0.716969 -0.781889 -3.56422e-17)
(-0.63462 -0.761253 0)
(-1.17971 -1.11998 -2.29334e-17)
(-1.11601 -1.02414 -5.67735e-18)
(-1.06783 -0.968665 5.65164e-18)
(-1.03466 -0.914075 -5.5506e-18)
(-1.02964 -0.864529 -5.18342e-18)
(-1.05483 -0.808824 -9.9771e-20)
(-1.1125 -0.737922 1.20642e-17)
(-1.1958 -0.639615 -2.34671e-18)
(-1.29838 -0.511821 0)
(-1.39155 -0.347794 0)
(-1.47406 -0.183855 2.1809e-18)
(-1.49925 -0.00457114 2.23694e-18)
(-0.919389 -0.974454 4.86368e-17)
(-0.856917 -0.859697 0)
(-0.820972 -0.816186 0)
(-0.8033 -0.775931 1.04649e-17)
(-0.817765 -0.740021 -5.06146e-18)
(-0.862202 -0.697089 4.81063e-18)
(-0.935045 -0.638063 0)
(-1.02739 -0.553206 -6.85073e-18)
(-1.12807 -0.4407 -2.23097e-18)
(-1.2151 -0.29927 4.43377e-18)
(-1.28077 -0.156814 -2.76871e-18)
(-1.30664 -0.00865892 -5.62396e-19)
(-0.674655 -0.880645 -2.76434e-17)
(-0.639196 -0.740506 1.72951e-17)
(-0.629098 -0.705771 5.40209e-18)
(-0.631012 -0.675738 5.16488e-18)
(-0.661527 -0.645412 4.94694e-18)
(-0.717093 -0.605817 0)
(-0.7946 -0.54966 2.31236e-18)
(-0.884734 -0.470387 4.47982e-18)
(-0.976047 -0.367862 2.22505e-18)
(-1.05187 -0.244482 -4.41428e-18)
(-1.10615 -0.121053 2.21852e-18)
(-1.13322 0.00352532 -1.14713e-18)
(-0.446361 -0.793181 3.69543e-17)
(-0.451611 -0.625726 -2.50764e-17)
(-0.475419 -0.604577 -5.56441e-18)
(-0.496689 -0.587497 8.04066e-22)
(-0.538127 -0.562477 -1.49952e-17)
(-0.598366 -0.525254 -4.80373e-18)
(-0.674113 -0.471397 1.39701e-17)
(-0.756933 -0.397365 0)
(-0.836814 -0.30444 8.96316e-18)
(-0.901627 -0.19651 0)
(-0.947695 -0.0887062 -4.49542e-18)
(-0.974732 0.0193121 2.30129e-18)
(-1.48137 0.0996296 1.1801e-18)
(-1.48419 0.213912 0)
(-1.48646 0.340089 5.15109e-18)
(-1.4903 0.473032 5.3234e-18)
(-1.49241 0.616513 -1.08566e-17)
(-1.48843 0.765984 5.57948e-18)
(-1.47463 0.914369 1.11648e-17)
(-1.44766 1.05302 4.6933e-20)
(-1.40526 1.1707 5.64198e-18)
(-1.3477 1.25537 -1.68879e-17)
(-1.27793 1.29398 -5.63543e-18)
(-1.2035 1.27569 2.27352e-17)
(-1.309 0.0965612 -1.77141e-18)
(-1.32738 0.210206 -6.23827e-19)
(-1.34376 0.333425 -5.2066e-18)
(-1.36028 0.464603 0)
(-1.37164 0.604108 -1.40467e-17)
(-1.37246 0.745643 -8.45802e-18)
(-1.35816 0.880073 8.88946e-20)
(-1.32532 0.996355 5.78372e-18)
(-1.27291 1.08211 -1.74674e-17)
(-1.20396 1.12619 2.364e-17)
(-1.12696 1.11986 0)
(-1.05495 1.06015 2.42871e-17)
(-1.14792 0.104375 -2.992e-18)
(-1.17318 0.214739 6.27349e-19)
(-1.1953 0.333283 0)
(-1.21516 0.458691 -1.10811e-17)
(-1.22695 0.588359 1.43186e-17)
(-1.22556 0.714294 1.46584e-17)
(-1.20703 0.826111 -1.78738e-17)
(-1.16931 0.912315 -2.44233e-17)
(-1.11323 0.961981 -2.51397e-17)
(-1.04421 0.968085 3.274e-17)
(-0.974712 0.928443 -6.85879e-18)
(-0.9269 0.852821 -5.71848e-17)
(-0.994422 0.114953 4.18616e-18)
(-1.01967 0.219811 6.25761e-19)
(-1.0405 0.330975 0)
(-1.05681 0.446395 1.37769e-17)
(-1.06324 0.561159 -1.06095e-20)
(-1.0557 0.666231 -3.00138e-18)
(-1.03124 0.75082 0)
(-0.988965 0.803981 6.53842e-18)
(-0.929974 0.816961 2.09949e-17)
(-0.85777 0.787271 -4.18846e-20)
(-0.781632 0.716538 3.56523e-17)
(-0.760942 0.634163 7.10429e-17)
(-1.11987 1.17953 2.28354e-17)
(-1.02404 1.11577 5.67886e-18)
(-0.968562 1.0675 -5.65366e-18)
(-0.913986 1.03426 1.08874e-17)
(-0.864474 1.02918 0)
(-0.808814 1.05434 1.51825e-17)
(-0.737964 1.112 -2.18514e-17)
(-0.639705 1.19531 -1.16652e-17)
(-0.511944 1.29794 0)
(-0.347928 1.39115 4.44521e-18)
(-0.183999 1.47369 0)
(-0.00469888 1.49891 -1.11716e-18)
(-0.974237 0.919093 0)
(-0.85953 0.856551 0)
(-0.816027 0.820533 0)
(-0.775793 0.802815 -5.23472e-18)
(-0.739924 0.817255 1.19086e-20)
(-0.697044 0.861691 -4.81354e-18)
(-0.638078 0.934562 9.32363e-18)
(-0.553275 1.02696 -9.12573e-18)
(-0.440811 1.12771 0)
(-0.299405 1.21481 3.33272e-18)
(-0.156966 1.28052 1.65914e-18)
(-0.00880431 1.30644 -5.67561e-19)
(-0.88036 0.674308 0)
(-0.740311 0.638772 1.73045e-17)
(-0.705599 0.628615 -9.53917e-21)
(-0.675589 0.630509 1.68498e-21)
(-0.645302 0.661026 4.97221e-18)
(-0.605757 0.71662 4.81181e-18)
(-0.549653 0.79418 6.9514e-18)
(-0.470431 0.884387 4.48271e-18)
(-0.367947 0.975782 2.22647e-18)
(-0.244594 1.05168 -4.41704e-18)
(-0.121193 1.10602 -2.23247e-18)
(0.00337878 1.13315 0)
(-0.792846 0.446018 9.12501e-18)
(-0.625543 0.451187 -6.13371e-18)
(-0.604417 0.474945 0)
(-0.587355 0.496215 0)
(-0.562365 0.537675 -4.99096e-18)
(-0.525182 0.59796 1.69244e-20)
(-0.471371 0.673773 -1.39796e-17)
(-0.397383 0.756672 0)
(-0.304497 0.836639 -8.96906e-18)
(-0.196597 0.901527 0)
(-0.0888278 0.947651 -2.25753e-18)
(0.0191649 0.974749 0)
(0.124276 0.847506 -1.19632e-18)
(0.221783 0.867812 -4.95966e-18)
(0.323156 0.882145 0)
(0.425306 0.890084 -1.09543e-17)
(0.521649 0.887267 -2.8986e-18)
(0.602422 0.871033 -1.54621e-17)
(0.656599 0.839482 6.65513e-18)
(0.673 0.792082 0)
(0.641492 0.728436 0)
(0.554348 0.647825 9.65391e-18)
(0.384418 0.53138 4.1514e-17)
(0.150071 0.404976 0)
(0.130516 0.707897 1.1936e-18)
(0.219047 0.719995 0)
(0.308735 0.724548 -1.02933e-17)
(0.395404 0.721197 2.70574e-18)
(0.47129 0.707055 -2.88762e-18)
(0.526128 0.681088 1.8605e-17)
(0.548696 0.642933 1.35925e-17)
(0.527305 0.593038 -7.6893e-18)
(0.449699 0.531245 0)
(0.30424 0.460852 0)
(0.046831 0.361983 0)
(-0.248023 0.339809 0)
(0.132548 0.576905 -1.20026e-18)
(0.210928 0.579181 -6.1425e-18)
(0.287745 0.572465 1.14573e-17)
(0.357931 0.556856 0)
(0.413036 0.531228 0)
(0.442702 0.496494 -5.53008e-17)
(0.436105 0.454589 3.39911e-17)
(0.382392 0.408448 0)
(0.271629 0.361078 -9.39212e-18)
(0.10009 0.32293 2.477e-17)
(-0.126658 0.290294 -2.09414e-17)
(-0.311105 0.313217 0)
(0.130075 0.455949 1.21089e-18)
(0.197618 0.447981 4.92411e-18)
(0.261093 0.429918 -1.01342e-17)
(0.314862 0.402538 7.95944e-18)
(0.35034 0.366627 -8.41675e-18)
(0.357665 0.32529 -6.02478e-18)
(0.327409 0.283304 -4.70173e-17)
(0.251449 0.246848 -7.69763e-18)
(0.126481 0.222584 9.28101e-18)
(-0.0382046 0.224707 4.7417e-17)
(-0.211867 0.253832 0)
(-0.333476 0.309905 0)
(0.123296 0.34625 0)
(0.179788 0.32835 0)
(0.23007 0.299739 1.01671e-17)
(0.26832 0.261905 -1.05708e-17)
(0.286341 0.217496 -1.39147e-17)
(0.275359 0.171799 5.69279e-17)
(0.22815 0.132411 1.32477e-17)
(0.14025 0.108318 3.78127e-17)
(0.0155022 0.108199 0)
(-0.129368 0.144754 -4.544e-17)
(-0.264931 0.211461 -7.0071e-17)
(-0.346794 0.281569 0)
(0.112708 0.248506 0)
(0.158299 0.221494 1.27221e-18)
(0.196 0.183528 -1.29513e-18)
(0.220145 0.136833 2.65896e-18)
(0.22333 0.0856442 4.19253e-17)
(0.198297 0.0371462 -2.98916e-17)
(0.140329 0.00128073 6.59269e-18)
(0.0483069 -0.011147 -2.98805e-17)
(-0.0687783 0.00877661 -8.85324e-18)
(-0.19259 0.0713199 1.12378e-17)
(-0.299852 0.162732 6.80104e-17)
(-0.339424 0.248332 0)
(0.098951 0.1628 0)
(0.134031 0.127816 1.32864e-18)
(0.160032 0.0818239 -1.3441e-18)
(0.171691 0.0277771 0)
(0.162645 -0.0288766 -2.57556e-17)
(0.127354 -0.079525 -3.01619e-18)
(0.0634719 -0.112498 -1.33228e-17)
(-0.0277508 -0.116073 -3.78018e-17)
(-0.134062 -0.0820447 3.59498e-17)
(-0.237725 -0.00131061 0)
(-0.319574 0.10801 1.40199e-16)
(-0.320732 0.20486 0)
(0.0826853 0.0886278 0)
(0.107754 0.0469693 1.43408e-18)
(0.123018 -0.00571065 1.00735e-17)
(0.123769 -0.0658428 2.92221e-18)
(0.104786 -0.12711 2.12462e-17)
(0.0622506 -0.180023 -6.41095e-18)
(-0.00412024 -0.211703 3.50799e-17)
(-0.0917623 -0.210037 6.37314e-17)
(-0.185921 -0.167726 3.82988e-17)
(-0.269823 -0.0751624 1.25714e-17)
(-0.326307 0.0485549 -1.89711e-17)
(-0.288558 0.157759 0)
(0.064483 0.0249036 0)
(0.0800177 -0.0220854 0)
(0.0854309 -0.0801929 -1.31343e-17)
(0.0766206 -0.145385 0)
(0.0495238 -0.210814 1.61442e-20)
(0.00195413 -0.266582 -7.22117e-18)
(-0.0646355 -0.298933 7.89743e-18)
(-0.147201 -0.295656 -3.59686e-17)
(-0.228236 -0.250117 -1.08892e-17)
(-0.291743 -0.151026 1.31654e-16)
(-0.32093 -0.0148182 -1.80658e-16)
(-0.247105 0.108141 3.141e-16)
(0.0451394 -0.0302018 0)
(0.0515817 -0.081261 8.58363e-18)
(0.0478494 -0.143704 -1.7031e-17)
(0.0304688 -0.213149 4.2809e-18)
(-0.00354145 -0.282615 -4.41643e-17)
(-0.0547491 -0.341972 3.26162e-17)
(-0.120257 -0.376884 -4.00079e-17)
(-0.197015 -0.375235 1.11591e-17)
(-0.264074 -0.33011 -1.0726e-16)
(-0.305793 -0.228406 -1.26172e-16)
(-0.304932 -0.0803439 -2.95248e-17)
(-0.195679 0.0564139 -3.99184e-16)
(0.0268805 -0.0804068 0)
(0.0248338 -0.134476 -4.50578e-17)
(0.0125356 -0.200407 2.96588e-17)
(-0.0128451 -0.273514 0)
(-0.0534862 -0.347084 -7.1542e-18)
(-0.108043 -0.41042 -3.59351e-17)
(-0.173163 -0.449564 -5.93901e-17)
(-0.242479 -0.451985 -3.21547e-17)
(-0.295446 -0.407245 1.89358e-16)
(-0.311941 -0.305576 1.73626e-16)
(-0.274343 -0.153686 0)
(-0.139611 -0.000117333 0)
(0.0121953 -0.134228 -2.3107e-17)
(0.00290141 -0.18923 -4.00476e-20)
(-0.0162273 -0.256892 0)
(-0.0472582 -0.332169 1.678e-17)
(-0.0918622 -0.409961 -1.55538e-17)
(-0.146881 -0.475885 -1.46246e-16)
(-0.207336 -0.526298 4.85355e-16)
(-0.273498 -0.522819 0)
(-0.294331 -0.46879 -2.46558e-16)
(-0.282511 -0.370551 -2.89306e-16)
(-0.233567 -0.223279 -4.3557e-16)
(-0.114889 -0.0332457 1.20573e-15)
(0.192991 0.493219 9.68918e-17)
(0.307216 0.477369 2.95318e-17)
(0.349501 0.499459 -2.31481e-17)
(0.387601 0.503667 0)
(0.435257 0.486602 -2.5388e-17)
(0.496111 0.452881 -1.46823e-17)
(0.567055 0.402147 1.17909e-17)
(0.640952 0.333763 6.90425e-18)
(0.709613 0.250154 0)
(0.764399 0.155524 1.1274e-18)
(0.803434 0.0607681 3.39384e-18)
(0.828325 -0.0346282 2.3108e-18)
(0.221731 0.165905 1.61476e-16)
(0.227731 0.334341 -8.38585e-18)
(0.256355 0.400347 3.04991e-17)
(0.298921 0.424547 0)
(0.347934 0.417101 0)
(0.406622 0.388 2.50433e-17)
(0.471519 0.341193 1.45113e-17)
(0.536479 0.278656 -1.17189e-17)
(0.594864 0.203719 2.30895e-18)
(0.640489 0.120479 1.03203e-17)
(0.672629 0.0368349 -1.15045e-18)
(0.693252 -0.0479501 1.16626e-18)
(0.242799 0.0118676 -1.85321e-16)
(0.175054 0.211686 0)
(0.187891 0.31264 0)
(0.225122 0.351306 0)
(0.272292 0.35355 0)
(0.327145 0.329833 2.59271e-17)
(0.385773 0.287644 -4.73387e-17)
(0.442507 0.2311 1.20654e-17)
(0.491823 0.164267 0)
(0.529175 0.0910169 -9.34084e-18)
(0.554318 0.017155 -4.08928e-18)
(0.569102 -0.0580261 -1.76763e-18)
(0.250503 -0.0866078 1.67612e-16)
(0.135408 0.117836 5.082e-17)
(0.133945 0.236586 -3.44745e-17)
(0.162379 0.284857 2.41689e-17)
(0.20581 0.295555 0)
(0.256205 0.277657 5.42297e-18)
(0.308955 0.240595 1.81142e-17)
(0.358466 0.190135 -1.49845e-17)
(0.39997 0.130982 2.43679e-18)
(0.429905 0.0667526 -1.1971e-18)
(0.44813 0.001838 5.96002e-18)
(0.456147 -0.0642686 0)
(0.246451 -0.150443 -3.14527e-19)
(0.100552 0.045487 -4.49187e-17)
(0.0877157 0.17008 3.73698e-17)
(0.107291 0.224672 -5.80684e-17)
(0.146483 0.242454 2.40784e-17)
(0.192657 0.230628 1.445e-20)
(0.240323 0.199096 -2.71688e-18)
(0.283749 0.154815 2.61317e-17)
(0.318652 0.103039 -2.53613e-18)
(0.342017 0.0471991 0)
(0.353689 -0.00925454 6.12697e-19)
(0.354713 -0.0665685 -3.06426e-18)
(0.2309 -0.189736 -1.53708e-16)
(0.066113 -0.0122924 0)
(0.0449359 0.110604 0)
(0.0571769 0.169414 3.49864e-17)
(0.0927024 0.193271 -5.81952e-17)
(0.135504 0.187769 -3.04552e-17)
(0.179141 0.162175 2.89976e-18)
(0.217691 0.124223 -2.21358e-17)
(0.247124 0.0796473 2.67399e-18)
(0.264792 0.0317997 -1.29952e-18)
(0.270469 -0.0164863 1.9196e-18)
(0.264831 -0.0651766 -6.36176e-19)
(0.204014 -0.211093 -3.18048e-16)
(0.0296578 -0.0599016 -1.3049e-16)
(0.00278822 0.0558635 1.85252e-17)
(0.0100065 0.117462 2.32465e-17)
(0.0431293 0.14681 5.67715e-17)
(0.0838047 0.148004 6.65225e-18)
(0.124632 0.128844 -6.29336e-18)
(0.159523 0.0974709 0)
(0.184569 0.0600572 0)
(0.197405 0.0199602 9.74253e-18)
(0.197783 -0.0203504 1.36182e-18)
(0.186143 -0.0605591 2.68155e-18)
(0.163848 -0.216852 3.41666e-16)
(-0.00891999 -0.0995721 -7.03073e-20)
(-0.0406082 0.00402672 -8.59193e-17)
(-0.03573 0.0671362 -1.06271e-16)
(-0.00337244 0.101733 -3.22645e-17)
(0.0366101 0.110154 7.52515e-18)
(0.0759375 0.0980737 -1.06088e-17)
(0.108354 0.0736729 3.34547e-18)
(0.130028 0.0435276 2.55176e-17)
(0.13887 0.0110771 -2.61239e-17)
(0.13472 -0.0213892 2.24175e-18)
(0.117919 -0.0532654 -3.66188e-18)
(0.112904 -0.210138 -3.44413e-16)
(-0.0497494 -0.131234 1.51326e-16)
(-0.0863892 -0.0457677 1.04714e-16)
(-0.0811348 0.0170402 -9.26383e-21)
(-0.0479949 0.0566404 0)
(-0.00718618 0.0729233 3.63052e-17)
(0.0320262 0.0687603 4.2275e-18)
(0.0630957 0.0519041 -7.54647e-21)
(0.0823072 0.029316 -6.39218e-17)
(0.0879342 0.00453384 1.44079e-17)
(0.0800369 -0.0201429 0)
(0.0589929 -0.0438185 3.39549e-18)
(0.0518687 -0.195517 9.99678e-16)
(-0.0913419 -0.155949 0)
(-0.134685 -0.0933666 1.77446e-17)
(-0.12765 -0.0334938 2.19434e-16)
(-0.0928053 0.010382 1.21051e-16)
(-0.049669 0.034997 -2.66135e-20)
(-0.00886666 0.0397499 -1.72997e-17)
(0.0220799 0.0312146 4.80767e-17)
(0.0397053 0.0166386 4.01133e-17)
(0.0428272 -0.00038864 1.67264e-17)
(0.0319294 -0.0173306 2.30257e-18)
(0.00755181 -0.0329699 0)
(-0.0159044 -0.159188 -5.75779e-16)
(-0.138159 -0.165919 0)
(-0.184566 -0.136552 0)
(-0.177871 -0.0845786 -2.08144e-16)
(-0.142655 -0.0385478 -1.94227e-16)
(-0.0960735 -0.00521414 -9.00636e-17)
(-0.0509849 0.0100853 -8.28149e-17)
(-0.018399 0.0108899 -1.43417e-16)
(-0.00116466 0.0045603 -8.94538e-18)
(9.98088e-05 -0.00491233 -3.80845e-17)
(-0.0131214 -0.0145724 4.05432e-18)
(-0.0399838 -0.0226794 0)
(-0.0502918 -0.127339 -7.7802e-16)
(-0.151842 -0.173088 0)
(-0.224098 -0.176582 0)
(-0.226098 -0.137952 5.05822e-17)
(-0.199998 -0.0951346 -5.08368e-17)
(-0.152725 -0.0506715 5.82638e-17)
(-0.100997 -0.02089 -6.5869e-17)
(-0.0664482 -0.0100082 2.64634e-16)
(-0.0495083 -0.00843138 0)
(-0.0500606 -0.0108006 -1.2675e-16)
(-0.0645932 -0.0137805 -9.63393e-17)
(-0.0929474 -0.0150977 2.5539e-17)
(0.847373 -0.124291 -3.14123e-21)
(0.867694 -0.221766 -4.95967e-18)
(0.882085 -0.323128 0)
(0.890049 -0.425278 8.21733e-18)
(0.887254 -0.521636 1.45358e-17)
(0.871028 -0.602438 6.19723e-18)
(0.839479 -0.656656 6.65493e-18)
(0.792071 -0.673104 -2.86408e-17)
(0.728417 -0.64163 0)
(0.647808 -0.554489 -2.88353e-17)
(0.531386 -0.38451 4.12369e-17)
(0.40499 -0.150057 8.61721e-17)
(0.707765 -0.130563 2.38918e-18)
(0.719873 -0.219055 0)
(0.724475 -0.308726 1.02937e-17)
(0.721149 -0.395386 0)
(0.70703 -0.471281 6.98663e-21)
(0.681075 -0.526144 2.47895e-17)
(0.642919 -0.54875 6.78103e-18)
(0.593011 -0.5274 -3.83514e-17)
(0.5312 -0.449815 0)
(0.460798 -0.304334 3.54835e-17)
(0.361952 -0.0468444 -5.78893e-17)
(0.339823 0.248095 0)
(0.576781 -0.132622 -1.1988e-18)
(0.579062 -0.210957 4.91622e-18)
(0.572386 -0.287754 -1.01822e-17)
(0.5568 -0.357923 1.33853e-17)
(0.531196 -0.413032 -5.6926e-18)
(0.496473 -0.442716 -1.5384e-17)
(0.454565 -0.436151 -4.07758e-17)
(0.408405 -0.382469 3.89745e-17)
(0.361008 -0.271713 0)
(0.322845 -0.100133 -3.70837e-17)
(0.290236 0.12669 -2.09405e-17)
(0.313227 0.311179 0)
(0.455837 -0.130166 -6.046e-19)
(0.447868 -0.197661 -5.53629e-18)
(0.429836 -0.261115 1.26937e-18)
(0.402478 -0.314863 -8.85149e-22)
(0.366589 -0.350338 -1.12403e-17)
(0.325262 -0.357676 0)
(0.283271 -0.327444 3.36014e-17)
(0.246793 -0.251505 -7.73127e-18)
(0.2225 -0.126533 0)
(0.224608 0.0381958 9.48904e-17)
(0.253767 0.211911 0)
(0.309908 0.333538 0)
(0.346149 -0.123398 -2.46543e-18)
(0.328246 -0.179841 0)
(0.299656 -0.230103 7.63255e-18)
(0.261842 -0.268328 -1.05578e-17)
(0.217452 -0.286341 1.70337e-20)
(0.171766 -0.275365 2.6975e-17)
(0.132373 -0.228173 -6.60199e-18)
(0.108259 -0.140288 -2.26567e-17)
(0.108112 -0.0155325 9.00079e-18)
(0.14466 0.12937 -4.54355e-17)
(0.211402 0.264965 -3.50274e-17)
(0.28157 0.346832 2.74145e-17)
(0.248411 -0.112814 2.53825e-18)
(0.221397 -0.158356 0)
(0.183445 -0.19604 -1.03387e-17)
(0.136769 -0.220158 2.65928e-18)
(0.085597 -0.223331 -2.80432e-18)
(0.0371103 -0.1983 -2.98967e-17)
(0.00124207 -0.140343 2.63255e-17)
(-0.0112037 -0.048332 3.73752e-17)
(0.0086979 0.0687586 0)
(0.0712363 0.19259 1.12577e-17)
(0.162681 0.299871 -1.69863e-17)
(0.248331 0.339455 0)
(0.162708 -0.099053 6.65179e-19)
(0.127724 -0.134088 -5.99403e-18)
(0.0817382 -0.160075 0)
(0.0277121 -0.171706 0)
(-0.0289262 -0.162647 0)
(-0.0795622 -0.127354 -6.07297e-18)
(-0.112535 -0.0634799 -1.9975e-17)
(-0.116122 0.0277334 -3.0234e-17)
(-0.0821117 0.134046 8.98911e-18)
(-0.00138188 0.237719 2.43109e-20)
(0.107967 0.319582 -1.57693e-16)
(0.204858 0.320755 -2.36914e-16)
(0.0885281 -0.0827795 2.89359e-18)
(0.0468753 -0.107808 7.18294e-18)
(-0.00580177 -0.123064 -1.44268e-18)
(-0.065909 -0.123786 2.92253e-18)
(-0.127162 -0.104788 1.82229e-17)
(-0.180061 -0.0622493 2.25477e-17)
(-0.211738 0.00411637 -2.80218e-17)
(-0.210079 0.0917492 7.1729e-17)
(-0.167782 0.185906 0)
(-0.0752237 0.269813 0)
(0.0485172 0.32631 1.34545e-16)
(0.157754 0.288583 3.25984e-17)
(0.0247903 -0.0645557 -3.3351e-18)
(-0.0221869 -0.080071 -1.64427e-18)
(-0.0802941 -0.085471 1.64587e-18)
(-0.145455 -0.0766386 0)
(-0.21087 -0.049526 -5.49251e-17)
(-0.266622 -0.00195132 -3.61947e-17)
(-0.298966 0.0646341 3.15318e-17)
(-0.295692 0.147191 -3.59475e-17)
(-0.250163 0.228224 1.09671e-17)
(-0.151081 0.291735 1.46554e-17)
(-0.014855 0.320934 -2.25531e-17)
(0.108129 0.247133 3.1367e-16)
(-0.0303387 -0.0451806 -4.3637e-18)
(-0.0813793 -0.0516314 0)
(-0.143818 -0.0478738 -1.70313e-17)
(-0.213224 -0.0304811 4.28128e-18)
(-0.282676 0.00354217 2.64975e-17)
(-0.342016 0.0547548 -4.606e-18)
(-0.376918 0.120258 -2.00357e-17)
(-0.375268 0.19701 7.79813e-17)
(-0.330152 0.264066 -9.39288e-17)
(-0.228457 0.305794 5.29296e-20)
(-0.0803848 0.304944 -2.95257e-17)
(0.0563921 0.195718 0)
(-0.0805656 -0.0268989 5.74397e-18)
(-0.134613 -0.0248605 -2.44204e-17)
(-0.200536 -0.0125317 5.56364e-17)
(-0.273594 0.0128518 0)
(-0.347149 0.0534978 -7.15461e-18)
(-0.410467 0.108056 7.21546e-18)
(-0.449598 0.173172 4.43741e-17)
(-0.452017 0.242482 -2.41005e-16)
(-0.407284 0.295451 1.51363e-16)
(-0.305625 0.311957 0)
(-0.153733 0.274375 0)
(-0.000154231 0.139662 0)
(-0.134399 -0.0121978 4.61987e-17)
(-0.189371 -0.00290349 8.2885e-17)
(-0.257037 0.0162636 -1.48652e-16)
(-0.332255 0.0472879 1.67789e-17)
(-0.41003 0.0918866 -3.10106e-17)
(-0.475937 0.146904 -7.32142e-17)
(-0.526333 0.20735 -5.71318e-17)
(-0.522853 0.273511 3.9246e-17)
(-0.468836 0.29435 -2.1582e-16)
(-0.370603 0.28254 -3.61533e-17)
(-0.223339 0.233609 0)
(-0.0332955 0.114945 -1.20561e-15)
(0.493372 -0.192952 9.68674e-17)
(0.477503 -0.307292 2.9712e-17)
(0.499585 -0.3496 -2.30665e-17)
(0.503802 -0.387702 -2.66648e-17)
(0.486734 -0.435355 2.5374e-17)
(0.452992 -0.496204 2.43955e-17)
(0.402225 -0.567145 -2.36506e-18)
(0.333804 -0.641039 -4.59439e-18)
(0.250157 -0.709696 2.26724e-18)
(0.155494 -0.764475 0)
(0.0607119 -0.803497 0)
(-0.0347024 -0.828372 -2.79866e-21)
(0.166015 -0.22175 0)
(0.334465 -0.22783 6.57693e-20)
(0.400475 -0.256465 0)
(0.424687 -0.299028 2.20454e-17)
(0.417241 -0.348035 -5.22169e-18)
(0.388121 -0.406718 1.00184e-17)
(0.341282 -0.471613 -2.65805e-17)
(0.278706 -0.536571 2.34666e-18)
(0.203732 -0.594954 0)
(0.120461 -0.640573 -9.17051e-18)
(0.036791 -0.6727 0)
(-0.0480083 -0.693306 2.32927e-18)
(0.0119503 -0.242847 0)
(0.211796 -0.175163 -4.62719e-17)
(0.312764 -0.188002 6.44305e-18)
(0.351445 -0.225226 0)
(0.353692 -0.272388 2.16956e-17)
(0.329959 -0.327238 5.17676e-18)
(0.28774 -0.385867 1.74094e-17)
(0.231158 -0.442602 -1.44651e-17)
(0.164289 -0.491918 2.3621e-18)
(0.0910077 -0.529267 1.86812e-17)
(0.017124 -0.554398 4.66949e-18)
(-0.05807 -0.569167 -1.17692e-18)
(-0.0865604 -0.250575 -1.67589e-16)
(0.117926 -0.13552 0)
(0.236702 -0.134048 0)
(0.284992 -0.162474 3.01774e-17)
(0.295696 -0.205897 -2.83796e-17)
(0.277786 -0.256292 5.39902e-18)
(0.240695 -0.309047 -5.17892e-18)
(0.190199 -0.358563 9.98115e-18)
(0.13101 -0.400071 9.73431e-18)
(0.0667518 -0.430005 7.17942e-21)
(0.00181673 -0.448222 -4.76337e-18)
(-0.0642998 -0.456225 1.19677e-18)
(-0.150426 -0.246539 1.55996e-16)
(0.0455569 -0.100664 0)
(0.170186 -0.087807 7.46481e-18)
(0.2248 -0.107372 -5.80068e-17)
(0.24259 -0.146559 0)
(0.230754 -0.192737 -2.84699e-17)
(0.199196 -0.240411 2.98914e-17)
(0.15488 -0.283848 -2.3504e-17)
(0.103071 -0.318758 -7.59519e-18)
(0.0472042 -0.342126 -2.23228e-17)
(-0.00926788 -0.353792 0)
(-0.0665907 -0.354806 -2.44874e-18)
(-0.189744 -0.230992 3.83144e-17)
(-0.0122427 -0.0662213 -6.28851e-17)
(0.1107 -0.0450144 0)
(0.169533 -0.0572432 -1.16279e-20)
(0.193401 -0.0927655 0)
(0.187891 -0.135576 6.07291e-18)
(0.162273 -0.179227 -2.89127e-17)
(0.124289 -0.217791 1.93606e-17)
(0.0796816 -0.247236 1.33509e-17)
(0.0318088 -0.264911 1.04009e-17)
(-0.0164947 -0.270585 -5.11418e-18)
(-0.0651928 -0.26494 1.26819e-18)
(-0.211126 -0.204111 0)
(-0.0598675 -0.0297583 1.73776e-16)
(0.055953 -0.00285574 8.32822e-17)
(0.117572 -0.0100577 2.321e-17)
(0.146931 -0.04318 0)
(0.148119 -0.0838701 3.3241e-17)
(0.128937 -0.124718 -3.14859e-18)
(0.0975352 -0.159629 -5.6016e-21)
(0.0600925 -0.18469 -1.43511e-17)
(0.019972 -0.197536 0)
(-0.0203564 -0.197914 -1.06956e-21)
(-0.0605725 -0.186269 3.98716e-26)
(-0.216899 -0.163938 -3.41625e-16)
(-0.099547 0.00884115 -2.93007e-16)
(0.00409926 0.040547 -7.50725e-17)
(0.0672362 0.0356917 -7.07722e-17)
(0.101843 0.00333191 0)
(0.110261 -0.0366717 7.51796e-18)
(0.0981622 -0.0760263 -1.05997e-17)
(0.0737349 -0.108468 6.34871e-21)
(0.0435636 -0.130161 3.19063e-18)
(0.011091 -0.139015 0)
(-0.021394 -0.134867 5.97139e-18)
(-0.0532781 -0.118063 2.92693e-18)
(-0.210202 -0.11298 -1.53684e-19)
(-0.131189 0.0497443 1.72614e-16)
(-0.045758 0.0863229 0)
(0.0171218 0.0810974 1.06809e-17)
(0.0567376 0.0479602 -6.16777e-21)
(0.0730204 0.00712436 -3.62808e-17)
(0.0688425 -0.032122 2.95827e-17)
(0.0519637 -0.0632215 -3.56903e-17)
(0.0293527 -0.0824556 0)
(0.0045497 -0.0880969 -1.43999e-17)
(-0.0201467 -0.0802008 0)
(-0.0438332 -0.0591528 -6.78795e-18)
(-0.195583 -0.0518635 4.99743e-16)
(-0.155751 0.0915876 -2.86231e-17)
(-0.0935325 0.134549 1.7614e-16)
(-0.0334715 0.127565 1.0232e-16)
(0.0104514 0.092754 -9.40659e-17)
(0.0350813 0.0495986 4.98982e-17)
(0.0398254 0.00875891 -1.1541e-17)
(0.0312727 -0.0222214 3.73737e-17)
(0.0166775 -0.0398727 5.01575e-18)
(-0.000368703 -0.0430103 3.58142e-17)
(-0.0173334 -0.0321105 -6.89425e-18)
(-0.0329846 -0.00772913 4.46017e-18)
(-0.159283 0.0169295 0)
(-0.164988 0.138645 0)
(-0.136737 0.183962 -2.30508e-16)
(-0.0847189 0.17765 0)
(-0.0385431 0.142541 2.18309e-16)
(-0.00514521 0.095978 -2.24887e-16)
(0.0101565 0.0508595 -5.17408e-17)
(0.0109496 0.0182396 6.68606e-17)
(0.0046058 0.000976458 0)
(-0.00488467 -0.000304768 3.76515e-21)
(-0.0145721 0.0129231 4.85778e-17)
(-0.0226844 0.0397934 0)
(-0.123558 0.0561173 -6.82856e-16)
(-0.172851 0.151989 -5.82027e-16)
(-0.178973 0.220308 6.84231e-17)
(-0.139106 0.224793 0)
(-0.0953949 0.199626 -5.07648e-17)
(-0.0506288 0.152572 5.83083e-16)
(-0.0208167 0.100847 -6.59106e-17)
(-0.00994399 0.066272 -2.97664e-16)
(-0.00837693 0.0493027 2.99647e-17)
(-0.0107645 0.0498433 -1.1261e-16)
(-0.0137731 0.0643848 -2.20144e-16)
(-0.0150912 0.0927609 2.55383e-17)
(-0.124373 -0.847405 1.18938e-18)
(-0.221845 -0.867705 -1.23918e-18)
(-0.323196 -0.882073 1.30207e-18)
(-0.425323 -0.890013 1.09746e-17)
(-0.521648 -0.887198 1.16206e-17)
(-0.602414 -0.870962 -1.23779e-17)
(-0.656602 -0.839414 -6.63027e-18)
(-0.67304 -0.792018 -2.14668e-17)
(-0.641584 -0.728382 6.40375e-17)
(-0.554496 -0.647787 0)
(-0.38459 -0.531376 5.5271e-17)
(-0.1502 -0.405015 0)
(-0.130627 -0.707802 1.19287e-18)
(-0.219114 -0.71989 0)
(-0.308776 -0.724471 0)
(-0.395415 -0.721124 1.18984e-20)
(-0.471283 -0.706985 -1.15131e-17)
(-0.526118 -0.681021 -3.09604e-17)
(-0.548704 -0.642869 -2.03436e-17)
(-0.527355 -0.592973 0)
(-0.4498 -0.531178 -3.64368e-17)
(-0.304378 -0.460778 1.18079e-17)
(-0.0469524 -0.361928 3.83767e-17)
(0.248041 -0.33979 2.01682e-16)
(-0.132669 -0.57683 -1.19944e-18)
(-0.210998 -0.579093 1.22562e-18)
(-0.287787 -0.572399 8.90847e-18)
(-0.357941 -0.556796 -1.87418e-17)
(-0.41303 -0.531175 -1.7063e-17)
(-0.442696 -0.496446 -3.02858e-18)
(-0.436121 -0.454542 4.07935e-17)
(-0.382452 -0.408393 2.32975e-17)
(-0.271731 -0.361008 -3.75437e-17)
(-0.100207 -0.322837 0)
(0.126588 -0.2902 -8.39268e-17)
(0.311127 -0.313176 -5.18543e-20)
(-0.1302 -0.455903 2.42085e-18)
(-0.197689 -0.44792 0)
(-0.261138 -0.429874 -1.01264e-17)
(-0.314875 -0.402503 2.64346e-18)
(-0.35034 -0.366601 1.12176e-17)
(-0.35767 -0.32527 5.15032e-17)
(-0.327437 -0.283282 -3.35874e-17)
(-0.251518 -0.246812 -3.85493e-17)
(-0.12658 -0.222523 8.3395e-17)
(0.0381108 -0.224612 -4.73993e-17)
(0.211824 -0.253726 0)
(0.333486 -0.309849 -1.12198e-16)
(-0.123421 -0.346235 -2.4634e-18)
(-0.179858 -0.328322 0)
(-0.230119 -0.299723 0)
(-0.268338 -0.2619 7.93219e-18)
(-0.286349 -0.2175 2.78449e-17)
(-0.275375 -0.171813 -2.69772e-17)
(-0.228188 -0.13242 2.64767e-17)
(-0.140327 -0.108306 -3.02202e-17)
(-0.0155962 -0.108156 -7.19867e-17)
(0.129288 -0.144673 2.09452e-21)
(0.26489 -0.211363 7.00369e-17)
(0.34678 -0.281512 0)
(-0.112831 -0.248519 1.26833e-18)
(-0.158366 -0.221499 -5.09718e-18)
(-0.196053 -0.183541 0)
(-0.220169 -0.13686 0)
(-0.223348 -0.0856791 -2.51433e-17)
(-0.198326 -0.0371925 -2.09093e-17)
(-0.140375 -0.00132041 0)
(-0.0483897 0.0111333 2.98682e-17)
(0.0686877 -0.00875951 2.65477e-17)
(0.192515 -0.0712609 5.6162e-17)
(0.299805 -0.16265 -1.36032e-16)
(0.339399 -0.248276 2.23082e-16)
(-0.0990674 -0.162837 -3.97643e-26)
(-0.134095 -0.12785 6.65078e-18)
(-0.160088 -0.0818619 -1.34336e-18)
(-0.171719 -0.0278345 -2.73833e-18)
(-0.162672 0.0288144 5.7217e-18)
(-0.127393 0.0794489 2.13039e-17)
(-0.0635259 0.11243 0)
(0.0276644 0.116033 0)
(0.133973 0.0820327 3.59354e-17)
(0.237652 0.00134228 0)
(0.319522 -0.107949 5.24306e-17)
(0.320693 -0.204809 -2.07038e-16)
(-0.0827945 -0.0886812 2.89186e-18)
(-0.107812 -0.0470278 5.74679e-18)
(-0.123076 0.00565221 1.151e-17)
(-0.123802 0.0657593 0)
(-0.104822 0.127025 3.02464e-18)
(-0.0623001 0.179923 -9.63315e-18)
(0.00406256 0.211609 1.40245e-17)
(0.0916719 0.209973 -4.7798e-17)
(0.185832 0.167684 -2.86544e-17)
(0.269752 0.0751644 0)
(0.326249 -0.0485132 1.53969e-16)
(0.288516 -0.157724 2.64685e-16)
(-0.0645676 -0.0249686 -6.66763e-18)
(-0.0800797 0.0220084 -6.5876e-18)
(-0.0854833 0.0801208 -1.31276e-17)
(-0.0766606 0.14528 3.31578e-18)
(-0.0495662 0.210715 -2.18609e-20)
(-0.00200811 0.26646 -3.63222e-18)
(0.0645697 0.298819 0)
(0.147113 0.295572 -2.80841e-20)
(0.228146 0.250046 -1.09596e-17)
(0.291673 0.151003 1.31615e-16)
(0.320875 0.0148345 -1.80584e-16)
(0.24705 -0.108118 -3.13739e-16)
(-0.0451842 0.0301355 4.35852e-18)
(-0.0516509 0.0811749 -8.57892e-18)
(-0.0478867 0.143621 1.70228e-17)
(-0.0305155 0.21303 0)
(0.00349439 0.282504 0)
(0.0546965 0.341835 -2.79419e-17)
(0.120181 0.376757 3.00136e-17)
(0.196933 0.375131 1.33622e-16)
(0.263983 0.330019 1.07319e-16)
(0.305721 0.228362 1.81849e-17)
(0.304882 0.0803318 -2.95151e-17)
(0.195627 -0.056394 0)
(-0.0268975 0.0803395 0)
(-0.0248871 0.134383 1.50013e-17)
(-0.0125548 0.200321 -2.9645e-17)
(0.0128022 0.273383 7.29249e-18)
(0.0534429 0.346964 -7.19824e-18)
(0.10799 0.410276 5.74769e-17)
(0.173087 0.449424 -5.91207e-17)
(0.242401 0.451869 -1.2846e-16)
(0.295357 0.40714 -1.51335e-16)
(0.311874 0.305515 -1.98254e-16)
(0.274297 0.153653 3.5731e-16)
(0.139569 0.00011056 -7.2404e-17)
(-0.0121862 0.134162 4.62019e-17)
(-0.00293477 0.189126 -8.29286e-17)
(0.0162345 0.256817 0)
(0.0472286 0.332033 -1.34628e-16)
(0.09183 0.409842 -1.24065e-16)
(0.146841 0.475746 0)
(0.20727 0.526149 2.84839e-17)
(0.273433 0.522701 -7.86627e-17)
(0.294268 0.468694 1.75901e-20)
(0.282462 0.370483 3.61574e-17)
(0.23353 0.223236 -8.71095e-16)
(0.114855 0.033225 0)
(-0.193143 -0.493391 -9.6867e-17)
(-0.307489 -0.477504 -3.71123e-17)
(-0.349824 -0.4996 2.89245e-17)
(-0.387945 -0.50381 0)
(-0.435611 -0.486729 2.02963e-17)
(-0.496465 -0.452975 4.88261e-18)
(-0.567396 -0.402198 -1.41505e-17)
(-0.641268 -0.33377 -6.90511e-18)
(-0.709895 -0.250121 -1.13138e-17)
(-0.764639 -0.155463 0)
(-0.803628 -0.0606902 4.52756e-18)
(-0.82847 0.034716 -1.15492e-18)
(-0.221953 -0.165954 0)
(-0.228002 -0.334425 4.19354e-17)
(-0.256649 -0.400452 -3.04816e-17)
(-0.299221 -0.42466 0)
(-0.348234 -0.417207 1.56926e-17)
(-0.406912 -0.38808 5.01291e-18)
(-0.471792 -0.341238 -1.93383e-17)
(-0.536725 -0.278663 -1.75097e-20)
(-0.595076 -0.203694 0)
(-0.640661 -0.120432 0)
(-0.672758 -0.0367755 0)
(-0.693334 0.0480132 -1.16578e-18)
(-0.243052 -0.0118258 0)
(-0.175304 -0.211712 2.77837e-17)
(-0.188143 -0.312706 3.21818e-17)
(-0.225365 -0.351385 0)
(-0.272527 -0.353629 -1.62561e-17)
(-0.327365 -0.329895 1.03743e-17)
(-0.385973 -0.28768 2.73821e-17)
(-0.442679 -0.231106 -4.83318e-18)
(-0.491964 -0.164247 -7.08348e-18)
(-0.52928 -0.0909799 0)
(-0.554384 -0.0171113 -4.67042e-18)
(-0.569127 0.0580675 1.17715e-18)
(-0.25077 0.0867233 0)
(-0.135624 -0.117806 -4.06718e-17)
(-0.134144 -0.236612 -5.50969e-17)
(-0.162558 -0.2849 0)
(-0.205975 -0.295606 -5.67821e-18)
(-0.256351 -0.2777 -1.6199e-17)
(-0.309081 -0.24062 2.07184e-17)
(-0.358566 -0.190137 9.98414e-18)
(-0.400042 -0.130964 -7.9329e-21)
(-0.429945 -0.0667226 1.19665e-18)
(-0.448138 -0.00180635 4.16635e-18)
(-0.45612 0.0642925 -5.99205e-19)
(-0.246717 0.150611 3.88248e-17)
(-0.100726 -0.0454105 -2.246e-17)
(-0.0878578 -0.170065 2.98882e-17)
(-0.107403 -0.22468 6.45138e-18)
(-0.146577 -0.242475 3.00791e-17)
(-0.192732 -0.23065 -5.6981e-18)
(-0.240376 -0.199108 -4.07682e-17)
(-0.28378 -0.15481 -4.67495e-21)
(-0.318658 -0.10302 1.01221e-17)
(-0.341997 -0.0471733 -1.2409e-17)
(-0.353642 0.00927766 0)
(-0.35464 0.0665797 2.44997e-18)
(-0.231149 0.189936 0)
(-0.0662378 0.0124087 -1.25764e-17)
(-0.0450182 -0.110551 8.23267e-18)
(-0.0572227 -0.169388 0)
(-0.0927262 -0.193263 -1.93847e-17)
(-0.135509 -0.187769 -2.43715e-17)
(-0.179127 -0.162173 1.73475e-17)
(-0.217657 -0.124211 -2.76439e-18)
(-0.24707 -0.0796262 2.67306e-18)
(-0.264718 -0.0317758 1.04044e-17)
(-0.270375 0.0165041 0)
(-0.264717 0.0651796 -2.53719e-18)
(-0.204233 0.211308 3.17754e-16)
(-0.0297304 0.0600492 1.01446e-16)
(-0.00281008 -0.0557743 3.66391e-21)
(-0.00998735 -0.117403 7.74662e-18)
(-0.0430866 -0.146772 2.83759e-17)
(-0.0837451 -0.147982 3.32583e-17)
(-0.124556 -0.128827 -6.29092e-18)
(-0.159432 -0.0974508 0)
(-0.184463 -0.0600324 0)
(-0.197284 -0.0199361 0)
(-0.197649 0.0203656 4.76011e-18)
(-0.185996 0.0605574 6.7123e-19)
(-0.164023 0.217068 -2.98745e-16)
(0.00889983 0.0997417 -1.55253e-16)
(0.0406463 -0.00390544 0)
(0.0358115 -0.0670467 0)
(0.00347568 -0.101667 -5.6443e-17)
(-0.036493 -0.11011 3.01004e-17)
(-0.0758086 -0.0980427 -3.18184e-17)
(-0.108214 -0.0736441 -3.34143e-17)
(-0.129879 -0.0434981 3.1919e-18)
(-0.138712 -0.0110516 -1.53439e-18)
(-0.134553 0.0214037 -4.47806e-18)
(-0.117746 0.0532622 -2.92793e-18)
(-0.113026 0.21034 0)
(0.0497797 0.131415 -2.16127e-17)
(0.0864854 0.0459159 1.30899e-17)
(0.081273 -0.0169226 1.06957e-17)
(0.0481522 -0.0565488 3.90063e-17)
(0.00735325 -0.0728583 -3.63002e-17)
(-0.0318527 -0.0687152 2.53716e-17)
(-0.0629175 -0.051866 6.3471e-17)
(-0.0821255 -0.0292817 0)
(-0.0877482 -0.00450591 1.79829e-18)
(-0.0798463 0.0201582 -1.74346e-18)
(-0.0588011 0.043816 3.39463e-18)
(-0.0519305 0.195702 0)
(0.091417 0.156134 -2.88158e-17)
(0.134835 0.0935355 1.96072e-20)
(0.127838 0.0336353 1.31599e-16)
(0.0930094 -0.0102673 -1.20991e-16)
(0.0498791 -0.0349111 7.48833e-17)
(0.00907628 -0.0396911 -5.77614e-18)
(-0.0218731 -0.0311673 -5.34041e-17)
(-0.0395014 -0.0165999 5.01769e-18)
(-0.0426234 0.000419265 1.91072e-17)
(-0.0317245 0.0173473 0)
(-0.00734947 0.0329696 4.46373e-18)
(0.0159115 0.15932 0)
(0.138292 0.166083 0)
(0.184763 0.13673 0)
(0.178101 0.0847361 -2.08002e-16)
(0.142899 0.0386806 4.12459e-16)
(0.0963237 0.00531995 -1.12539e-16)
(0.0512245 -0.0100128 1.03421e-17)
(0.0186256 -0.0108346 -9.5655e-18)
(0.00138066 -0.00451824 0)
(0.000111975 0.00494477 -7.19226e-17)
(0.0133318 0.0145901 3.84685e-17)
(0.0401887 0.022681 -9.80099e-18)
(0.0503495 0.127462 7.77273e-16)
(0.15196 0.173245 0)
(0.224304 0.176768 -7.00055e-17)
(0.226348 0.138125 4.5519e-16)
(0.200261 0.0952868 -3.55485e-16)
(0.153013 0.0508103 -1.16465e-16)
(0.101256 0.0209796 3.62051e-16)
(0.0666823 0.0100705 -6.60996e-17)
(0.0497237 0.0084752 2.99613e-17)
(0.0502671 0.0108331 2.25285e-16)
(0.0647998 0.0137994 -1.10056e-16)
(0.0931466 0.0151015 -5.10545e-17)
(-0.847464 0.124379 -1.18952e-18)
(-0.867723 0.22184 -1.23935e-18)
(-0.882049 0.323171 1.30227e-18)
(-0.889947 0.425266 0)
(-0.887093 0.521541 -1.45198e-17)
(-0.87082 0.602241 -9.27481e-18)
(-0.83924 0.656354 3.319e-17)
(-0.79182 0.672719 2.14702e-17)
(-0.728174 0.641213 0)
(-0.647589 0.554108 -1.44219e-19)
(-0.531227 0.38425 -5.52874e-17)
(-0.404895 0.149924 -8.62006e-17)
(-0.707795 0.130619 -2.38825e-18)
(-0.719847 0.21909 -1.23068e-18)
(-0.724391 0.308724 -9.00251e-18)
(-0.72101 0.395326 2.70501e-18)
(-0.706845 0.47114 8.62811e-18)
(-0.68086 0.52591 -3.09651e-17)
(-0.642695 0.54843 -2.03708e-17)
(-0.592798 0.527031 0)
(-0.531014 0.449462 0)
(-0.460647 0.304077 -3.54855e-17)
(-0.361867 0.0467733 -1.92159e-17)
(-0.33974 -0.248053 -1.61387e-16)
(-0.576761 0.13265 5.99723e-19)
(-0.578993 0.210959 5.52953e-18)
(-0.57227 0.287717 1.01789e-17)
(-0.556644 0.357829 0)
(-0.531011 0.412863 -8.54046e-18)
(-0.496278 0.44247 3.99508e-17)
(-0.454382 0.435845 -2.03522e-17)
(-0.408251 0.382148 0)
(-0.360891 0.271447 0)
(-0.322756 0.0999965 0)
(-0.29017 -0.126678 0)
(-0.313144 -0.311111 1.29005e-16)
(-0.455774 0.130173 0)
(-0.447769 0.197638 -3.6938e-18)
(-0.429702 0.261052 -1.26896e-18)
(-0.402319 0.314747 2.64331e-18)
(-0.366419 0.350159 5.6203e-18)
(-0.325101 0.357438 -2.72709e-17)
(-0.283139 0.327171 6.7726e-18)
(-0.2467 0.251246 0)
(-0.222443 0.126352 -3.70418e-17)
(-0.224561 -0.0382547 3.55432e-17)
(-0.253699 -0.211873 -5.6848e-17)
(-0.309814 -0.333463 -1.12237e-16)
(-0.34605 0.123388 1.84963e-18)
(-0.328123 0.1798 6.23474e-19)
(-0.299513 0.230024 0)
(-0.261689 0.268202 -2.63429e-18)
(-0.217304 0.286164 -1.67111e-17)
(-0.171643 0.275148 -3.0057e-18)
(-0.132291 0.227942 2.39598e-20)
(-0.108219 0.140089 -3.02285e-17)
(-0.108099 0.015415 2.70148e-17)
(-0.144638 -0.129387 -3.40771e-17)
(-0.211341 -0.264915 7.00276e-17)
(-0.281476 -0.346747 -9.41885e-20)
(-0.248281 0.112794 -3.17072e-18)
(-0.221255 0.158305 1.91027e-18)
(-0.183297 0.195954 -1.29483e-18)
(-0.136625 0.220032 2.65855e-18)
(-0.0854721 0.223167 2.23481e-17)
(-0.0370214 0.19811 2.96096e-18)
(-0.00119958 0.140154 1.97002e-17)
(0.0112048 0.0481835 5.22901e-17)
(-0.00871508 -0.0688313 8.86302e-18)
(-0.0712344 -0.192582 0)
(-0.162632 -0.299811 0)
(-0.248237 -0.339364 1.11413e-16)
(-0.162552 0.0990277 -1.98887e-26)
(-0.127567 0.134033 -3.99714e-18)
(-0.0815873 0.159988 -1.20703e-17)
(-0.0275772 0.171587 0)
(0.0290312 0.1625 0)
(0.0796235 0.127194 -6.07147e-18)
(0.112546 0.06333 6.68383e-18)
(0.116095 -0.0278403 -6.04463e-17)
(0.0820715 -0.134086 -4.49351e-17)
(0.00136432 -0.237695 2.31735e-17)
(-0.107935 -0.319513 1.22706e-16)
(-0.204774 -0.32066 2.36993e-16)
(-0.0883536 0.0827532 2.1711e-18)
(-0.046708 0.107754 7.90085e-18)
(0.00595394 0.122981 2.15829e-17)
(0.0660355 0.123679 -2.34514e-17)
(0.127251 0.104662 -2.12642e-17)
(0.180102 0.0621191 -9.6367e-18)
(0.211726 -0.00423039 7.03374e-18)
(0.21003 -0.0918214 3.18567e-17)
(0.167721 -0.18592 1.14774e-16)
(0.0751844 -0.269773 1.00432e-16)
(-0.0485071 -0.326233 2.32564e-19)
(-0.157682 -0.288486 4.00675e-19)
(-0.0246025 0.0645315 -3.3343e-18)
(0.0223614 0.0800221 -6.59254e-18)
(0.0804464 0.0853978 -1.3132e-17)
(0.145574 0.0765469 4.99242e-17)
(0.210946 0.0494228 2.74717e-17)
(0.266646 0.00185094 3.63359e-18)
(0.298937 -0.0647148 -3.15059e-17)
(0.295625 -0.147232 0)
(0.250083 -0.228213 7.43232e-20)
(0.151016 -0.291679 -2.33968e-16)
(0.0148387 -0.320849 -2.03289e-16)
(-0.108078 -0.247037 3.96047e-17)
(0.0305334 0.0451606 0)
(0.081557 0.0515901 1.07138e-17)
(0.143969 0.0478127 -1.91602e-17)
(0.213337 0.0304072 -3.4337e-17)
(0.282743 -0.00362124 -3.09676e-17)
(0.342027 -0.0548256 -1.39348e-17)
(0.376875 -0.120307 1.05872e-20)
(0.375184 -0.197022 -7.79797e-17)
(0.330052 -0.264031 -2.28054e-16)
(0.228366 -0.30572 1.62292e-16)
(0.0803387 -0.304851 0)
(-0.0563706 -0.195625 -7.99107e-16)
(0.0807612 0.0268834 0)
(0.13479 0.0248274 -2.62963e-17)
(0.200684 0.0124831 2.5937e-17)
(0.2737 -0.0129077 -7.29344e-18)
(0.347208 -0.0535537 1.22047e-16)
(0.410467 -0.108098 5.75809e-17)
(0.449545 -0.173192 5.91346e-17)
(0.451916 -0.242465 1.28494e-16)
(0.407162 -0.295388 1.51379e-16)
(0.305508 -0.311865 0)
(0.153652 -0.274275 0)
(0.000131532 -0.139579 5.80124e-16)
(0.134588 0.0121871 -2.30905e-17)
(0.189542 0.00287909 1.76103e-16)
(0.257178 -0.0162987 6.50235e-17)
(0.332351 -0.0473254 1.3461e-16)
(0.41008 -0.0919204 -1.23954e-16)
(0.475923 -0.146919 -2.90735e-17)
(0.52627 -0.207348 2.86518e-17)
(0.522721 -0.273461 -3.92648e-17)
(0.468688 -0.294271 3.08768e-17)
(0.370467 -0.28245 0)
(0.223226 -0.233516 0)
(0.0332395 -0.114859 1.20602e-15)
(-0.493169 0.192886 0)
(-0.477372 0.307093 -3.69428e-17)
(-0.499473 0.349396 5.79329e-18)
(-0.503687 0.387528 0)
(-0.486623 0.435229 0)
(-0.452897 0.496137 4.88609e-18)
(-0.402153 0.567138 7.0664e-18)
(-0.333762 0.641089 -2.30102e-18)
(-0.250148 0.709797 9.05252e-18)
(-0.155523 0.764612 0)
(-0.0607938 0.803652 4.53058e-18)
(0.0345704 0.828555 1.15839e-18)
(-0.165929 0.221628 0)
(-0.334363 0.227634 0)
(-0.400367 0.256279 -2.44309e-17)
(-0.424565 0.298877 0)
(-0.417112 0.347932 -5.22693e-18)
(-0.387998 0.406668 1.00281e-17)
(-0.341179 0.471615 -2.41896e-17)
(-0.278632 0.53662 -2.34473e-18)
(-0.203695 0.595043 2.3096e-18)
(-0.120468 0.64069 9.17828e-18)
(-0.0368592 0.672831 0)
(0.0478721 0.693465 -1.1645e-18)
(-0.01193 0.242693 0)
(-0.211728 0.174979 -9.24717e-18)
(-0.312665 0.18784 3.86104e-17)
(-0.351325 0.225104 -5.73628e-18)
(-0.353553 0.272309 0)
(-0.329816 0.327203 -1.55692e-17)
(-0.287611 0.385873 3.48862e-17)
(-0.231057 0.442642 0)
(-0.164226 0.491986 0)
(-0.0909947 0.529354 -8.17658e-18)
(-0.0171781 0.554492 3.50424e-18)
(0.0579331 0.569287 1.17916e-18)
(0.0865254 0.250403 0)
(-0.117893 0.135354 0)
(-0.236618 0.133917 -2.75782e-17)
(-0.284877 0.162382 6.03998e-18)
(-0.295554 0.205842 -5.686e-18)
(-0.27763 0.256271 4.86672e-17)
(-0.240546 0.309053 -5.16613e-18)
(-0.190075 0.358589 1.24968e-17)
(-0.130926 0.40011 -1.21818e-17)
(-0.0667219 0.430053 9.59548e-18)
(-0.00185856 0.448272 -4.76789e-18)
(0.0641665 0.456297 -1.19694e-18)
(0.150352 0.246363 0)
(-0.0455557 0.100521 4.48956e-17)
(-0.170121 0.0877091 2.99004e-17)
(-0.224695 0.107311 0)
(-0.242452 0.146529 -1.80667e-17)
(-0.230594 0.192729 -3.41915e-17)
(-0.199037 0.240416 -3.53552e-17)
(-0.154742 0.283857 7.847e-18)
(-0.102972 0.318767 1.0135e-17)
(-0.0471613 0.342134 -9.92789e-18)
(0.00923641 0.353797 0)
(0.0664634 0.354826 0)
(0.189641 0.230828 0)
(0.0122147 0.0661039 -5.03574e-17)
(-0.110655 0.0449501 8.23262e-18)
(-0.169444 0.0572154 -7.00264e-18)
(-0.193272 0.0927612 2.58639e-17)
(-0.187734 0.13558 6.09107e-18)
(-0.16211 0.179228 1.736e-17)
(-0.124143 0.217782 -4.70713e-17)
(-0.0795731 0.247214 2.67502e-18)
(-0.0317571 0.264877 -1.30003e-18)
(0.0164713 0.270546 1.28141e-18)
(0.0650737 0.264909 0)
(0.211003 0.203966 0)
(0.0598165 0.0296683 -1.15992e-16)
(-0.0559252 0.0028228 0)
(-0.117501 0.0100628 -3.10017e-17)
(-0.146818 0.0432007 2.13006e-17)
(-0.147972 0.0838851 3.99498e-17)
(-0.128778 0.124714 -3.15225e-18)
(-0.0973876 0.1596 2.09451e-17)
(-0.0599796 0.184635 0)
(-0.0199149 0.197461 -1.39017e-18)
(0.0203388 0.197832 1.36238e-18)
(0.0604657 0.186192 0)
(0.216768 0.163822 0)
(0.0994835 -0.00889238 -1.73253e-17)
(-0.00409906 -0.0405534 1.074e-17)
(-0.0671869 -0.0356561 -3.54398e-17)
(-0.101752 -0.00328822 -6.45467e-17)
(-0.110131 0.036696 -2.25966e-17)
(-0.0980127 0.0760166 -7.07801e-18)
(-0.0735917 0.108417 -3.00895e-17)
(-0.0434511 0.130072 3.19403e-18)
(-0.0110315 0.1389 -1.38355e-17)
(0.021382 0.134744 1.49648e-18)
(0.0531865 0.117947 0)
(0.210064 0.1129 -3.93615e-16)
(0.131146 -0.0497078 1.72954e-16)
(0.0456856 -0.0863145 -9.16502e-17)
(-0.0171028 -0.0810434 -1.07178e-17)
(-0.0566734 -0.0478974 3.90383e-17)
(-0.0729142 -0.00709326 9.07281e-18)
(-0.0687094 0.0321029 -8.46994e-18)
(-0.0518302 0.063146 6.74311e-22)
(-0.0292443 0.0823312 0)
(-0.00448908 0.0879403 1.44131e-17)
(0.0201426 0.0800403 0)
(0.0437555 0.0590107 0)
(0.195455 0.0518876 4.99793e-16)
(0.155864 -0.0912911 -2.59647e-16)
(0.0932768 -0.134592 1.59755e-16)
(0.0334202 -0.127542 1.17053e-16)
(-0.0104307 -0.0926937 1.34497e-17)
(-0.0350051 -0.0495662 4.99366e-17)
(-0.0397144 -0.00879021 -5.19046e-17)
(-0.0311532 0.0221179 3.20603e-17)
(-0.0165763 0.0397089 5.02034e-18)
(0.000430828 0.0428092 1.91184e-17)
(0.0173369 0.031914 -9.20419e-18)
(0.0329211 0.00757055 0)
(0.159146 -0.0158932 0)
(0.165844 -0.138092 3.03524e-16)
(0.13646 -0.184462 -2.64261e-16)
(0.0844969 -0.177749 5.20496e-17)
(0.0384847 -0.14253 -4.85544e-17)
(0.00518487 -0.0959554 -9.00512e-17)
(-0.0100696 -0.0509048 1.13926e-16)
(-0.0108457 -0.0183733 -9.5696e-18)
(-0.00451372 -0.00118517 0)
(0.00494686 5.25679e-05 -3.38647e-17)
(0.0145755 -0.013159 4.86137e-17)
(0.022631 -0.0399638 0)
(0.127306 -0.0502741 -7.78275e-16)
(0.173025 -0.151793 4.80808e-16)
(0.176496 -0.224001 5.60839e-16)
(0.137867 -0.225978 0)
(0.0950604 -0.199872 -4.06599e-16)
(0.0506148 -0.152592 -4.08362e-16)
(0.0208871 -0.100921 1.97639e-16)
(0.0100384 -0.0664498 -3.30514e-17)
(0.00846409 -0.0495734 2.99775e-17)
(0.0108272 -0.0501556 0)
(0.0137772 -0.0646777 1.50765e-20)
(0.0150402 -0.0929417 2.55503e-17)
)
;

boundaryField
{
    rotor
    {
        type            fixedValue;
        value           nonuniform List<vector> 
192
(
(0.0684902 2.09216 -0)
(0.205177 2.0832 -0)
(0.340986 2.06532 -0)
(0.475334 2.0386 -0)
(0.607647 2.00314 -0)
(0.737357 1.95911 -0)
(0.863911 1.90669 -0)
(0.986765 1.84611 -0)
(1.10539 1.77762 -0)
(1.21929 1.70151 -0)
(1.32796 1.61813 -0)
(1.43095 1.52781 -0)
(1.52781 1.43095 -0)
(1.61813 1.32796 -0)
(1.70151 1.21929 -0)
(1.77762 1.10539 -0)
(1.84611 0.986765 -0)
(1.90669 0.863911 -0)
(1.95911 0.737358 -0)
(2.00314 0.607647 -0)
(2.0386 0.475334 -0)
(2.06532 0.340986 -0)
(2.0832 0.205177 -0)
(2.09216 0.0684902 -0)
(2.09216 -0.0684902 0)
(2.0832 -0.205177 0)
(2.06532 -0.340986 0)
(2.0386 -0.475334 0)
(2.00314 -0.607647 0)
(1.95911 -0.737357 0)
(1.90669 -0.863911 0)
(1.84611 -0.986765 0)
(1.77762 -1.10539 0)
(1.70151 -1.21929 0)
(1.61813 -1.32796 0)
(1.52781 -1.43095 0)
(1.43095 -1.52781 0)
(1.32796 -1.61813 0)
(1.21929 -1.70151 0)
(1.10539 -1.77762 0)
(0.986765 -1.84611 0)
(0.863911 -1.90669 0)
(0.737357 -1.95911 0)
(0.607647 -2.00314 0)
(0.475334 -2.0386 0)
(0.340986 -2.06532 0)
(0.205177 -2.0832 0)
(0.0684901 -2.09216 0)
(-0.0684902 -2.09216 0)
(-0.205177 -2.0832 0)
(-0.340986 -2.06532 0)
(-0.475334 -2.0386 0)
(-0.607647 -2.00314 0)
(-0.737358 -1.95911 0)
(-0.863911 -1.90669 0)
(-0.986765 -1.84611 0)
(-1.10539 -1.77762 0)
(-1.21929 -1.70151 0)
(-1.32796 -1.61813 0)
(-1.43095 -1.52781 0)
(-1.52781 -1.43095 0)
(-1.61813 -1.32796 0)
(-1.70151 -1.21929 0)
(-1.77762 -1.10539 0)
(-1.84611 -0.986765 0)
(-1.90669 -0.863911 0)
(-1.95911 -0.737357 0)
(-2.00314 -0.607647 0)
(-2.0386 -0.475334 0)
(-2.06532 -0.340986 0)
(-2.0832 -0.205177 0)
(-2.09216 -0.0684902 0)
(-2.09216 0.0684902 0)
(-2.0832 0.205177 0)
(-2.06532 0.340986 0)
(-2.0386 0.475334 0)
(-2.00314 0.607647 0)
(-1.95911 0.737358 0)
(-1.90669 0.863911 0)
(-1.84611 0.986765 0)
(-1.77762 1.10539 0)
(-1.70151 1.21929 0)
(-1.61813 1.32796 0)
(-1.52781 1.43095 0)
(-1.43095 1.52781 0)
(-1.32796 1.61813 0)
(-1.21929 1.70151 0)
(-1.10539 1.77762 0)
(-0.986765 1.84611 0)
(-0.863911 1.90669 0)
(-0.737357 1.95911 0)
(-0.607647 2.00314 0)
(-0.475334 2.0386 0)
(-0.340986 2.06532 0)
(-0.205177 2.0832 0)
(-0.0684902 2.09216 0)
(0 2.2253 0)
(0 2.4871 0)
(0 2.7489 0)
(0 3.0107 0)
(0 3.2725 0)
(0 3.5343 0)
(0 3.7961 0)
(0 4.0579 0)
(0 4.3197 0)
(0 4.5815 0)
(0 4.8433 0)
(0 5.1051 0)
(0 2.2253 0)
(0 2.4871 0)
(0 2.7489 0)
(0 3.0107 0)
(0 3.2725 0)
(0 3.5343 0)
(0 3.7961 0)
(0 4.0579 0)
(0 4.3197 0)
(0 4.5815 0)
(0 4.8433 0)
(0 5.1051 0)
(2.2253 3.99418e-09 -0)
(2.4871 4.46409e-09 -0)
(2.7489 4.93399e-09 -0)
(3.0107 5.4039e-09 -0)
(3.2725 5.8738e-09 -0)
(3.5343 6.3437e-09 -0)
(3.7961 6.81361e-09 -0)
(4.0579 7.28351e-09 -0)
(4.3197 7.75342e-09 -0)
(4.5815 8.22332e-09 -0)
(4.8433 8.69322e-09 -0)
(5.1051 9.16313e-09 -0)
(2.2253 3.99418e-09 -0)
(2.4871 4.46409e-09 -0)
(2.7489 4.93399e-09 -0)
(3.0107 5.4039e-09 -0)
(3.2725 5.8738e-09 -0)
(3.5343 6.3437e-09 -0)
(3.7961 6.81361e-09 -0)
(4.0579 7.28351e-09 -0)
(4.3197 7.75342e-09 -0)
(4.5815 8.22332e-09 -0)
(4.8433 8.69322e-09 -0)
(5.1051 9.16313e-09 -0)
(-7.98837e-09 -2.2253 0)
(-8.92818e-09 -2.4871 0)
(-9.86798e-09 -2.7489 0)
(-1.08078e-08 -3.0107 0)
(-1.17476e-08 -3.2725 0)
(-1.26874e-08 -3.5343 0)
(-1.36272e-08 -3.7961 0)
(-1.4567e-08 -4.0579 0)
(-1.55068e-08 -4.3197 0)
(-1.64466e-08 -4.5815 0)
(-1.73864e-08 -4.8433 0)
(-1.83263e-08 -5.1051 0)
(-7.98837e-09 -2.2253 0)
(-8.92818e-09 -2.4871 0)
(-9.86798e-09 -2.7489 0)
(-1.08078e-08 -3.0107 0)
(-1.17476e-08 -3.2725 0)
(-1.26874e-08 -3.5343 0)
(-1.36272e-08 -3.7961 0)
(-1.4567e-08 -4.0579 0)
(-1.55068e-08 -4.3197 0)
(-1.64466e-08 -4.5815 0)
(-1.73864e-08 -4.8433 0)
(-1.83263e-08 -5.1051 0)
(-2.2253 3.99418e-09 0)
(-2.4871 4.46409e-09 0)
(-2.7489 4.93399e-09 0)
(-3.0107 5.4039e-09 0)
(-3.2725 5.8738e-09 0)
(-3.5343 6.3437e-09 0)
(-3.7961 6.81361e-09 0)
(-4.0579 7.28351e-09 0)
(-4.3197 7.75342e-09 0)
(-4.5815 8.22332e-09 0)
(-4.8433 8.69322e-09 0)
(-5.1051 9.16313e-09 0)
(-2.2253 3.99418e-09 0)
(-2.4871 4.46409e-09 0)
(-2.7489 4.93399e-09 0)
(-3.0107 5.4039e-09 0)
(-3.2725 5.8738e-09 0)
(-3.5343 6.3437e-09 0)
(-3.7961 6.81361e-09 0)
(-4.0579 7.28351e-09 0)
(-4.3197 7.75342e-09 0)
(-4.5815 8.22332e-09 0)
(-4.8433 8.69322e-09 0)
(-5.1051 9.16313e-09 0)
)
;
    }
    stator
    {
        type            noSlip;
    }
    front
    {
        type            empty;
    }
    back
    {
        type            empty;
    }
}


// ************************************************************************* //
