/*--------------------------------*- C++ -*----------------------------------*\
| =========                 |                                                 |
| \\      /  F ield         | foam-extend: Open Source CFD                    |
|  \\    /   O peration     | Version:  3.0                                   |
|   \\  /    A nd           | Web:         http://www.extend-project.de       |
|    \\/     M anipulation  |                                                 |
\*---------------------------------------------------------------------------*/
FoamFile
{
    version     2.0;
    format      ascii;
    class       regIOobject;
    location    "constant/polyMesh";
    object      faceZones;
}
// * * * * * * * * * * * * * * * * * * * * * * * * * * * * * * * * * * * * * //

2
(
passageSidesUpper_0_faces
{
    type faceZone;
faceLabels      List<label> 
4578
(
465742
465743
465744
465745
465746
465747
465748
465749
465750
465751
465752
465753
465754
465755
465756
465757
465758
465759
465760
465761
465762
465763
465764
465765
465766
465767
465768
465769
465770
465771
465772
465773
465774
465775
465776
465777
465778
465779
465780
465781
465782
465783
465784
465785
465786
465787
465788
465789
465790
465791
465792
465793
465794
465795
465796
465797
465798
465799
465800
465801
465802
465803
465804
465805
465806
465807
465808
465809
465810
465811
465812
465813
465814
465815
465816
465817
465818
465819
465820
465821
465822
465823
465824
465825
465826
465827
465828
465829
465830
465831
465832
465833
465834
465835
465836
465837
465838
465839
465840
465841
465842
465843
465844
465845
465846
465847
465848
465849
465850
465851
465852
465853
465854
465855
465856
465857
465858
465859
465860
465861
465862
465863
465864
465865
465866
465867
465868
465869
465870
465871
465872
465873
465874
465875
465876
465877
465878
465879
465880
465881
465882
465883
465884
465885
465886
465887
465888
465889
465890
465891
465892
465893
465894
465895
465896
465897
465898
465899
465900
465901
465902
465903
465904
465905
465906
465907
465908
465909
465910
465911
465912
465913
465914
465915
465916
465917
465918
465919
465920
465921
465922
465923
465924
465925
465926
465927
465928
465929
465930
465931
465932
465933
465934
465935
465936
465937
465938
465939
465940
465941
465942
465943
465944
465945
465946
465947
465948
465949
465950
465951
465952
465953
465954
465955
465956
465957
465958
465959
465960
465961
465962
465963
465964
465965
465966
465967
465968
465969
465970
465971
465972
465973
465974
465975
465976
465977
465978
465979
465980
465981
465982
465983
465984
465985
465986
465987
465988
465989
465990
465991
465992
465993
465994
465995
465996
465997
465998
465999
466000
466001
466002
466003
466004
466005
466006
466007
466008
466009
466010
466011
466012
466013
466014
466015
466016
466017
466018
466019
466020
466021
466022
466023
466024
466025
466026
466027
466028
466029
466030
466031
466032
466033
466034
466035
466036
466037
466038
466039
466040
466041
466042
466043
466044
466045
466046
466047
466048
466049
466050
466051
466052
466053
466054
466055
466056
466057
466058
466059
466060
466061
466062
466063
466064
466065
466066
466067
466068
466069
466070
466071
466072
466073
466074
466075
466076
466077
466078
466079
466080
466081
466082
466083
466084
466085
466086
466087
466088
466089
466090
466091
466092
466093
466094
466095
466096
466097
466098
466099
466100
466101
466102
466103
466104
466105
466106
466107
466108
466109
466110
466111
466112
466113
466114
466115
466116
466117
466118
466119
466120
466121
466122
466123
466124
466125
466126
466127
466128
466129
466130
466131
466132
466133
466134
466135
466136
466137
466138
466139
466140
466141
466142
466143
466144
466145
466146
466147
466148
466149
466150
466151
466152
466153
466154
466155
466156
466157
466158
466159
466160
466161
466162
466163
466164
466165
466166
466167
466168
466169
466170
466171
466172
466173
466174
466175
466176
466177
466178
466179
466180
466181
466182
466183
466184
466185
466186
466187
466188
466189
466190
466191
466192
466193
466194
466195
466196
466197
466198
466199
466200
466201
466202
466203
466204
466205
466206
466207
466208
466209
466210
466211
466212
466213
466214
466215
466216
466217
466218
466219
466220
466221
466222
466223
466224
466225
466226
466227
466228
466229
466230
466231
466232
466233
466234
466235
466236
466237
466238
466239
466240
466241
466242
466243
466244
466245
466246
466247
466248
466249
466250
466251
466252
466253
466254
466255
466256
466257
466258
466259
466260
466261
466262
466263
466264
466265
466266
466267
466268
466269
466270
466271
466272
466273
466274
466275
466276
466277
466278
466279
466280
466281
466282
466283
466284
466285
466286
466287
466288
466289
466290
466291
466292
466293
466294
466295
466296
466297
466298
466299
466300
466301
466302
466303
466304
466305
466306
466307
466308
466309
466310
466311
466312
466313
466314
466315
466316
466317
466318
466319
466320
466321
466322
466323
466324
466325
466326
466327
466328
466329
466330
466331
466332
466333
466334
466335
466336
466337
466338
466339
466340
466341
466342
466343
466344
466345
466346
466347
466348
466349
466350
466351
466352
466353
466354
466355
466356
466357
466358
466359
466360
466361
466362
466363
466364
466365
466366
466367
466368
466369
466370
466371
466372
466373
466374
466375
466376
466377
466378
466379
466380
466381
466382
466383
466384
466385
466386
466387
466388
466389
466390
466391
466392
466393
466394
466395
466396
466397
466398
466399
466400
466401
466402
466403
466404
466405
466406
466407
466408
466409
466410
466411
466412
466413
466414
466415
466416
466417
466418
466419
466420
466421
466422
466423
466424
466425
466426
466427
466428
466429
466430
466431
466432
466433
466434
466435
466436
466437
466438
466439
466440
466441
466442
466443
466444
466445
466446
466447
466448
466449
466450
466451
466452
466453
466454
466455
466456
466457
466458
466459
466460
466461
466462
466463
466464
466465
466466
466467
466468
466469
466470
466471
466472
466473
466474
466475
466476
466477
466478
466479
466480
466481
466482
466483
466484
466485
466486
466487
466488
466489
466490
466491
466492
466493
466494
466495
466496
466497
466498
466499
466500
466501
466502
466503
466504
466505
466506
466507
466508
466509
466510
466511
466512
466513
466514
466515
466516
466517
466518
466519
466520
466521
466522
466523
466524
466525
466526
466527
466528
466529
466530
466531
466532
466533
466534
466535
466536
466537
466538
466539
466540
466541
466542
466543
466544
466545
466546
466547
466548
466549
466550
466551
466552
466553
466554
466555
466556
466557
466558
466559
466560
466561
466562
466563
466564
466565
466566
466567
466568
466569
466570
466571
466572
466573
466574
466575
466576
466577
466578
466579
466580
466581
466582
466583
466584
466585
466586
466587
466588
466589
466590
466591
466592
466593
466594
466595
466596
466597
466598
466599
466600
466601
466602
466603
466604
466605
466606
466607
466608
466609
466610
466611
466612
466613
466614
466615
466616
466617
466618
466619
466620
466621
466622
466623
466624
466625
466626
466627
466628
466629
466630
466631
466632
466633
466634
466635
466636
466637
466638
466639
466640
466641
466642
466643
466644
466645
466646
466647
466648
466649
466650
466651
466652
466653
466654
466655
466656
466657
466658
466659
466660
466661
466662
466663
466664
466665
466666
466667
466668
466669
466670
466671
466672
466673
466674
466675
466676
466677
466678
466679
466680
466681
466682
466683
466684
466685
466686
466687
466688
466689
466690
466691
466692
466693
466694
466695
466696
466697
466698
466699
466700
466701
466702
466703
466704
466705
466706
466707
466708
466709
466710
466711
466712
466713
466714
466715
466716
466717
466718
466719
466720
466721
466722
466723
466724
466725
466726
466727
466728
466729
466730
466731
466732
466733
466734
466735
466736
466737
466738
466739
466740
466741
466742
466743
466744
466745
466746
466747
466748
466749
466750
466751
466752
466753
466754
466755
466756
466757
466758
466759
466760
466761
466762
466763
466764
466765
466766
466767
466768
466769
466770
466771
466772
466773
466774
466775
466776
466777
466778
466779
466780
466781
466782
466783
466784
466785
466786
466787
466788
466789
466790
466791
466792
466793
466794
466795
466796
466797
466798
466799
466800
466801
466802
466803
466804
466805
466806
466807
466808
466809
466810
466811
466812
466813
466814
466815
466816
466817
466818
466819
466820
466821
466822
466823
466824
466825
466826
466827
466828
466829
466830
466831
466832
466833
466834
466835
466836
466837
466838
466839
466840
466841
466842
466843
466844
466845
466846
466847
466848
466849
466850
466851
466852
466853
466854
466855
466856
466857
466858
466859
466860
466861
466862
466863
466864
466865
466866
466867
466868
466869
466870
466871
466872
466873
466874
466875
466876
466877
466878
466879
466880
466881
466882
466883
466884
466885
466886
466887
466888
466889
466890
466891
466892
466893
466894
466895
466896
466897
466898
466899
466900
466901
466902
466903
466904
466905
466906
466907
466908
466909
466910
466911
466912
466913
466914
466915
466916
466917
466918
466919
466920
466921
466922
466923
466924
466925
466926
466927
466928
466929
466930
466931
466932
466933
466934
466935
466936
466937
466938
466939
466940
466941
466942
466943
466944
466945
466946
466947
466948
466949
466950
466951
466952
466953
466954
466955
466956
466957
466958
466959
466960
466961
466962
466963
466964
466965
466966
466967
466968
466969
466970
466971
466972
466973
466974
466975
466976
466977
466978
466979
466980
466981
466982
466983
466984
466985
466986
466987
466988
466989
466990
466991
466992
466993
466994
466995
466996
466997
466998
466999
467000
467001
467002
467003
467004
467005
467006
467007
467008
467009
467010
467011
467012
467013
467014
467015
467016
467017
467018
467019
467020
467021
467022
467023
467024
467025
467026
467027
467028
467029
467030
467031
467032
467033
467034
467035
467036
467037
467038
467039
467040
467041
467042
467043
467044
467045
467046
467047
467048
467049
467050
467051
467052
467053
467054
467055
467056
467057
467058
467059
467060
467061
467062
467063
467064
467065
467066
467067
467068
467069
467070
467071
467072
467073
467074
467075
467076
467077
467078
467079
467080
467081
467082
467083
467084
467085
467086
467087
467088
467089
467090
467091
467092
467093
467094
467095
467096
467097
467098
467099
467100
467101
467102
467103
467104
467105
467106
467107
467108
467109
467110
467111
467112
467113
467114
467115
467116
467117
467118
467119
467120
467121
467122
467123
467124
467125
467126
467127
467128
467129
467130
467131
467132
467133
467134
467135
467136
467137
467138
467139
467140
467141
467142
467143
467144
467145
467146
467147
467148
467149
467150
467151
467152
467153
467154
467155
467156
467157
467158
467159
467160
467161
467162
467163
467164
467165
467166
467167
467168
467169
467170
467171
467172
467173
467174
467175
467176
467177
467178
467179
467180
467181
467182
467183
467184
467185
467186
467187
467188
467189
467190
467191
467192
467193
467194
467195
467196
467197
467198
467199
467200
467201
467202
467203
467204
467205
467206
467207
467208
467209
467210
467211
467212
467213
467214
467215
467216
467217
467218
467219
467220
467221
467222
467223
467224
467225
467226
467227
467228
467229
467230
467231
467232
467233
467234
467235
467236
467237
467238
467239
467240
467241
467242
467243
467244
467245
467246
467247
467248
467249
467250
467251
467252
467253
467254
467255
467256
467257
467258
467259
467260
467261
467262
467263
467264
467265
467266
467267
467268
467269
467270
467271
467272
467273
467274
467275
467276
467277
467278
467279
467280
467281
467282
467283
467284
467285
467286
467287
467288
467289
467290
467291
467292
467293
467294
467295
467296
467297
467298
467299
467300
467301
467302
467303
467304
467305
467306
467307
467308
467309
467310
467311
467312
467313
467314
467315
467316
467317
467318
467319
467320
467321
467322
467323
467324
467325
467326
467327
467328
467329
467330
467331
467332
467333
467334
467335
467336
467337
467338
467339
467340
467341
467342
467343
467344
467345
467346
467347
467348
467349
467350
467351
467352
467353
467354
467355
467356
467357
467358
467359
467360
467361
467362
467363
467364
467365
467366
467367
467368
467369
467370
467371
467372
467373
467374
467375
467376
467377
467378
467379
467380
467381
467382
467383
467384
467385
467386
467387
467388
467389
467390
467391
467392
467393
467394
467395
467396
467397
467398
467399
467400
467401
467402
467403
467404
467405
467406
467407
467408
467409
467410
467411
467412
467413
467414
467415
467416
467417
467418
467419
467420
467421
467422
467423
467424
467425
467426
467427
467428
467429
467430
467431
467432
467433
467434
467435
467436
467437
467438
467439
467440
467441
467442
467443
467444
467445
467446
467447
467448
467449
467450
467451
467452
467453
467454
467455
467456
467457
467458
467459
467460
467461
467462
467463
467464
467465
467466
467467
467468
467469
467470
467471
467472
467473
467474
467475
467476
467477
467478
467479
467480
467481
467482
467483
467484
467485
467486
467487
467488
467489
467490
467491
467492
467493
467494
467495
467496
467497
467498
467499
467500
467501
467502
467503
467504
467505
467506
467507
467508
467509
467510
467511
467512
467513
467514
467515
467516
467517
467518
467519
467520
467521
467522
467523
467524
467525
467526
467527
467528
467529
467530
467531
467532
467533
467534
467535
467536
467537
467538
467539
467540
467541
467542
467543
467544
467545
467546
467547
467548
467549
467550
467551
467552
467553
467554
467555
467556
467557
467558
467559
467560
467561
467562
467563
467564
467565
467566
467567
467568
467569
467570
467571
467572
467573
467574
467575
467576
467577
467578
467579
467580
467581
467582
467583
467584
467585
467586
467587
467588
467589
467590
467591
467592
467593
467594
467595
467596
467597
467598
467599
467600
467601
467602
467603
467604
467605
467606
467607
467608
467609
467610
467611
467612
467613
467614
467615
467616
467617
467618
467619
467620
467621
467622
467623
467624
467625
467626
467627
467628
467629
467630
467631
467632
467633
467634
467635
467636
467637
467638
467639
467640
467641
467642
467643
467644
467645
467646
467647
467648
467649
467650
467651
467652
467653
467654
467655
467656
467657
467658
467659
467660
467661
467662
467663
467664
467665
467666
467667
467668
467669
467670
467671
467672
467673
467674
467675
467676
467677
467678
467679
467680
467681
467682
467683
467684
467685
467686
467687
467688
467689
467690
467691
467692
467693
467694
467695
467696
467697
467698
467699
467700
467701
467702
467703
467704
467705
467706
467707
467708
467709
467710
467711
467712
467713
467714
467715
467716
467717
467718
467719
467720
467721
467722
467723
467724
467725
467726
467727
467728
467729
467730
467731
467732
467733
467734
467735
467736
467737
467738
467739
467740
467741
467742
467743
467744
467745
467746
467747
467748
467749
467750
467751
467752
467753
467754
467755
467756
467757
467758
467759
467760
467761
467762
467763
467764
467765
467766
467767
467768
467769
467770
467771
467772
467773
467774
467775
467776
467777
467778
467779
467780
467781
467782
467783
467784
467785
467786
467787
467788
467789
467790
467791
467792
467793
467794
467795
467796
467797
467798
467799
467800
467801
467802
467803
467804
467805
467806
467807
467808
467809
467810
467811
467812
467813
467814
467815
467816
467817
467818
467819
467820
467821
467822
467823
467824
467825
467826
467827
467828
467829
467830
467831
467832
467833
467834
467835
467836
467837
467838
467839
467840
467841
467842
467843
467844
467845
467846
467847
467848
467849
467850
467851
467852
467853
467854
467855
467856
467857
467858
467859
467860
467861
467862
467863
467864
467865
467866
467867
467868
467869
467870
467871
467872
467873
467874
467875
467876
467877
467878
467879
467880
467881
467882
467883
467884
467885
467886
467887
467888
467889
467890
467891
467892
467893
467894
467895
467896
467897
467898
467899
467900
467901
467902
467903
467904
467905
467906
467907
467908
467909
467910
467911
467912
467913
467914
467915
467916
467917
467918
467919
467920
467921
467922
467923
467924
467925
467926
467927
467928
467929
467930
467931
467932
467933
467934
467935
467936
467937
467938
467939
467940
467941
467942
467943
467944
467945
467946
467947
467948
467949
467950
467951
467952
467953
467954
467955
467956
467957
467958
467959
467960
467961
467962
467963
467964
467965
467966
467967
467968
467969
467970
467971
467972
467973
467974
467975
467976
467977
467978
467979
467980
467981
467982
467983
467984
467985
467986
467987
467988
467989
467990
467991
467992
467993
467994
467995
467996
467997
467998
467999
468000
468001
468002
468003
468004
468005
468006
468007
468008
468009
468010
468011
468012
468013
468014
468015
468016
468017
468018
468019
468020
468021
468022
468023
468024
468025
468026
468027
468028
468029
468030
468031
468032
468033
468034
468035
468036
468037
468038
468039
468040
468041
468042
468043
468044
468045
468046
468047
468048
468049
468050
468051
468052
468053
468054
468055
468056
468057
468058
468059
468060
468061
468062
468063
468064
468065
468066
468067
468068
468069
468070
468071
468072
468073
468074
468075
468076
468077
468078
468079
468080
468081
468082
468083
468084
468085
468086
468087
468088
468089
468090
468091
468092
468093
468094
468095
468096
468097
468098
468099
468100
468101
468102
468103
468104
468105
468106
468107
468108
468109
468110
468111
468112
468113
468114
468115
468116
468117
468118
468119
468120
468121
468122
468123
468124
468125
468126
468127
468128
468129
468130
468131
468132
468133
468134
468135
468136
468137
468138
468139
468140
468141
468142
468143
468144
468145
468146
468147
468148
468149
468150
468151
468152
468153
468154
468155
468156
468157
468158
468159
468160
468161
468162
468163
468164
468165
468166
468167
468168
468169
468170
468171
468172
468173
468174
468175
468176
468177
468178
468179
468180
468181
468182
468183
468184
468185
468186
468187
468188
468189
468190
468191
468192
468193
468194
468195
468196
468197
468198
468199
468200
468201
468202
468203
468204
468205
468206
468207
468208
468209
468210
468211
468212
468213
468214
468215
468216
468217
468218
468219
468220
468221
468222
468223
468224
468225
468226
468227
468228
468229
468230
468231
468232
468233
468234
468235
468236
468237
468238
468239
468240
468241
468242
468243
468244
468245
468246
468247
468248
468249
468250
468251
468252
468253
468254
468255
468256
468257
468258
468259
468260
468261
468262
468263
468264
468265
468266
468267
468268
468269
468270
468271
468272
468273
468274
468275
468276
468277
468278
468279
468280
468281
468282
468283
468284
468285
468286
468287
468288
468289
468290
468291
468292
468293
468294
468295
468296
468297
468298
468299
468300
468301
468302
468303
468304
468305
468306
468307
468308
468309
468310
468311
468312
468313
468314
468315
468316
468317
468318
468319
468320
468321
468322
468323
468324
468325
468326
468327
468328
468329
468330
468331
468332
468333
468334
468335
468336
468337
468338
468339
468340
468341
468342
468343
468344
468345
468346
468347
468348
468349
468350
468351
468352
468353
468354
468355
468356
468357
468358
468359
468360
468361
468362
468363
468364
468365
468366
468367
468368
468369
468370
468371
468372
468373
468374
468375
468376
468377
468378
468379
468380
468381
468382
468383
468384
468385
468386
468387
468388
468389
468390
468391
468392
468393
468394
468395
468396
468397
468398
468399
468400
468401
468402
468403
468404
468405
468406
468407
468408
468409
468410
468411
468412
468413
468414
468415
468416
468417
468418
468419
468420
468421
468422
468423
468424
468425
468426
468427
468428
468429
468430
468431
468432
468433
468434
468435
468436
468437
468438
468439
468440
468441
468442
468443
468444
468445
468446
468447
468448
468449
468450
468451
468452
468453
468454
468455
468456
468457
468458
468459
468460
468461
468462
468463
468464
468465
468466
468467
468468
468469
468470
468471
468472
468473
468474
468475
468476
468477
468478
468479
468480
468481
468482
468483
468484
468485
468486
468487
468488
468489
468490
468491
468492
468493
468494
468495
468496
468497
468498
468499
468500
468501
468502
468503
468504
468505
468506
468507
468508
468509
468510
468511
468512
468513
468514
468515
468516
468517
468518
468519
468520
468521
468522
468523
468524
468525
468526
468527
468528
468529
468530
468531
468532
468533
468534
468535
468536
468537
468538
468539
468540
468541
468542
468543
468544
468545
468546
468547
468548
468549
468550
468551
468552
468553
468554
468555
468556
468557
468558
468559
468560
468561
468562
468563
468564
468565
468566
468567
468568
468569
468570
468571
468572
468573
468574
468575
468576
468577
468578
468579
468580
468581
468582
468583
468584
468585
468586
468587
468588
468589
468590
468591
468592
468593
468594
468595
468596
468597
468598
468599
468600
468601
468602
468603
468604
468605
468606
468607
468608
468609
468610
468611
468612
468613
468614
468615
468616
468617
468618
468619
468620
468621
468622
468623
468624
468625
468626
468627
468628
468629
468630
468631
468632
468633
468634
468635
468636
468637
468638
468639
468640
468641
468642
468643
468644
468645
468646
468647
468648
468649
468650
468651
468652
468653
468654
468655
468656
468657
468658
468659
468660
468661
468662
468663
468664
468665
468666
468667
468668
468669
468670
468671
468672
468673
468674
468675
468676
468677
468678
468679
468680
468681
468682
468683
468684
468685
468686
468687
468688
468689
468690
468691
468692
468693
468694
468695
468696
468697
468698
468699
468700
468701
468702
468703
468704
468705
468706
468707
468708
468709
468710
468711
468712
468713
468714
468715
468716
468717
468718
468719
468720
468721
468722
468723
468724
468725
468726
468727
468728
468729
468730
468731
468732
468733
468734
468735
468736
468737
468738
468739
468740
468741
468742
468743
468744
468745
468746
468747
468748
468749
468750
468751
468752
468753
468754
468755
468756
468757
468758
468759
468760
468761
468762
468763
468764
468765
468766
468767
468768
468769
468770
468771
468772
468773
468774
468775
468776
468777
468778
468779
468780
468781
468782
468783
468784
468785
468786
468787
468788
468789
468790
468791
468792
468793
468794
468795
468796
468797
468798
468799
468800
468801
468802
468803
468804
468805
468806
468807
468808
468809
468810
468811
468812
468813
468814
468815
468816
468817
468818
468819
468820
468821
468822
468823
468824
468825
468826
468827
468828
468829
468830
468831
468832
468833
468834
468835
468836
468837
468838
468839
468840
468841
468842
468843
468844
468845
468846
468847
468848
468849
468850
468851
468852
468853
468854
468855
468856
468857
468858
468859
468860
468861
468862
468863
468864
468865
468866
468867
468868
468869
468870
468871
468872
468873
468874
468875
468876
468877
468878
468879
468880
468881
468882
468883
468884
468885
468886
468887
468888
468889
468890
468891
468892
468893
468894
468895
468896
468897
468898
468899
468900
468901
468902
468903
468904
468905
468906
468907
468908
468909
468910
468911
468912
468913
468914
468915
468916
468917
468918
468919
468920
468921
468922
468923
468924
468925
468926
468927
468928
468929
468930
468931
468932
468933
468934
468935
468936
468937
468938
468939
468940
468941
468942
468943
468944
468945
468946
468947
468948
468949
468950
468951
468952
468953
468954
468955
468956
468957
468958
468959
468960
468961
468962
468963
468964
468965
468966
468967
468968
468969
468970
468971
468972
468973
468974
468975
468976
468977
468978
468979
468980
468981
468982
468983
468984
468985
468986
468987
468988
468989
468990
468991
468992
468993
468994
468995
468996
468997
468998
468999
469000
469001
469002
469003
469004
469005
469006
469007
469008
469009
469010
469011
469012
469013
469014
469015
469016
469017
469018
469019
469020
469021
469022
469023
469024
469025
469026
469027
469028
469029
469030
469031
469032
469033
469034
469035
469036
469037
469038
469039
469040
469041
469042
469043
469044
469045
469046
469047
469048
469049
469050
469051
469052
469053
469054
469055
469056
469057
469058
469059
469060
469061
469062
469063
469064
469065
469066
469067
469068
469069
469070
469071
469072
469073
469074
469075
469076
469077
469078
469079
469080
469081
469082
469083
469084
469085
469086
469087
469088
469089
469090
469091
469092
469093
469094
469095
469096
469097
469098
469099
469100
469101
469102
469103
469104
469105
469106
469107
469108
469109
469110
469111
469112
469113
469114
469115
469116
469117
469118
469119
469120
469121
469122
469123
469124
469125
469126
469127
469128
469129
469130
469131
469132
469133
469134
469135
469136
469137
469138
469139
469140
469141
469142
469143
469144
469145
469146
469147
469148
469149
469150
469151
469152
469153
469154
469155
469156
469157
469158
469159
469160
469161
469162
469163
469164
469165
469166
469167
469168
469169
469170
469171
469172
469173
469174
469175
469176
469177
469178
469179
469180
469181
469182
469183
469184
469185
469186
469187
469188
469189
469190
469191
469192
469193
469194
469195
469196
469197
469198
469199
469200
469201
469202
469203
469204
469205
469206
469207
469208
469209
469210
469211
469212
469213
469214
469215
469216
469217
469218
469219
469220
469221
469222
469223
469224
469225
469226
469227
469228
469229
469230
469231
469232
469233
469234
469235
469236
469237
469238
469239
469240
469241
469242
469243
469244
469245
469246
469247
469248
469249
469250
469251
469252
469253
469254
469255
469256
469257
469258
469259
469260
469261
469262
469263
469264
469265
469266
469267
469268
469269
469270
469271
469272
469273
469274
469275
469276
469277
469278
469279
469280
469281
469282
469283
469284
469285
469286
469287
469288
469289
469290
469291
469292
469293
469294
469295
469296
469297
469298
469299
469300
469301
469302
469303
469304
469305
469306
469307
469308
469309
469310
469311
469312
469313
469314
469315
469316
469317
469318
469319
469320
469321
469322
469323
469324
469325
469326
469327
469328
469329
469330
469331
469332
469333
469334
469335
469336
469337
469338
469339
469340
469341
469342
469343
469344
469345
469346
469347
469348
469349
469350
469351
469352
469353
469354
469355
469356
469357
469358
469359
469360
469361
469362
469363
469364
469365
469366
469367
469368
469369
469370
469371
469372
469373
469374
469375
469376
469377
469378
469379
469380
469381
469382
469383
469384
469385
469386
469387
469388
469389
469390
469391
469392
469393
469394
469395
469396
469397
469398
469399
469400
469401
469402
469403
469404
469405
469406
469407
469408
469409
469410
469411
469412
469413
469414
469415
469416
469417
469418
469419
469420
469421
469422
469423
469424
469425
469426
469427
469428
469429
469430
469431
469432
469433
469434
469435
469436
469437
469438
469439
469440
469441
469442
469443
469444
469445
469446
469447
469448
469449
469450
469451
469452
469453
469454
469455
469456
469457
469458
469459
469460
469461
469462
469463
469464
469465
469466
469467
469468
469469
469470
469471
469472
469473
469474
469475
469476
469477
469478
469479
469480
469481
469482
469483
469484
469485
469486
469487
469488
469489
469490
469491
469492
469493
469494
469495
469496
469497
469498
469499
469500
469501
469502
469503
469504
469505
469506
469507
469508
469509
469510
469511
469512
469513
469514
469515
469516
469517
469518
469519
469520
469521
469522
469523
469524
469525
469526
469527
469528
469529
469530
469531
469532
469533
469534
469535
469536
469537
469538
469539
469540
469541
469542
469543
469544
469545
469546
469547
469548
469549
469550
469551
469552
469553
469554
469555
469556
469557
469558
469559
469560
469561
469562
469563
469564
469565
469566
469567
469568
469569
469570
469571
469572
469573
469574
469575
469576
469577
469578
469579
469580
469581
469582
469583
469584
469585
469586
469587
469588
469589
469590
469591
469592
469593
469594
469595
469596
469597
469598
469599
469600
469601
469602
469603
469604
469605
469606
469607
469608
469609
469610
469611
469612
469613
469614
469615
469616
469617
469618
469619
469620
469621
469622
469623
469624
469625
469626
469627
469628
469629
469630
469631
469632
469633
469634
469635
469636
469637
469638
469639
469640
469641
469642
469643
469644
469645
469646
469647
469648
469649
469650
469651
469652
469653
469654
469655
469656
469657
469658
469659
469660
469661
469662
469663
469664
469665
469666
469667
469668
469669
469670
469671
469672
469673
469674
469675
469676
469677
469678
469679
469680
469681
469682
469683
469684
469685
469686
469687
469688
469689
469690
469691
469692
469693
469694
469695
469696
469697
469698
469699
469700
469701
469702
469703
469704
469705
469706
469707
469708
469709
469710
469711
469712
469713
469714
469715
469716
469717
469718
469719
469720
469721
469722
469723
469724
469725
469726
469727
469728
469729
469730
469731
469732
469733
469734
469735
469736
469737
469738
469739
469740
469741
469742
469743
469744
469745
469746
469747
469748
469749
469750
469751
469752
469753
469754
469755
469756
469757
469758
469759
469760
469761
469762
469763
469764
469765
469766
469767
469768
469769
469770
469771
469772
469773
469774
469775
469776
469777
469778
469779
469780
469781
469782
469783
469784
469785
469786
469787
469788
469789
469790
469791
469792
469793
469794
469795
469796
469797
469798
469799
469800
469801
469802
469803
469804
469805
469806
469807
469808
469809
469810
469811
469812
469813
469814
469815
469816
469817
469818
469819
469820
469821
469822
469823
469824
469825
469826
469827
469828
469829
469830
469831
469832
469833
469834
469835
469836
469837
469838
469839
469840
469841
469842
469843
469844
469845
469846
469847
469848
469849
469850
469851
469852
469853
469854
469855
469856
469857
469858
469859
469860
469861
469862
469863
469864
469865
469866
469867
469868
469869
469870
469871
469872
469873
469874
469875
469876
469877
469878
469879
469880
469881
469882
469883
469884
469885
469886
469887
469888
469889
469890
469891
469892
469893
469894
469895
469896
469897
469898
469899
469900
469901
469902
469903
469904
469905
469906
469907
469908
469909
469910
469911
469912
469913
469914
469915
469916
469917
469918
469919
469920
469921
469922
469923
469924
469925
469926
469927
469928
469929
469930
469931
469932
469933
469934
469935
469936
469937
469938
469939
469940
469941
469942
469943
469944
469945
469946
469947
469948
469949
469950
469951
469952
469953
469954
469955
469956
469957
469958
469959
469960
469961
469962
469963
469964
469965
469966
469967
469968
469969
469970
469971
469972
469973
469974
469975
469976
469977
469978
469979
469980
469981
469982
469983
469984
469985
469986
469987
469988
469989
469990
469991
469992
469993
469994
469995
469996
469997
469998
469999
470000
470001
470002
470003
470004
470005
470006
470007
470008
470009
470010
470011
470012
470013
470014
470015
470016
470017
470018
470019
470020
470021
470022
470023
470024
470025
470026
470027
470028
470029
470030
470031
470032
470033
470034
470035
470036
470037
470038
470039
470040
470041
470042
470043
470044
470045
470046
470047
470048
470049
470050
470051
470052
470053
470054
470055
470056
470057
470058
470059
470060
470061
470062
470063
470064
470065
470066
470067
470068
470069
470070
470071
470072
470073
470074
470075
470076
470077
470078
470079
470080
470081
470082
470083
470084
470085
470086
470087
470088
470089
470090
470091
470092
470093
470094
470095
470096
470097
470098
470099
470100
470101
470102
470103
470104
470105
470106
470107
470108
470109
470110
470111
470112
470113
470114
470115
470116
470117
470118
470119
470120
470121
470122
470123
470124
470125
470126
470127
470128
470129
470130
470131
470132
470133
470134
470135
470136
470137
470138
470139
470140
470141
470142
470143
470144
470145
470146
470147
470148
470149
470150
470151
470152
470153
470154
470155
470156
470157
470158
470159
470160
470161
470162
470163
470164
470165
470166
470167
470168
470169
470170
470171
470172
470173
470174
470175
470176
470177
470178
470179
470180
470181
470182
470183
470184
470185
470186
470187
470188
470189
470190
470191
470192
470193
470194
470195
470196
470197
470198
470199
470200
470201
470202
470203
470204
470205
470206
470207
470208
470209
470210
470211
470212
470213
470214
470215
470216
470217
470218
470219
470220
470221
470222
470223
470224
470225
470226
470227
470228
470229
470230
470231
470232
470233
470234
470235
470236
470237
470238
470239
470240
470241
470242
470243
470244
470245
470246
470247
470248
470249
470250
470251
470252
470253
470254
470255
470256
470257
470258
470259
470260
470261
470262
470263
470264
470265
470266
470267
470268
470269
470270
470271
470272
470273
470274
470275
470276
470277
470278
470279
470280
470281
470282
470283
470284
470285
470286
470287
470288
470289
470290
470291
470292
470293
470294
470295
470296
470297
470298
470299
470300
470301
470302
470303
470304
470305
470306
470307
470308
470309
470310
470311
470312
470313
470314
470315
470316
470317
470318
470319
)
;
flipMap         List<bool> 4578{0};
}

passageSidesLower_0_faces
{
    type faceZone;
faceLabels      List<label> 
4578
(
470320
470321
470322
470323
470324
470325
470326
470327
470328
470329
470330
470331
470332
470333
470334
470335
470336
470337
470338
470339
470340
470341
470342
470343
470344
470345
470346
470347
470348
470349
470350
470351
470352
470353
470354
470355
470356
470357
470358
470359
470360
470361
470362
470363
470364
470365
470366
470367
470368
470369
470370
470371
470372
470373
470374
470375
470376
470377
470378
470379
470380
470381
470382
470383
470384
470385
470386
470387
470388
470389
470390
470391
470392
470393
470394
470395
470396
470397
470398
470399
470400
470401
470402
470403
470404
470405
470406
470407
470408
470409
470410
470411
470412
470413
470414
470415
470416
470417
470418
470419
470420
470421
470422
470423
470424
470425
470426
470427
470428
470429
470430
470431
470432
470433
470434
470435
470436
470437
470438
470439
470440
470441
470442
470443
470444
470445
470446
470447
470448
470449
470450
470451
470452
470453
470454
470455
470456
470457
470458
470459
470460
470461
470462
470463
470464
470465
470466
470467
470468
470469
470470
470471
470472
470473
470474
470475
470476
470477
470478
470479
470480
470481
470482
470483
470484
470485
470486
470487
470488
470489
470490
470491
470492
470493
470494
470495
470496
470497
470498
470499
470500
470501
470502
470503
470504
470505
470506
470507
470508
470509
470510
470511
470512
470513
470514
470515
470516
470517
470518
470519
470520
470521
470522
470523
470524
470525
470526
470527
470528
470529
470530
470531
470532
470533
470534
470535
470536
470537
470538
470539
470540
470541
470542
470543
470544
470545
470546
470547
470548
470549
470550
470551
470552
470553
470554
470555
470556
470557
470558
470559
470560
470561
470562
470563
470564
470565
470566
470567
470568
470569
470570
470571
470572
470573
470574
470575
470576
470577
470578
470579
470580
470581
470582
470583
470584
470585
470586
470587
470588
470589
470590
470591
470592
470593
470594
470595
470596
470597
470598
470599
470600
470601
470602
470603
470604
470605
470606
470607
470608
470609
470610
470611
470612
470613
470614
470615
470616
470617
470618
470619
470620
470621
470622
470623
470624
470625
470626
470627
470628
470629
470630
470631
470632
470633
470634
470635
470636
470637
470638
470639
470640
470641
470642
470643
470644
470645
470646
470647
470648
470649
470650
470651
470652
470653
470654
470655
470656
470657
470658
470659
470660
470661
470662
470663
470664
470665
470666
470667
470668
470669
470670
470671
470672
470673
470674
470675
470676
470677
470678
470679
470680
470681
470682
470683
470684
470685
470686
470687
470688
470689
470690
470691
470692
470693
470694
470695
470696
470697
470698
470699
470700
470701
470702
470703
470704
470705
470706
470707
470708
470709
470710
470711
470712
470713
470714
470715
470716
470717
470718
470719
470720
470721
470722
470723
470724
470725
470726
470727
470728
470729
470730
470731
470732
470733
470734
470735
470736
470737
470738
470739
470740
470741
470742
470743
470744
470745
470746
470747
470748
470749
470750
470751
470752
470753
470754
470755
470756
470757
470758
470759
470760
470761
470762
470763
470764
470765
470766
470767
470768
470769
470770
470771
470772
470773
470774
470775
470776
470777
470778
470779
470780
470781
470782
470783
470784
470785
470786
470787
470788
470789
470790
470791
470792
470793
470794
470795
470796
470797
470798
470799
470800
470801
470802
470803
470804
470805
470806
470807
470808
470809
470810
470811
470812
470813
470814
470815
470816
470817
470818
470819
470820
470821
470822
470823
470824
470825
470826
470827
470828
470829
470830
470831
470832
470833
470834
470835
470836
470837
470838
470839
470840
470841
470842
470843
470844
470845
470846
470847
470848
470849
470850
470851
470852
470853
470854
470855
470856
470857
470858
470859
470860
470861
470862
470863
470864
470865
470866
470867
470868
470869
470870
470871
470872
470873
470874
470875
470876
470877
470878
470879
470880
470881
470882
470883
470884
470885
470886
470887
470888
470889
470890
470891
470892
470893
470894
470895
470896
470897
470898
470899
470900
470901
470902
470903
470904
470905
470906
470907
470908
470909
470910
470911
470912
470913
470914
470915
470916
470917
470918
470919
470920
470921
470922
470923
470924
470925
470926
470927
470928
470929
470930
470931
470932
470933
470934
470935
470936
470937
470938
470939
470940
470941
470942
470943
470944
470945
470946
470947
470948
470949
470950
470951
470952
470953
470954
470955
470956
470957
470958
470959
470960
470961
470962
470963
470964
470965
470966
470967
470968
470969
470970
470971
470972
470973
470974
470975
470976
470977
470978
470979
470980
470981
470982
470983
470984
470985
470986
470987
470988
470989
470990
470991
470992
470993
470994
470995
470996
470997
470998
470999
471000
471001
471002
471003
471004
471005
471006
471007
471008
471009
471010
471011
471012
471013
471014
471015
471016
471017
471018
471019
471020
471021
471022
471023
471024
471025
471026
471027
471028
471029
471030
471031
471032
471033
471034
471035
471036
471037
471038
471039
471040
471041
471042
471043
471044
471045
471046
471047
471048
471049
471050
471051
471052
471053
471054
471055
471056
471057
471058
471059
471060
471061
471062
471063
471064
471065
471066
471067
471068
471069
471070
471071
471072
471073
471074
471075
471076
471077
471078
471079
471080
471081
471082
471083
471084
471085
471086
471087
471088
471089
471090
471091
471092
471093
471094
471095
471096
471097
471098
471099
471100
471101
471102
471103
471104
471105
471106
471107
471108
471109
471110
471111
471112
471113
471114
471115
471116
471117
471118
471119
471120
471121
471122
471123
471124
471125
471126
471127
471128
471129
471130
471131
471132
471133
471134
471135
471136
471137
471138
471139
471140
471141
471142
471143
471144
471145
471146
471147
471148
471149
471150
471151
471152
471153
471154
471155
471156
471157
471158
471159
471160
471161
471162
471163
471164
471165
471166
471167
471168
471169
471170
471171
471172
471173
471174
471175
471176
471177
471178
471179
471180
471181
471182
471183
471184
471185
471186
471187
471188
471189
471190
471191
471192
471193
471194
471195
471196
471197
471198
471199
471200
471201
471202
471203
471204
471205
471206
471207
471208
471209
471210
471211
471212
471213
471214
471215
471216
471217
471218
471219
471220
471221
471222
471223
471224
471225
471226
471227
471228
471229
471230
471231
471232
471233
471234
471235
471236
471237
471238
471239
471240
471241
471242
471243
471244
471245
471246
471247
471248
471249
471250
471251
471252
471253
471254
471255
471256
471257
471258
471259
471260
471261
471262
471263
471264
471265
471266
471267
471268
471269
471270
471271
471272
471273
471274
471275
471276
471277
471278
471279
471280
471281
471282
471283
471284
471285
471286
471287
471288
471289
471290
471291
471292
471293
471294
471295
471296
471297
471298
471299
471300
471301
471302
471303
471304
471305
471306
471307
471308
471309
471310
471311
471312
471313
471314
471315
471316
471317
471318
471319
471320
471321
471322
471323
471324
471325
471326
471327
471328
471329
471330
471331
471332
471333
471334
471335
471336
471337
471338
471339
471340
471341
471342
471343
471344
471345
471346
471347
471348
471349
471350
471351
471352
471353
471354
471355
471356
471357
471358
471359
471360
471361
471362
471363
471364
471365
471366
471367
471368
471369
471370
471371
471372
471373
471374
471375
471376
471377
471378
471379
471380
471381
471382
471383
471384
471385
471386
471387
471388
471389
471390
471391
471392
471393
471394
471395
471396
471397
471398
471399
471400
471401
471402
471403
471404
471405
471406
471407
471408
471409
471410
471411
471412
471413
471414
471415
471416
471417
471418
471419
471420
471421
471422
471423
471424
471425
471426
471427
471428
471429
471430
471431
471432
471433
471434
471435
471436
471437
471438
471439
471440
471441
471442
471443
471444
471445
471446
471447
471448
471449
471450
471451
471452
471453
471454
471455
471456
471457
471458
471459
471460
471461
471462
471463
471464
471465
471466
471467
471468
471469
471470
471471
471472
471473
471474
471475
471476
471477
471478
471479
471480
471481
471482
471483
471484
471485
471486
471487
471488
471489
471490
471491
471492
471493
471494
471495
471496
471497
471498
471499
471500
471501
471502
471503
471504
471505
471506
471507
471508
471509
471510
471511
471512
471513
471514
471515
471516
471517
471518
471519
471520
471521
471522
471523
471524
471525
471526
471527
471528
471529
471530
471531
471532
471533
471534
471535
471536
471537
471538
471539
471540
471541
471542
471543
471544
471545
471546
471547
471548
471549
471550
471551
471552
471553
471554
471555
471556
471557
471558
471559
471560
471561
471562
471563
471564
471565
471566
471567
471568
471569
471570
471571
471572
471573
471574
471575
471576
471577
471578
471579
471580
471581
471582
471583
471584
471585
471586
471587
471588
471589
471590
471591
471592
471593
471594
471595
471596
471597
471598
471599
471600
471601
471602
471603
471604
471605
471606
471607
471608
471609
471610
471611
471612
471613
471614
471615
471616
471617
471618
471619
471620
471621
471622
471623
471624
471625
471626
471627
471628
471629
471630
471631
471632
471633
471634
471635
471636
471637
471638
471639
471640
471641
471642
471643
471644
471645
471646
471647
471648
471649
471650
471651
471652
471653
471654
471655
471656
471657
471658
471659
471660
471661
471662
471663
471664
471665
471666
471667
471668
471669
471670
471671
471672
471673
471674
471675
471676
471677
471678
471679
471680
471681
471682
471683
471684
471685
471686
471687
471688
471689
471690
471691
471692
471693
471694
471695
471696
471697
471698
471699
471700
471701
471702
471703
471704
471705
471706
471707
471708
471709
471710
471711
471712
471713
471714
471715
471716
471717
471718
471719
471720
471721
471722
471723
471724
471725
471726
471727
471728
471729
471730
471731
471732
471733
471734
471735
471736
471737
471738
471739
471740
471741
471742
471743
471744
471745
471746
471747
471748
471749
471750
471751
471752
471753
471754
471755
471756
471757
471758
471759
471760
471761
471762
471763
471764
471765
471766
471767
471768
471769
471770
471771
471772
471773
471774
471775
471776
471777
471778
471779
471780
471781
471782
471783
471784
471785
471786
471787
471788
471789
471790
471791
471792
471793
471794
471795
471796
471797
471798
471799
471800
471801
471802
471803
471804
471805
471806
471807
471808
471809
471810
471811
471812
471813
471814
471815
471816
471817
471818
471819
471820
471821
471822
471823
471824
471825
471826
471827
471828
471829
471830
471831
471832
471833
471834
471835
471836
471837
471838
471839
471840
471841
471842
471843
471844
471845
471846
471847
471848
471849
471850
471851
471852
471853
471854
471855
471856
471857
471858
471859
471860
471861
471862
471863
471864
471865
471866
471867
471868
471869
471870
471871
471872
471873
471874
471875
471876
471877
471878
471879
471880
471881
471882
471883
471884
471885
471886
471887
471888
471889
471890
471891
471892
471893
471894
471895
471896
471897
471898
471899
471900
471901
471902
471903
471904
471905
471906
471907
471908
471909
471910
471911
471912
471913
471914
471915
471916
471917
471918
471919
471920
471921
471922
471923
471924
471925
471926
471927
471928
471929
471930
471931
471932
471933
471934
471935
471936
471937
471938
471939
471940
471941
471942
471943
471944
471945
471946
471947
471948
471949
471950
471951
471952
471953
471954
471955
471956
471957
471958
471959
471960
471961
471962
471963
471964
471965
471966
471967
471968
471969
471970
471971
471972
471973
471974
471975
471976
471977
471978
471979
471980
471981
471982
471983
471984
471985
471986
471987
471988
471989
471990
471991
471992
471993
471994
471995
471996
471997
471998
471999
472000
472001
472002
472003
472004
472005
472006
472007
472008
472009
472010
472011
472012
472013
472014
472015
472016
472017
472018
472019
472020
472021
472022
472023
472024
472025
472026
472027
472028
472029
472030
472031
472032
472033
472034
472035
472036
472037
472038
472039
472040
472041
472042
472043
472044
472045
472046
472047
472048
472049
472050
472051
472052
472053
472054
472055
472056
472057
472058
472059
472060
472061
472062
472063
472064
472065
472066
472067
472068
472069
472070
472071
472072
472073
472074
472075
472076
472077
472078
472079
472080
472081
472082
472083
472084
472085
472086
472087
472088
472089
472090
472091
472092
472093
472094
472095
472096
472097
472098
472099
472100
472101
472102
472103
472104
472105
472106
472107
472108
472109
472110
472111
472112
472113
472114
472115
472116
472117
472118
472119
472120
472121
472122
472123
472124
472125
472126
472127
472128
472129
472130
472131
472132
472133
472134
472135
472136
472137
472138
472139
472140
472141
472142
472143
472144
472145
472146
472147
472148
472149
472150
472151
472152
472153
472154
472155
472156
472157
472158
472159
472160
472161
472162
472163
472164
472165
472166
472167
472168
472169
472170
472171
472172
472173
472174
472175
472176
472177
472178
472179
472180
472181
472182
472183
472184
472185
472186
472187
472188
472189
472190
472191
472192
472193
472194
472195
472196
472197
472198
472199
472200
472201
472202
472203
472204
472205
472206
472207
472208
472209
472210
472211
472212
472213
472214
472215
472216
472217
472218
472219
472220
472221
472222
472223
472224
472225
472226
472227
472228
472229
472230
472231
472232
472233
472234
472235
472236
472237
472238
472239
472240
472241
472242
472243
472244
472245
472246
472247
472248
472249
472250
472251
472252
472253
472254
472255
472256
472257
472258
472259
472260
472261
472262
472263
472264
472265
472266
472267
472268
472269
472270
472271
472272
472273
472274
472275
472276
472277
472278
472279
472280
472281
472282
472283
472284
472285
472286
472287
472288
472289
472290
472291
472292
472293
472294
472295
472296
472297
472298
472299
472300
472301
472302
472303
472304
472305
472306
472307
472308
472309
472310
472311
472312
472313
472314
472315
472316
472317
472318
472319
472320
472321
472322
472323
472324
472325
472326
472327
472328
472329
472330
472331
472332
472333
472334
472335
472336
472337
472338
472339
472340
472341
472342
472343
472344
472345
472346
472347
472348
472349
472350
472351
472352
472353
472354
472355
472356
472357
472358
472359
472360
472361
472362
472363
472364
472365
472366
472367
472368
472369
472370
472371
472372
472373
472374
472375
472376
472377
472378
472379
472380
472381
472382
472383
472384
472385
472386
472387
472388
472389
472390
472391
472392
472393
472394
472395
472396
472397
472398
472399
472400
472401
472402
472403
472404
472405
472406
472407
472408
472409
472410
472411
472412
472413
472414
472415
472416
472417
472418
472419
472420
472421
472422
472423
472424
472425
472426
472427
472428
472429
472430
472431
472432
472433
472434
472435
472436
472437
472438
472439
472440
472441
472442
472443
472444
472445
472446
472447
472448
472449
472450
472451
472452
472453
472454
472455
472456
472457
472458
472459
472460
472461
472462
472463
472464
472465
472466
472467
472468
472469
472470
472471
472472
472473
472474
472475
472476
472477
472478
472479
472480
472481
472482
472483
472484
472485
472486
472487
472488
472489
472490
472491
472492
472493
472494
472495
472496
472497
472498
472499
472500
472501
472502
472503
472504
472505
472506
472507
472508
472509
472510
472511
472512
472513
472514
472515
472516
472517
472518
472519
472520
472521
472522
472523
472524
472525
472526
472527
472528
472529
472530
472531
472532
472533
472534
472535
472536
472537
472538
472539
472540
472541
472542
472543
472544
472545
472546
472547
472548
472549
472550
472551
472552
472553
472554
472555
472556
472557
472558
472559
472560
472561
472562
472563
472564
472565
472566
472567
472568
472569
472570
472571
472572
472573
472574
472575
472576
472577
472578
472579
472580
472581
472582
472583
472584
472585
472586
472587
472588
472589
472590
472591
472592
472593
472594
472595
472596
472597
472598
472599
472600
472601
472602
472603
472604
472605
472606
472607
472608
472609
472610
472611
472612
472613
472614
472615
472616
472617
472618
472619
472620
472621
472622
472623
472624
472625
472626
472627
472628
472629
472630
472631
472632
472633
472634
472635
472636
472637
472638
472639
472640
472641
472642
472643
472644
472645
472646
472647
472648
472649
472650
472651
472652
472653
472654
472655
472656
472657
472658
472659
472660
472661
472662
472663
472664
472665
472666
472667
472668
472669
472670
472671
472672
472673
472674
472675
472676
472677
472678
472679
472680
472681
472682
472683
472684
472685
472686
472687
472688
472689
472690
472691
472692
472693
472694
472695
472696
472697
472698
472699
472700
472701
472702
472703
472704
472705
472706
472707
472708
472709
472710
472711
472712
472713
472714
472715
472716
472717
472718
472719
472720
472721
472722
472723
472724
472725
472726
472727
472728
472729
472730
472731
472732
472733
472734
472735
472736
472737
472738
472739
472740
472741
472742
472743
472744
472745
472746
472747
472748
472749
472750
472751
472752
472753
472754
472755
472756
472757
472758
472759
472760
472761
472762
472763
472764
472765
472766
472767
472768
472769
472770
472771
472772
472773
472774
472775
472776
472777
472778
472779
472780
472781
472782
472783
472784
472785
472786
472787
472788
472789
472790
472791
472792
472793
472794
472795
472796
472797
472798
472799
472800
472801
472802
472803
472804
472805
472806
472807
472808
472809
472810
472811
472812
472813
472814
472815
472816
472817
472818
472819
472820
472821
472822
472823
472824
472825
472826
472827
472828
472829
472830
472831
472832
472833
472834
472835
472836
472837
472838
472839
472840
472841
472842
472843
472844
472845
472846
472847
472848
472849
472850
472851
472852
472853
472854
472855
472856
472857
472858
472859
472860
472861
472862
472863
472864
472865
472866
472867
472868
472869
472870
472871
472872
472873
472874
472875
472876
472877
472878
472879
472880
472881
472882
472883
472884
472885
472886
472887
472888
472889
472890
472891
472892
472893
472894
472895
472896
472897
472898
472899
472900
472901
472902
472903
472904
472905
472906
472907
472908
472909
472910
472911
472912
472913
472914
472915
472916
472917
472918
472919
472920
472921
472922
472923
472924
472925
472926
472927
472928
472929
472930
472931
472932
472933
472934
472935
472936
472937
472938
472939
472940
472941
472942
472943
472944
472945
472946
472947
472948
472949
472950
472951
472952
472953
472954
472955
472956
472957
472958
472959
472960
472961
472962
472963
472964
472965
472966
472967
472968
472969
472970
472971
472972
472973
472974
472975
472976
472977
472978
472979
472980
472981
472982
472983
472984
472985
472986
472987
472988
472989
472990
472991
472992
472993
472994
472995
472996
472997
472998
472999
473000
473001
473002
473003
473004
473005
473006
473007
473008
473009
473010
473011
473012
473013
473014
473015
473016
473017
473018
473019
473020
473021
473022
473023
473024
473025
473026
473027
473028
473029
473030
473031
473032
473033
473034
473035
473036
473037
473038
473039
473040
473041
473042
473043
473044
473045
473046
473047
473048
473049
473050
473051
473052
473053
473054
473055
473056
473057
473058
473059
473060
473061
473062
473063
473064
473065
473066
473067
473068
473069
473070
473071
473072
473073
473074
473075
473076
473077
473078
473079
473080
473081
473082
473083
473084
473085
473086
473087
473088
473089
473090
473091
473092
473093
473094
473095
473096
473097
473098
473099
473100
473101
473102
473103
473104
473105
473106
473107
473108
473109
473110
473111
473112
473113
473114
473115
473116
473117
473118
473119
473120
473121
473122
473123
473124
473125
473126
473127
473128
473129
473130
473131
473132
473133
473134
473135
473136
473137
473138
473139
473140
473141
473142
473143
473144
473145
473146
473147
473148
473149
473150
473151
473152
473153
473154
473155
473156
473157
473158
473159
473160
473161
473162
473163
473164
473165
473166
473167
473168
473169
473170
473171
473172
473173
473174
473175
473176
473177
473178
473179
473180
473181
473182
473183
473184
473185
473186
473187
473188
473189
473190
473191
473192
473193
473194
473195
473196
473197
473198
473199
473200
473201
473202
473203
473204
473205
473206
473207
473208
473209
473210
473211
473212
473213
473214
473215
473216
473217
473218
473219
473220
473221
473222
473223
473224
473225
473226
473227
473228
473229
473230
473231
473232
473233
473234
473235
473236
473237
473238
473239
473240
473241
473242
473243
473244
473245
473246
473247
473248
473249
473250
473251
473252
473253
473254
473255
473256
473257
473258
473259
473260
473261
473262
473263
473264
473265
473266
473267
473268
473269
473270
473271
473272
473273
473274
473275
473276
473277
473278
473279
473280
473281
473282
473283
473284
473285
473286
473287
473288
473289
473290
473291
473292
473293
473294
473295
473296
473297
473298
473299
473300
473301
473302
473303
473304
473305
473306
473307
473308
473309
473310
473311
473312
473313
473314
473315
473316
473317
473318
473319
473320
473321
473322
473323
473324
473325
473326
473327
473328
473329
473330
473331
473332
473333
473334
473335
473336
473337
473338
473339
473340
473341
473342
473343
473344
473345
473346
473347
473348
473349
473350
473351
473352
473353
473354
473355
473356
473357
473358
473359
473360
473361
473362
473363
473364
473365
473366
473367
473368
473369
473370
473371
473372
473373
473374
473375
473376
473377
473378
473379
473380
473381
473382
473383
473384
473385
473386
473387
473388
473389
473390
473391
473392
473393
473394
473395
473396
473397
473398
473399
473400
473401
473402
473403
473404
473405
473406
473407
473408
473409
473410
473411
473412
473413
473414
473415
473416
473417
473418
473419
473420
473421
473422
473423
473424
473425
473426
473427
473428
473429
473430
473431
473432
473433
473434
473435
473436
473437
473438
473439
473440
473441
473442
473443
473444
473445
473446
473447
473448
473449
473450
473451
473452
473453
473454
473455
473456
473457
473458
473459
473460
473461
473462
473463
473464
473465
473466
473467
473468
473469
473470
473471
473472
473473
473474
473475
473476
473477
473478
473479
473480
473481
473482
473483
473484
473485
473486
473487
473488
473489
473490
473491
473492
473493
473494
473495
473496
473497
473498
473499
473500
473501
473502
473503
473504
473505
473506
473507
473508
473509
473510
473511
473512
473513
473514
473515
473516
473517
473518
473519
473520
473521
473522
473523
473524
473525
473526
473527
473528
473529
473530
473531
473532
473533
473534
473535
473536
473537
473538
473539
473540
473541
473542
473543
473544
473545
473546
473547
473548
473549
473550
473551
473552
473553
473554
473555
473556
473557
473558
473559
473560
473561
473562
473563
473564
473565
473566
473567
473568
473569
473570
473571
473572
473573
473574
473575
473576
473577
473578
473579
473580
473581
473582
473583
473584
473585
473586
473587
473588
473589
473590
473591
473592
473593
473594
473595
473596
473597
473598
473599
473600
473601
473602
473603
473604
473605
473606
473607
473608
473609
473610
473611
473612
473613
473614
473615
473616
473617
473618
473619
473620
473621
473622
473623
473624
473625
473626
473627
473628
473629
473630
473631
473632
473633
473634
473635
473636
473637
473638
473639
473640
473641
473642
473643
473644
473645
473646
473647
473648
473649
473650
473651
473652
473653
473654
473655
473656
473657
473658
473659
473660
473661
473662
473663
473664
473665
473666
473667
473668
473669
473670
473671
473672
473673
473674
473675
473676
473677
473678
473679
473680
473681
473682
473683
473684
473685
473686
473687
473688
473689
473690
473691
473692
473693
473694
473695
473696
473697
473698
473699
473700
473701
473702
473703
473704
473705
473706
473707
473708
473709
473710
473711
473712
473713
473714
473715
473716
473717
473718
473719
473720
473721
473722
473723
473724
473725
473726
473727
473728
473729
473730
473731
473732
473733
473734
473735
473736
473737
473738
473739
473740
473741
473742
473743
473744
473745
473746
473747
473748
473749
473750
473751
473752
473753
473754
473755
473756
473757
473758
473759
473760
473761
473762
473763
473764
473765
473766
473767
473768
473769
473770
473771
473772
473773
473774
473775
473776
473777
473778
473779
473780
473781
473782
473783
473784
473785
473786
473787
473788
473789
473790
473791
473792
473793
473794
473795
473796
473797
473798
473799
473800
473801
473802
473803
473804
473805
473806
473807
473808
473809
473810
473811
473812
473813
473814
473815
473816
473817
473818
473819
473820
473821
473822
473823
473824
473825
473826
473827
473828
473829
473830
473831
473832
473833
473834
473835
473836
473837
473838
473839
473840
473841
473842
473843
473844
473845
473846
473847
473848
473849
473850
473851
473852
473853
473854
473855
473856
473857
473858
473859
473860
473861
473862
473863
473864
473865
473866
473867
473868
473869
473870
473871
473872
473873
473874
473875
473876
473877
473878
473879
473880
473881
473882
473883
473884
473885
473886
473887
473888
473889
473890
473891
473892
473893
473894
473895
473896
473897
473898
473899
473900
473901
473902
473903
473904
473905
473906
473907
473908
473909
473910
473911
473912
473913
473914
473915
473916
473917
473918
473919
473920
473921
473922
473923
473924
473925
473926
473927
473928
473929
473930
473931
473932
473933
473934
473935
473936
473937
473938
473939
473940
473941
473942
473943
473944
473945
473946
473947
473948
473949
473950
473951
473952
473953
473954
473955
473956
473957
473958
473959
473960
473961
473962
473963
473964
473965
473966
473967
473968
473969
473970
473971
473972
473973
473974
473975
473976
473977
473978
473979
473980
473981
473982
473983
473984
473985
473986
473987
473988
473989
473990
473991
473992
473993
473994
473995
473996
473997
473998
473999
474000
474001
474002
474003
474004
474005
474006
474007
474008
474009
474010
474011
474012
474013
474014
474015
474016
474017
474018
474019
474020
474021
474022
474023
474024
474025
474026
474027
474028
474029
474030
474031
474032
474033
474034
474035
474036
474037
474038
474039
474040
474041
474042
474043
474044
474045
474046
474047
474048
474049
474050
474051
474052
474053
474054
474055
474056
474057
474058
474059
474060
474061
474062
474063
474064
474065
474066
474067
474068
474069
474070
474071
474072
474073
474074
474075
474076
474077
474078
474079
474080
474081
474082
474083
474084
474085
474086
474087
474088
474089
474090
474091
474092
474093
474094
474095
474096
474097
474098
474099
474100
474101
474102
474103
474104
474105
474106
474107
474108
474109
474110
474111
474112
474113
474114
474115
474116
474117
474118
474119
474120
474121
474122
474123
474124
474125
474126
474127
474128
474129
474130
474131
474132
474133
474134
474135
474136
474137
474138
474139
474140
474141
474142
474143
474144
474145
474146
474147
474148
474149
474150
474151
474152
474153
474154
474155
474156
474157
474158
474159
474160
474161
474162
474163
474164
474165
474166
474167
474168
474169
474170
474171
474172
474173
474174
474175
474176
474177
474178
474179
474180
474181
474182
474183
474184
474185
474186
474187
474188
474189
474190
474191
474192
474193
474194
474195
474196
474197
474198
474199
474200
474201
474202
474203
474204
474205
474206
474207
474208
474209
474210
474211
474212
474213
474214
474215
474216
474217
474218
474219
474220
474221
474222
474223
474224
474225
474226
474227
474228
474229
474230
474231
474232
474233
474234
474235
474236
474237
474238
474239
474240
474241
474242
474243
474244
474245
474246
474247
474248
474249
474250
474251
474252
474253
474254
474255
474256
474257
474258
474259
474260
474261
474262
474263
474264
474265
474266
474267
474268
474269
474270
474271
474272
474273
474274
474275
474276
474277
474278
474279
474280
474281
474282
474283
474284
474285
474286
474287
474288
474289
474290
474291
474292
474293
474294
474295
474296
474297
474298
474299
474300
474301
474302
474303
474304
474305
474306
474307
474308
474309
474310
474311
474312
474313
474314
474315
474316
474317
474318
474319
474320
474321
474322
474323
474324
474325
474326
474327
474328
474329
474330
474331
474332
474333
474334
474335
474336
474337
474338
474339
474340
474341
474342
474343
474344
474345
474346
474347
474348
474349
474350
474351
474352
474353
474354
474355
474356
474357
474358
474359
474360
474361
474362
474363
474364
474365
474366
474367
474368
474369
474370
474371
474372
474373
474374
474375
474376
474377
474378
474379
474380
474381
474382
474383
474384
474385
474386
474387
474388
474389
474390
474391
474392
474393
474394
474395
474396
474397
474398
474399
474400
474401
474402
474403
474404
474405
474406
474407
474408
474409
474410
474411
474412
474413
474414
474415
474416
474417
474418
474419
474420
474421
474422
474423
474424
474425
474426
474427
474428
474429
474430
474431
474432
474433
474434
474435
474436
474437
474438
474439
474440
474441
474442
474443
474444
474445
474446
474447
474448
474449
474450
474451
474452
474453
474454
474455
474456
474457
474458
474459
474460
474461
474462
474463
474464
474465
474466
474467
474468
474469
474470
474471
474472
474473
474474
474475
474476
474477
474478
474479
474480
474481
474482
474483
474484
474485
474486
474487
474488
474489
474490
474491
474492
474493
474494
474495
474496
474497
474498
474499
474500
474501
474502
474503
474504
474505
474506
474507
474508
474509
474510
474511
474512
474513
474514
474515
474516
474517
474518
474519
474520
474521
474522
474523
474524
474525
474526
474527
474528
474529
474530
474531
474532
474533
474534
474535
474536
474537
474538
474539
474540
474541
474542
474543
474544
474545
474546
474547
474548
474549
474550
474551
474552
474553
474554
474555
474556
474557
474558
474559
474560
474561
474562
474563
474564
474565
474566
474567
474568
474569
474570
474571
474572
474573
474574
474575
474576
474577
474578
474579
474580
474581
474582
474583
474584
474585
474586
474587
474588
474589
474590
474591
474592
474593
474594
474595
474596
474597
474598
474599
474600
474601
474602
474603
474604
474605
474606
474607
474608
474609
474610
474611
474612
474613
474614
474615
474616
474617
474618
474619
474620
474621
474622
474623
474624
474625
474626
474627
474628
474629
474630
474631
474632
474633
474634
474635
474636
474637
474638
474639
474640
474641
474642
474643
474644
474645
474646
474647
474648
474649
474650
474651
474652
474653
474654
474655
474656
474657
474658
474659
474660
474661
474662
474663
474664
474665
474666
474667
474668
474669
474670
474671
474672
474673
474674
474675
474676
474677
474678
474679
474680
474681
474682
474683
474684
474685
474686
474687
474688
474689
474690
474691
474692
474693
474694
474695
474696
474697
474698
474699
474700
474701
474702
474703
474704
474705
474706
474707
474708
474709
474710
474711
474712
474713
474714
474715
474716
474717
474718
474719
474720
474721
474722
474723
474724
474725
474726
474727
474728
474729
474730
474731
474732
474733
474734
474735
474736
474737
474738
474739
474740
474741
474742
474743
474744
474745
474746
474747
474748
474749
474750
474751
474752
474753
474754
474755
474756
474757
474758
474759
474760
474761
474762
474763
474764
474765
474766
474767
474768
474769
474770
474771
474772
474773
474774
474775
474776
474777
474778
474779
474780
474781
474782
474783
474784
474785
474786
474787
474788
474789
474790
474791
474792
474793
474794
474795
474796
474797
474798
474799
474800
474801
474802
474803
474804
474805
474806
474807
474808
474809
474810
474811
474812
474813
474814
474815
474816
474817
474818
474819
474820
474821
474822
474823
474824
474825
474826
474827
474828
474829
474830
474831
474832
474833
474834
474835
474836
474837
474838
474839
474840
474841
474842
474843
474844
474845
474846
474847
474848
474849
474850
474851
474852
474853
474854
474855
474856
474857
474858
474859
474860
474861
474862
474863
474864
474865
474866
474867
474868
474869
474870
474871
474872
474873
474874
474875
474876
474877
474878
474879
474880
474881
474882
474883
474884
474885
474886
474887
474888
474889
474890
474891
474892
474893
474894
474895
474896
474897
)
;
flipMap         List<bool> 4578{0};
}
)

// ************************************************************************* //
