/*--------------------------------*- C++ -*----------------------------------*\
  =========                 |
  \\      /  F ield         | OpenFOAM: The Open Source CFD Toolbox
   \\    /   O peration     | Website:  https://openfoam.org
    \\  /    A nd           | Version:  6
     \\/     M anipulation  |
\*---------------------------------------------------------------------------*/
FoamFile
{
    version     2.0;
    format      ascii;
    class       volScalarField;
    location    "450";
    object      p;
}
// * * * * * * * * * * * * * * * * * * * * * * * * * * * * * * * * * * * * * //

dimensions      [0 2 -2 0 0 0 0];

internalField   nonuniform List<scalar> 
3072
(
0.000130289
-0.121483
-0.229282
-0.299648
-0.333931
-0.318804
-0.280674
-0.218396
-0.0982994
0.0901662
0.0362628
-0.204363
0.656227
0.470527
0.335813
0.261178
0.254546
0.345842
0.581968
0.801359
1.35699
2.01752
2.30659
2.47682
1.35257
1.0797
0.947458
0.929676
1.03259
1.27493
1.71933
2.15395
2.55102
2.91698
3.14572
3.32654
2.24477
1.97704
1.91184
2.00031
2.2821
2.71185
3.17478
3.59452
3.96049
4.26402
4.48791
4.66809
3.25522
3.0941
3.12572
3.33843
3.71991
4.16874
4.59865
4.9745
5.3003
5.55871
5.75311
5.90305
4.31983
4.27356
4.41268
4.72013
5.13479
5.55979
5.94257
6.26709
6.53415
6.74494
6.90627
7.02956
5.3827
5.4666
5.69743
6.06221
6.47672
6.86696
7.19921
7.46993
7.68551
7.85279
7.97992
8.07574
6.44014
6.67589
6.97195
7.36064
7.75122
8.09241
8.36907
8.58581
8.7521
8.87728
8.9705
9.03949
7.50581
7.9138
8.24778
8.62855
8.97159
9.24993
9.46294
9.62101
9.73617
9.81906
9.87896
9.92232
8.60796
9.14951
9.50547
9.8568
10.1369
10.3375
10.4766
10.5704
10.6326
10.6736
10.702
10.7222
9.75506
10.4546
10.7684
11.01
11.1988
11.3093
11.3703
11.4019
11.4162
11.4223
11.4266
11.43
10.7768
11.7755
11.959
12.0095
12.0765
12.0964
12.0908
12.0753
12.0584
12.0455
12.0401
12.0385
-0.420718
-0.55408
-0.5179
-0.349637
-0.0436592
0.360488
0.851185
1.35704
1.81373
2.16104
2.31194
2.18415
2.56422
2.63297
2.67187
2.72612
2.79974
2.9069
3.02238
3.141
3.23594
3.38239
3.33525
2.67752
3.44387
3.52957
3.60437
3.68952
3.78258
3.87185
3.95119
3.99299
3.96606
3.94105
3.79746
2.83749
4.80084
4.90219
4.98007
5.03955
5.07739
5.09143
5.07657
5.00036
4.8415
4.6466
4.37258
3.14041
6.01182
6.08947
6.14176
6.17217
6.17942
6.1591
6.10023
5.98848
5.79407
5.51498
5.18314
3.74894
7.11953
7.18251
7.22215
7.24022
7.23564
7.20453
7.13666
7.01902
6.82746
6.53813
6.1915
4.76447
8.14531
8.19329
8.2227
8.23508
8.23006
8.20517
8.15415
8.06628
7.92263
7.69818
7.42154
6.1373
9.0894
9.12405
9.1465
9.15872
9.16161
9.15475
9.13554
9.09876
9.03645
8.9293
8.81208
7.86289
9.95387
9.97644
9.99334
10.0074
10.0216
10.0379
10.0573
10.0822
10.1192
10.1684
10.2965
9.87269
10.7377
10.7498
10.7618
10.777
10.8012
10.8398
10.8967
10.9816
11.115
11.3271
11.8081
12.1014
11.4352
11.4399
11.4487
11.4641
11.4936
11.5472
11.6318
11.7631
11.9678
12.314
13.1892
14.3606
12.0427
12.045
12.053
12.0683
12.0977
12.1541
12.2473
12.3968
12.6213
13.0107
13.987
15.8511
9.69941e-05
-0.12151
-0.229286
-0.299638
-0.33391
-0.318767
-0.280615
-0.218411
-0.09839
0.0902084
0.0364984
-0.204079
0.656168
0.470477
0.335713
0.261033
0.2544
0.34567
0.581753
0.801195
1.35644
2.01723
2.30661
2.47684
1.35245
1.07956
0.947239
0.929395
1.03223
1.27448
1.71883
2.15359
2.55068
2.91676
3.14558
3.32643
2.2446
1.97681
1.9115
1.99988
2.28152
2.71126
3.17428
3.59414
3.96018
4.26382
4.48776
4.66797
3.255
3.09379
3.12529
3.33785
3.71929
4.16821
4.59824
4.97419
5.30006
5.55854
5.753
5.90296
4.31961
4.27324
4.41225
4.7196
5.13429
5.5594
5.94228
6.26689
6.53399
6.74483
6.90618
7.02949
5.3825
5.46631
5.69705
6.0618
6.47637
6.8667
7.19904
7.4698
7.68542
7.85272
7.97987
8.07568
6.44001
6.67565
6.97166
7.36035
7.75099
8.09225
8.36896
8.58574
8.75205
8.87724
8.97047
9.03945
7.50571
7.91362
8.24757
8.62834
8.97143
9.24983
9.46287
9.62097
9.73614
9.81903
9.87893
9.92229
8.60787
9.14936
9.50531
9.85665
10.1368
10.3375
10.4765
10.5704
10.6325
10.6736
10.702
10.7221
9.75498
10.4544
10.7683
11.0099
11.1987
11.3092
11.3703
11.4019
11.4162
11.4223
11.4266
11.43
10.7767
11.7754
11.9589
12.0095
12.0765
12.0964
12.0907
12.0753
12.0584
12.0455
12.0401
12.0385
-0.420475
-0.553974
-0.517863
-0.349683
-0.0437249
0.360399
0.85112
1.35699
1.81373
2.1611
2.31205
2.18422
2.56423
2.63299
2.67187
2.72611
2.79971
2.90687
3.02236
3.14098
3.23594
3.38246
3.33531
2.67753
3.44381
3.52953
3.60432
3.68947
3.78253
3.8718
3.95115
3.99295
3.96603
3.94103
3.79745
2.83741
4.80076
4.90212
4.98001
5.0395
5.07733
5.09138
5.07652
5.0003
4.84145
4.64655
4.37252
3.14027
6.01175
6.08941
6.1417
6.17211
6.17936
6.15904
6.10017
5.98841
5.794
5.51489
5.18305
3.74878
7.11947
7.18245
7.22209
7.24017
7.23558
7.20447
7.1366
7.01895
6.82739
6.53804
6.1914
4.7643
8.14527
8.19324
8.22265
8.23503
8.23001
8.20511
8.15409
8.06621
7.92255
7.69809
7.42144
6.13715
9.08936
9.12401
9.14645
9.15868
9.16156
9.1547
9.13548
9.0987
9.03639
8.92923
8.812
7.86277
9.95383
9.9764
9.9933
10.0074
10.0216
10.0378
10.0572
10.0821
10.1192
10.1684
10.2965
9.87263
10.7377
10.7497
10.7617
10.7769
10.8011
10.8397
10.8966
10.9816
11.115
11.327
11.8081
12.1014
11.4351
11.4398
11.4486
11.4641
11.4935
11.5472
11.6318
11.763
11.9678
12.314
13.1892
14.3607
12.0427
12.045
12.053
12.0683
12.0977
12.1541
12.2472
12.3968
12.6213
13.0107
13.987
15.8513
0.000134138
-0.121417
-0.229107
-0.299421
-0.333676
-0.318519
-0.280384
-0.21809
-0.097993
0.0904559
0.0365494
-0.204058
0.656316
0.470717
0.336057
0.261467
0.254845
0.34614
0.582274
0.801659
1.35727
2.01776
2.30681
2.47704
1.35261
1.07986
0.947671
0.929926
1.03286
1.27519
1.71958
2.15419
2.55126
2.91721
3.14595
3.32678
2.24474
1.97713
1.91198
2.00048
2.28229
2.71205
3.17496
3.5947
3.96067
4.2642
4.48809
4.66827
3.25513
3.09409
3.12577
3.33853
3.72003
4.16886
4.59877
4.97463
5.30043
5.55884
5.75326
5.9032
4.31971
4.2735
4.41269
4.72017
5.13484
5.55984
5.94263
6.26716
6.53424
6.74504
6.90638
7.02968
5.38255
5.46653
5.6974
6.06221
6.47672
6.86697
7.19924
7.46997
7.68557
7.85286
7.98001
8.07583
6.43999
6.67581
6.9719
7.36061
7.7512
8.09239
8.36906
8.58582
8.75213
8.87733
8.97056
9.03956
7.50567
7.91372
8.24772
8.6285
8.97154
9.2499
9.46292
9.62101
9.73619
9.81909
9.879
9.92238
8.60783
9.14944
9.5054
9.85673
10.1368
10.3375
10.4766
10.5704
10.6326
10.6736
10.7021
10.7222
9.75495
10.4545
10.7684
11.0099
11.1987
11.3092
11.3703
11.4019
11.4162
11.4223
11.4266
11.43
10.7766
11.7755
11.959
12.0094
12.0764
12.0963
12.0907
12.0752
12.0583
12.0455
12.0401
12.0385
-0.420406
-0.553759
-0.517585
-0.349325
-0.0433592
0.36078
0.851461
1.3573
1.81398
2.16129
2.31219
2.18439
2.56445
2.6332
2.67212
2.72638
2.8
2.90716
3.02264
3.14124
3.23617
3.38264
3.33547
2.67774
3.4441
3.52981
3.6046
3.68975
3.78282
3.87209
3.95143
3.99322
3.96629
3.94127
3.79767
2.8377
4.80103
4.90239
4.98027
5.03976
5.0776
5.09165
5.07679
5.00058
4.84173
4.64683
4.3728
3.14063
6.01197
6.08964
6.14193
6.17236
6.17962
6.15931
6.10044
5.98869
5.7943
5.51521
5.18337
3.74918
7.11967
7.18265
7.2223
7.24039
7.23581
7.20471
7.13686
7.01923
6.82768
6.53837
6.19174
4.76473
8.14542
8.19341
8.22283
8.23522
8.23022
8.20534
8.15434
8.06648
7.92285
7.69842
7.4218
6.13759
9.08949
9.12415
9.14661
9.15885
9.16175
9.15491
9.1357
9.09895
9.03667
8.92955
8.81236
7.86321
9.95394
9.97652
9.99344
10.0075
10.0217
10.038
10.0575
10.0824
10.1194
10.1687
10.2968
9.87304
10.7378
10.7498
10.7619
10.7771
10.8013
10.8399
10.8968
10.9818
11.1152
11.3273
11.8084
12.1018
11.4352
11.4399
11.4487
11.4642
11.4937
11.5473
11.6319
11.7632
11.968
12.3142
13.1895
14.361
12.0427
12.045
12.0531
12.0684
12.0978
12.1542
12.2474
12.3969
12.6215
13.0109
13.9872
15.8514
0.000139144
-0.121471
-0.229246
-0.299596
-0.333863
-0.318713
-0.280569
-0.218329
-0.0982618
0.0902841
0.0364564
-0.204183
0.656214
0.470525
0.33577
0.261104
0.254483
0.3458
0.581914
0.801346
1.35683
2.01749
2.3067
2.47692
1.35251
1.07964
0.947341
0.929528
1.0324
1.27472
1.71911
2.15381
2.55091
2.91694
3.14573
3.32657
2.24468
1.97693
1.91166
2.00009
2.28179
2.71155
3.17456
3.59437
3.9604
4.26399
4.48791
4.66811
3.25509
3.09392
3.12547
3.3381
3.71956
4.16847
4.59848
4.9744
5.30025
5.5587
5.75314
5.90309
4.31968
4.27336
4.41241
4.71982
5.13452
5.55962
5.94247
6.26706
6.53415
6.74498
6.90632
7.02962
5.38256
5.46641
5.69719
6.06198
6.47655
6.86687
7.1992
7.46995
7.68556
7.85285
7.97999
8.07581
6.44004
6.67574
6.97178
7.3605
7.75114
8.09239
8.3691
8.58587
8.75217
8.87736
8.97058
9.03956
7.50573
7.91369
8.24767
8.62847
8.97156
9.24995
9.46299
9.62108
9.73625
9.81914
9.87904
9.92239
8.60789
9.14942
9.5054
9.85675
10.1369
10.3376
10.4766
10.5705
10.6326
10.6737
10.7021
10.7222
9.75499
10.4545
10.7684
11.01
11.1988
11.3093
11.3704
11.402
11.4163
11.4224
11.4267
11.4301
10.7767
11.7755
11.959
12.0095
12.0766
12.0964
12.0908
12.0754
12.0585
12.0456
12.0402
12.0386
-0.420578
-0.55402
-0.517874
-0.349643
-0.0436592
0.360501
0.851236
1.35713
1.81387
2.16125
2.3122
2.18437
2.56432
2.63306
2.67195
2.72621
2.79982
2.907
3.0225
3.14113
3.23609
3.38261
3.33545
2.67767
3.44392
3.52963
3.60443
3.68958
3.78265
3.87193
3.95129
3.99309
3.96618
3.94117
3.79759
2.83755
4.80088
4.90224
4.98013
5.03962
5.07746
5.09151
5.07666
5.00045
4.84159
4.64669
4.37266
3.14042
6.01187
6.08953
6.14182
6.17224
6.17949
6.15918
6.10031
5.98856
5.79415
5.51505
5.18321
3.74895
7.11959
7.18257
7.22221
7.24029
7.23571
7.2046
7.13674
7.0191
6.82754
6.5382
6.19157
4.76449
8.14539
8.19336
8.22277
8.23515
8.23013
8.20524
8.15423
8.06636
7.92271
7.69826
7.42163
6.13737
9.08947
9.12412
9.14657
9.15879
9.16168
9.15482
9.13561
9.09884
9.03654
8.92941
8.81221
7.86302
9.95394
9.9765
9.9934
10.0075
10.0217
10.0379
10.0574
10.0823
10.1193
10.1685
10.2967
9.87289
10.7378
10.7498
10.7618
10.777
10.8012
10.8398
10.8967
10.9817
11.1151
11.3272
11.8083
12.1017
11.4352
11.4399
11.4487
11.4641
11.4936
11.5473
11.6319
11.7631
11.9679
12.3142
13.1894
14.3609
12.0428
12.045
12.0531
12.0684
12.0978
12.1542
12.2473
12.3969
12.6214
13.0108
13.9872
15.8514
12.8267
12.9784
12.8633
12.7462
12.6932
12.6485
12.6053
12.5687
12.5447
12.5342
12.5381
12.5467
13.2113
13.0686
13.0544
13.0054
12.975
12.9424
12.9098
12.8871
12.8831
12.8976
12.9303
12.9654
13.3845
13.2861
13.2478
13.1867
13.1413
13.1054
13.0832
13.0833
13.1116
13.1662
13.2442
13.3218
13.5168
13.4296
13.356
13.2755
13.2096
13.165
13.1516
13.1799
13.2554
13.3749
13.5288
13.6864
12.5625
12.568
12.5786
12.5929
12.6171
12.6643
12.746
12.8821
13.0659
13.3363
13.6563
14.5949
13.0064
13.0185
13.0343
13.0443
13.0565
13.0835
13.138
13.2408
13.3721
13.5636
13.6392
13.9301
13.3985
13.4134
13.4351
13.4338
13.4251
13.4206
13.4327
13.4835
13.5513
13.6804
13.6852
13.7735
13.8134
13.8108
13.8333
13.8073
13.7617
13.7052
13.6495
13.6188
13.6017
13.6572
13.6333
13.6982
12.8266
12.9783
12.8632
12.7462
12.6931
12.6484
12.6053
12.5687
12.5447
12.5342
12.538
12.5467
13.2112
13.0686
13.0544
13.0054
12.975
12.9424
12.9098
12.887
12.883
12.8976
12.9303
12.9654
13.3845
13.2861
13.2478
13.1867
13.1413
13.1054
13.0832
13.0832
13.1116
13.1662
13.2442
13.3217
13.5169
13.4296
13.356
13.2755
13.2096
13.165
13.1516
13.1798
13.2553
13.3748
13.5288
13.6864
12.5624
12.5679
12.5785
12.5928
12.6171
12.6643
12.746
12.882
13.0659
13.3362
13.6563
14.5949
13.0063
13.0185
13.0343
13.0443
13.0565
13.0835
13.138
13.2407
13.3721
13.5635
13.6392
13.9301
13.3985
13.4134
13.4351
13.4338
13.4251
13.4206
13.4326
13.4835
13.5513
13.6803
13.6852
13.7734
13.8134
13.8108
13.8333
13.8073
13.7617
13.7052
13.6495
13.6188
13.6016
13.6572
13.6332
13.6981
12.8266
12.9783
12.8632
12.7461
12.6931
12.6484
12.6052
12.5686
12.5446
12.5341
12.538
12.5467
13.2112
13.0686
13.0543
13.0053
12.9749
12.9423
12.9097
12.8869
12.883
12.8975
12.9302
12.9653
13.3845
13.286
13.2477
13.1866
13.1412
13.1052
13.083
13.0831
13.1114
13.1661
13.2441
13.3217
13.5168
13.4295
13.3559
13.2754
13.2094
13.1649
13.1514
13.1797
13.2551
13.3747
13.5287
13.6864
12.5625
12.568
12.5786
12.5929
12.6172
12.6644
12.7461
12.8822
13.066
13.3364
13.6565
14.5951
13.0064
13.0185
13.0344
13.0444
13.0566
13.0836
13.1381
13.2409
13.3722
13.5636
13.6393
13.9303
13.3985
13.4134
13.4351
13.4338
13.4252
13.4207
13.4328
13.4836
13.5514
13.6805
13.6853
13.7736
13.8134
13.8108
13.8333
13.8073
13.7617
13.7052
13.6496
13.6189
13.6018
13.6574
13.6334
13.6983
12.8267
12.9784
12.8633
12.7463
12.6932
12.6486
12.6054
12.5688
12.5448
12.5343
12.5381
12.5467
13.2114
13.0687
13.0545
13.0055
12.9751
12.9426
12.9099
12.8872
12.8832
12.8977
12.9304
12.9655
13.3847
13.2862
13.2479
13.1869
13.1414
13.1055
13.0834
13.0834
13.1117
13.1663
13.2443
13.3218
13.517
13.4297
13.3562
13.2757
13.2098
13.1652
13.1518
13.18
13.2555
13.375
13.5289
13.6865
12.5625
12.568
12.5786
12.5929
12.6171
12.6644
12.7461
12.8821
13.0659
13.3363
13.6564
14.595
13.0064
13.0185
13.0344
13.0443
13.0565
13.0835
13.138
13.2408
13.3721
13.5636
13.6393
13.9302
13.3985
13.4134
13.4351
13.4338
13.4251
13.4206
13.4327
13.4835
13.5513
13.6804
13.6852
13.7735
13.8134
13.8109
13.8333
13.8073
13.7617
13.7051
13.6494
13.6188
13.6017
13.6572
13.6333
13.6982
13.6374
13.5706
13.4933
13.4143
13.3438
13.292
13.2703
13.2897
13.3562
13.4685
13.6168
13.7865
13.7537
13.6945
13.6282
13.5621
13.5012
13.4521
13.4237
13.4251
13.462
13.5347
13.6375
13.7637
13.8434
13.7892
13.7298
13.6703
13.6124
13.5611
13.5242
13.5104
13.5276
13.5787
13.6628
13.7748
13.9104
13.8591
13.803
13.745
13.6851
13.6274
13.5793
13.5508
13.5532
13.5946
13.6755
13.7372
13.9805
13.9981
14.0337
14.0111
13.968
13.9065
13.8382
13.7789
13.7275
13.7255
13.6799
13.7121
14.0013
14.0142
14.0626
14.0573
14.0389
14.0058
13.9679
13.9336
13.9
13.8868
13.8408
13.827
14.0888
14.0573
14.1076
14.1105
14.1035
14.084
14.0598
14.0351
14.007
13.9858
13.9409
13.9098
14.2946
14.1409
14.1626
14.1632
14.1589
14.1451
14.1269
14.1053
14.0784
14.0513
14.0068
13.9691
13.6375
13.5706
13.4933
13.4143
13.3439
13.292
13.2703
13.2897
13.3562
13.4684
13.6168
13.7865
13.7537
13.6945
13.6282
13.5622
13.5012
13.4521
13.4237
13.4251
13.462
13.5347
13.6375
13.7637
13.8434
13.7892
13.7298
13.6703
13.6124
13.5611
13.5242
13.5104
13.5275
13.5787
13.6627
13.7747
13.9104
13.8592
13.803
13.7451
13.6851
13.6274
13.5793
13.5508
13.5532
13.5945
13.6755
13.7371
13.9805
13.9981
14.0337
14.0111
13.968
13.9065
13.8382
13.7789
13.7274
13.7254
13.6799
13.712
14.0013
14.0141
14.0626
14.0573
14.0389
14.0058
13.9679
13.9336
13.8999
13.8867
13.8407
13.8269
14.0888
14.0573
14.1076
14.1104
14.1035
14.0839
14.0598
14.035
14.007
13.9858
13.9408
13.9097
14.2945
14.1409
14.1625
14.1632
14.1588
14.1451
14.1268
14.1052
14.0783
14.0512
14.0067
13.969
13.6374
13.5705
13.4932
13.4142
13.3437
13.2918
13.2701
13.2895
13.356
13.4683
13.6167
13.7864
13.7536
13.6944
13.6281
13.562
13.5011
13.452
13.4236
13.4249
13.4618
13.5345
13.6374
13.7636
13.8433
13.7891
13.7297
13.6702
13.6123
13.561
13.524
13.5103
13.5274
13.5785
13.6626
13.7747
13.9103
13.8591
13.8029
13.7449
13.685
13.6273
13.5792
13.5507
13.5531
13.5944
13.6754
13.7371
13.9805
13.9981
14.0337
14.0111
13.9681
13.9066
13.8383
13.779
13.7276
13.7256
13.6801
13.7122
14.0013
14.0142
14.0626
14.0574
14.039
14.0059
13.968
13.9337
13.9001
13.8869
13.8409
13.8271
14.0888
14.0573
14.1077
14.1105
14.1036
14.0841
14.0599
14.0352
14.0072
13.986
13.941
13.9099
14.2946
14.1409
14.1626
14.1633
14.159
14.1452
14.127
14.1054
14.0785
14.0514
14.0069
13.9692
13.6376
13.5708
13.4935
13.4145
13.344
13.2922
13.2705
13.2899
13.3564
13.4686
13.617
13.7866
13.7539
13.6947
13.6284
13.5623
13.5014
13.4523
13.4239
13.4253
13.4622
13.5348
13.6376
13.7638
13.8436
13.7893
13.7299
13.6705
13.6126
13.5613
13.5243
13.5106
13.5277
13.5788
13.6629
13.7749
13.9105
13.8593
13.8032
13.7452
13.6852
13.6276
13.5795
13.551
13.5534
13.5947
13.6756
13.7373
13.9806
13.9981
14.0337
14.0111
13.968
13.9065
13.8381
13.7789
13.7274
13.7255
13.6799
13.7121
14.0014
14.0142
14.0626
14.0573
14.0389
14.0058
13.9679
13.9336
13.9
13.8867
13.8408
13.827
14.0889
14.0573
14.1076
14.1105
14.1035
14.0839
14.0598
14.035
14.007
13.9858
13.9408
13.9097
14.2946
14.1409
14.1626
14.1632
14.1589
14.1451
14.1268
14.1052
14.0783
14.0512
14.0068
13.969
13.9585
13.9079
13.8519
13.7917
13.7261
13.6589
13.5971
13.5514
13.5336
13.5457
13.5869
13.4853
13.991
13.9391
13.8807
13.8156
13.7423
13.6642
13.5881
13.5256
13.4889
13.4775
13.5161
13.5008
14.0113
13.9569
13.8945
13.8233
13.742
13.6536
13.5658
13.4918
13.447
13.4358
13.4719
13.4926
14.0227
13.9654
13.8986
13.8215
13.7331
13.6369
13.5417
13.4632
13.4191
13.4157
13.4535
13.4912
14.0281
13.968
13.8974
13.8153
13.7217
13.6206
13.5224
13.4448
13.4056
13.4101
13.4538
13.5007
14.0299
13.9677
13.8941
13.8085
13.7116
13.6085
13.5105
13.4369
13.4039
13.4163
13.4679
13.519
14.0303
13.9665
13.8912
13.8034
13.7052
13.6019
13.5061
13.4376
13.4108
13.4303
13.489
13.5425
14.0308
13.9662
13.8902
13.8018
13.7033
13.6011
13.5079
13.4445
13.4229
13.4488
13.5133
13.5673
14.0328
13.9684
13.8927
13.8046
13.707
13.6059
13.5151
13.4557
13.4372
13.4678
13.536
13.5902
14.0382
13.9754
13.9013
13.8145
13.718
13.6176
13.5271
13.4694
13.4503
13.4828
13.5529
13.6097
14.0488
13.9896
13.9188
13.8344
13.7391
13.6381
13.5452
13.4856
13.461
13.4927
13.5651
13.6232
14.0592
14.0041
13.9376
13.8571
13.7648
13.6647
13.5726
13.5011
13.4748
13.5037
13.5723
13.6238
14.6714
14.3152
14.2233
14.2099
14.2027
14.191
14.1753
14.1549
14.1282
14.0977
14.0537
14.0127
14.6465
14.3878
14.2668
14.2445
14.2359
14.2247
14.2099
14.1894
14.1623
14.1297
14.0864
14.0433
14.5815
14.3817
14.2938
14.2681
14.2601
14.2491
14.2343
14.2131
14.1849
14.1509
14.1079
14.0633
14.515
14.3605
14.3093
14.2845
14.2774
14.2667
14.2513
14.2289
14.1996
14.1641
14.1212
14.0754
14.4617
14.3442
14.3186
14.2966
14.2899
14.2794
14.263
14.2393
14.2086
14.1719
14.1287
14.0818
14.4278
14.336
14.3251
14.306
14.2996
14.2885
14.2709
14.2458
14.2138
14.1761
14.1325
14.0847
14.4136
14.3375
14.3314
14.3143
14.3072
14.2948
14.276
14.2497
14.2166
14.178
14.1343
14.0859
14.4145
14.3494
14.3385
14.322
14.3129
14.299
14.2791
14.2517
14.2178
14.1788
14.1352
14.0867
14.4251
14.3698
14.347
14.3291
14.3165
14.3007
14.2801
14.2522
14.218
14.1791
14.1362
14.0883
14.4406
14.3944
14.3571
14.3341
14.3162
14.2986
14.278
14.2508
14.2172
14.1796
14.1383
14.092
14.4583
14.4146
14.3683
14.3364
14.3125
14.2929
14.2725
14.2466
14.2152
14.1804
14.1421
14.0991
14.4779
14.4327
14.3773
14.3399
14.3115
14.2898
14.2685
14.2429
14.2134
14.1812
14.1456
14.1057
13.9585
13.908
13.8519
13.7917
13.7261
13.6589
13.5971
13.5514
13.5336
13.5457
13.5869
13.4852
13.991
13.9392
13.8807
13.8156
13.7423
13.6642
13.5881
13.5256
13.4889
13.4774
13.5161
13.5007
14.0113
13.9569
13.8946
13.8234
13.742
13.6536
13.5658
13.4918
13.4469
13.4357
13.4719
13.4925
14.0227
13.9654
13.8987
13.8216
13.7331
13.6369
13.5417
13.4632
13.419
13.4156
13.4535
13.4911
14.0281
13.9681
13.8974
13.8153
13.7217
13.6207
13.5224
13.4448
13.4055
13.41
13.4537
13.5006
14.03
13.9677
13.8942
13.8085
13.7117
13.6086
13.5105
13.4369
13.4039
13.4162
13.4679
13.5189
14.0304
13.9666
13.8912
13.8035
13.7052
13.602
13.506
13.4375
13.4107
13.4303
13.489
13.5424
14.0309
13.9663
13.8902
13.8018
13.7033
13.6011
13.5079
13.4445
13.4229
13.4488
13.5132
13.5673
14.0328
13.9684
13.8928
13.8046
13.707
13.6059
13.515
13.4556
13.4371
13.4678
13.5359
13.5902
14.0383
13.9754
13.9014
13.8145
13.718
13.6176
13.5271
13.4694
13.4502
13.4828
13.5528
13.6097
14.0489
13.9896
13.9189
13.8344
13.7391
13.6382
13.5452
13.4855
13.461
13.4927
13.5651
13.6231
14.0593
14.0042
13.9376
13.8572
13.7648
13.6647
13.5726
13.5011
13.4747
13.5036
13.5722
13.6238
14.6714
14.3152
14.2233
14.2099
14.2027
14.1909
14.1753
14.1549
14.1281
14.0976
14.0536
14.0126
14.6465
14.3878
14.2668
14.2444
14.2358
14.2246
14.2098
14.1894
14.1622
14.1296
14.0863
14.0432
14.5815
14.3816
14.2938
14.268
14.26
14.2491
14.2342
14.213
14.1849
14.1508
14.1078
14.0632
14.515
14.3605
14.3093
14.2845
14.2774
14.2667
14.2512
14.2288
14.1995
14.164
14.1211
14.0753
14.4616
14.3442
14.3186
14.2965
14.2899
14.2794
14.2629
14.2392
14.2085
14.1718
14.1286
14.0817
14.4277
14.336
14.3251
14.306
14.2995
14.2884
14.2708
14.2458
14.2137
14.176
14.1324
14.0846
14.4136
14.3374
14.3313
14.3142
14.3071
14.2947
14.276
14.2496
14.2165
14.1779
14.1342
14.0858
14.4145
14.3494
14.3385
14.322
14.3129
14.2989
14.279
14.2516
14.2177
14.1787
14.1351
14.0866
14.4251
14.3697
14.347
14.3291
14.3164
14.3007
14.28
14.2522
14.2179
14.179
14.1361
14.0881
14.4405
14.3944
14.357
14.334
14.3161
14.2986
14.278
14.2507
14.2171
14.1795
14.1382
14.0919
14.4582
14.4145
14.3683
14.3364
14.3124
14.2928
14.2724
14.2465
14.2151
14.1803
14.142
14.099
14.4778
14.4327
14.3772
14.3398
14.3114
14.2898
14.2684
14.2428
14.2133
14.1811
14.1455
14.1056
13.9584
13.9079
13.8518
13.7916
13.726
13.6588
13.597
13.5513
13.5334
13.5455
13.5867
13.4851
13.9909
13.9391
13.8806
13.8155
13.7422
13.664
13.588
13.5254
13.4887
13.4773
13.5159
13.5005
14.0112
13.9568
13.8944
13.8233
13.7419
13.6535
13.5657
13.4917
13.4468
13.4356
13.4717
13.4924
14.0226
13.9653
13.8986
13.8214
13.733
13.6368
13.5415
13.463
13.4189
13.4155
13.4533
13.491
14.028
13.968
13.8973
13.8152
13.7216
13.6205
13.5223
13.4446
13.4054
13.4099
13.4536
13.5005
14.0299
13.9676
13.894
13.8084
13.7115
13.6084
13.5104
13.4367
13.4037
13.416
13.4677
13.5188
14.0303
13.9665
13.8911
13.8034
13.7051
13.6018
13.5059
13.4374
13.4106
13.4301
13.4888
13.5423
14.0308
13.9662
13.8901
13.8017
13.7032
13.601
13.5078
13.4444
13.4227
13.4486
13.5131
13.5671
14.0327
13.9683
13.8927
13.8045
13.7068
13.6058
13.5149
13.4555
13.437
13.4676
13.5358
13.59
14.0382
13.9753
13.9013
13.8144
13.7179
13.6175
13.5269
13.4692
13.4501
13.4826
13.5527
13.6095
14.0488
13.9896
13.9188
13.8343
13.739
13.638
13.5451
13.4854
13.4608
13.4925
13.5649
13.623
14.0592
14.0041
13.9375
13.8571
13.7647
13.6646
13.5725
13.501
13.4746
13.5035
13.5721
13.6236
14.6717
14.3153
14.2234
14.21
14.2028
14.1911
14.1755
14.155
14.1283
14.0978
14.0539
14.0128
14.6467
14.3879
14.2669
14.2446
14.236
14.2248
14.21
14.1896
14.1624
14.1299
14.0865
14.0434
14.5818
14.3818
14.2939
14.2682
14.2602
14.2492
14.2344
14.2132
14.1851
14.151
14.108
14.0635
14.5152
14.3607
14.3094
14.2846
14.2775
14.2669
14.2514
14.2291
14.1997
14.1642
14.1213
14.0755
14.4618
14.3444
14.3187
14.2967
14.2901
14.2796
14.2631
14.2394
14.2087
14.172
14.1288
14.0819
14.4279
14.3362
14.3253
14.3062
14.2997
14.2886
14.271
14.246
14.2139
14.1762
14.1326
14.0848
14.4138
14.3376
14.3315
14.3144
14.3073
14.2949
14.2761
14.2498
14.2167
14.1781
14.1344
14.086
14.4147
14.3495
14.3387
14.3222
14.3131
14.2991
14.2792
14.2518
14.2179
14.1789
14.1353
14.0868
14.4253
14.3699
14.3472
14.3293
14.3166
14.3009
14.2802
14.2524
14.2181
14.1792
14.1363
14.0884
14.4407
14.3946
14.3572
14.3342
14.3163
14.2988
14.2782
14.2509
14.2173
14.1797
14.1384
14.0921
14.4585
14.4147
14.3685
14.3366
14.3126
14.293
14.2727
14.2467
14.2154
14.1805
14.1422
14.0992
14.4781
14.4329
14.3775
14.34
14.3116
14.2899
14.2686
14.243
14.2135
14.1813
14.1457
14.1058
13.9586
13.9081
13.852
13.7918
13.7263
13.6591
13.5973
13.5516
13.5337
13.5458
13.587
13.4854
13.9911
13.9393
13.8808
13.8157
13.7424
13.6643
13.5883
13.5257
13.489
13.4776
13.5162
13.5009
14.0114
13.9571
13.8947
13.8235
13.7421
13.6538
13.566
13.492
13.4471
13.4359
13.472
13.4927
14.0228
13.9655
13.8988
13.8217
13.7332
13.637
13.5418
13.4633
13.4192
13.4158
13.4536
13.4913
14.0282
13.9682
13.8976
13.8155
13.7218
13.6208
13.5226
13.445
13.4057
13.4102
13.4539
13.5008
14.0301
13.9678
13.8943
13.8086
13.7118
13.6087
13.5107
13.437
13.404
13.4164
13.468
13.5191
14.0305
13.9667
13.8913
13.8036
13.7053
13.6021
13.5062
13.4377
13.4109
13.4304
13.4891
13.5426
14.031
13.9664
13.8904
13.8019
13.7035
13.6012
13.5081
13.4447
13.423
13.4489
13.5134
13.5674
14.0329
13.9685
13.8929
13.8048
13.7071
13.6061
13.5152
13.4558
13.4373
13.4679
13.5361
13.5903
14.0384
13.9755
13.9015
13.8147
13.7182
13.6177
13.5272
13.4695
13.4504
13.4829
13.553
13.6098
14.049
13.9897
13.919
13.8345
13.7393
13.6383
13.5454
13.4857
13.4611
13.4928
13.5652
13.6233
14.0594
14.0043
13.9377
13.8573
13.7649
13.6649
13.5728
13.5013
13.4749
13.5038
13.5724
13.6239
14.6715
14.3152
14.2233
14.2099
14.2027
14.1909
14.1753
14.1549
14.1281
14.0976
14.0537
14.0126
14.6465
14.3878
14.2668
14.2445
14.2358
14.2246
14.2099
14.1894
14.1622
14.1297
14.0863
14.0432
14.5816
14.3816
14.2938
14.268
14.2601
14.2491
14.2342
14.213
14.1849
14.1508
14.1078
14.0633
14.515
14.3605
14.3093
14.2845
14.2774
14.2667
14.2512
14.2289
14.1995
14.164
14.1211
14.0753
14.4616
14.3442
14.3186
14.2965
14.2899
14.2794
14.2629
14.2392
14.2085
14.1718
14.1286
14.0817
14.4277
14.336
14.3251
14.306
14.2995
14.2884
14.2708
14.2458
14.2137
14.176
14.1324
14.0846
14.4136
14.3374
14.3313
14.3142
14.3071
14.2947
14.276
14.2496
14.2165
14.1779
14.1342
14.0858
14.4145
14.3494
14.3385
14.322
14.3129
14.2989
14.279
14.2516
14.2177
14.1787
14.1351
14.0866
14.4251
14.3698
14.347
14.3291
14.3164
14.3007
14.28
14.2522
14.2179
14.179
14.1361
14.0882
14.4405
14.3944
14.357
14.334
14.3161
14.2986
14.278
14.2507
14.2171
14.1795
14.1382
14.0919
14.4583
14.4145
14.3683
14.3364
14.3124
14.2928
14.2725
14.2466
14.2152
14.1803
14.142
14.099
14.4779
14.4327
14.3773
14.3398
14.3114
14.2898
14.2684
14.2428
14.2133
14.1811
14.1455
14.1056
)
;

boundaryField
{
    rotor
    {
        type            zeroGradient;
    }
    stator
    {
        type            zeroGradient;
    }
    front
    {
        type            empty;
    }
    back
    {
        type            empty;
    }
}


// ************************************************************************* //
