/*--------------------------------*- C++ -*----------------------------------*\
  =========                 |
  \\      /  F ield         | OpenFOAM: The Open Source CFD Toolbox
   \\    /   O peration     | Website:  https://openfoam.org
    \\  /    A nd           | Version:  6
     \\/     M anipulation  |
\*---------------------------------------------------------------------------*/
FoamFile
{
    version     2.0;
    format      ascii;
    class       surfaceScalarField;
    location    "450";
    object      phi;
}
// * * * * * * * * * * * * * * * * * * * * * * * * * * * * * * * * * * * * * //

dimensions      [0 3 -1 0 0 0 0];

internalField   nonuniform List<scalar> 
5952
(
5.24906e-06
-5.25628e-06
8.84005e-06
-3.59132e-06
1.1553e-05
-2.71262e-06
1.30056e-05
-1.45229e-06
1.31236e-05
-1.17453e-07
1.1478e-05
1.64686e-06
7.14276e-06
4.33551e-06
7.921e-07
6.35187e-06
-1.21231e-05
1.29149e-05
-2.65665e-05
1.44434e-05
-3.73315e-05
1.07647e-05
8.406e-06
-4.57378e-05
1.41404e-06
-6.67032e-06
3.64769e-06
-5.82523e-06
3.94273e-06
-3.00721e-06
2.32285e-06
1.68223e-07
-1.67298e-06
3.87931e-06
-9.38988e-06
9.36445e-06
-2.08546e-05
1.58005e-05
-3.27826e-05
1.82801e-05
-3.85112e-05
1.86435e-05
-4.07501e-05
1.66822e-05
-4.31733e-05
1.31878e-05
1.04155e-05
-4.51829e-05
1.29203e-06
-7.96244e-06
1.00262e-06
-5.53582e-06
-1.31084e-06
-6.93388e-07
-6.47043e-06
5.32835e-06
-1.50799e-05
1.24892e-05
-2.43538e-05
1.86387e-05
-2.99852e-05
2.14321e-05
-3.29919e-05
2.12869e-05
-3.41786e-05
1.98301e-05
-3.46318e-05
1.71353e-05
-3.54163e-05
1.39721e-05
1.10767e-05
-3.60776e-05
-1.74638e-06
-6.21605e-06
-4.69836e-06
-2.58366e-06
-9.43337e-06
4.04197e-06
-1.58353e-05
1.17307e-05
-2.18107e-05
1.84649e-05
-2.542e-05
2.22483e-05
-2.68649e-05
2.28772e-05
-2.72619e-05
2.16841e-05
-2.71986e-05
1.97669e-05
-2.71049e-05
1.70415e-05
-2.71841e-05
1.40513e-05
1.11416e-05
-2.7249e-05
-3.66102e-06
-2.55485e-06
-8.51466e-06
2.27022e-06
-1.35316e-05
9.05927e-06
-1.78413e-05
1.60407e-05
-2.03668e-05
2.09908e-05
-2.09655e-05
2.28473e-05
-2.05933e-05
2.25051e-05
-1.99151e-05
2.1006e-05
-1.90618e-05
1.89135e-05
-1.839e-05
1.63697e-05
-1.79575e-05
1.36187e-05
1.0839e-05
-1.7655e-05
-4.83536e-06
2.28066e-06
-9.69559e-06
7.13082e-06
-1.34832e-05
1.28472e-05
-1.55175e-05
1.80754e-05
-1.57031e-05
2.11768e-05
-1.47487e-05
2.18931e-05
-1.33804e-05
2.1137e-05
-1.19776e-05
1.96033e-05
-1.06951e-05
1.7631e-05
-9.66862e-06
1.53432e-05
-8.91714e-06
1.28672e-05
1.02992e-05
-8.3774e-06
-5.1744e-06
7.45557e-06
-9.26921e-06
1.12259e-05
-1.15113e-05
1.50897e-05
-1.16611e-05
1.82256e-05
-1.02729e-05
1.97888e-05
-8.24751e-06
1.9868e-05
-6.13426e-06
1.90238e-05
-4.18324e-06
1.76524e-05
-2.50087e-06
1.59487e-05
-1.14435e-06
1.39867e-05
-1.08743e-07
1.18316e-05
9.53603e-06
6.544e-07
-5.15735e-06
1.26131e-05
-8.16942e-06
1.42382e-05
-8.78513e-06
1.57056e-05
-7.35916e-06
1.67998e-05
-4.78791e-06
1.72177e-05
-1.88347e-06
1.69637e-05
9.1346e-07
1.6227e-05
3.405e-06
1.51609e-05
5.51609e-06
1.38376e-05
7.22658e-06
1.22762e-05
8.56035e-06
1.04978e-05
8.53054e-06
9.56583e-06
-4.57324e-06
1.71866e-05
-6.34179e-06
1.60069e-05
-5.22941e-06
1.45933e-05
-2.40702e-06
1.39775e-05
1.20276e-06
1.3608e-05
4.8998e-06
1.32667e-05
8.31622e-06
1.28106e-05
1.12982e-05
1.21789e-05
1.38003e-05
1.13355e-05
1.58292e-05
1.02473e-05
1.74281e-05
8.89883e-06
7.30542e-06
1.86533e-05
-4.03864e-06
2.12252e-05
-3.05778e-06
1.5026e-05
5.50013e-07
1.09855e-05
4.86281e-06
9.66467e-06
9.35625e-06
9.11451e-06
1.35928e-05
9.0302e-06
1.73463e-05
9.0571e-06
2.05445e-05
8.98064e-06
2.31925e-05
8.6875e-06
2.53296e-05
8.11028e-06
2.70211e-05
7.20734e-06
5.99516e-06
2.83313e-05
5.63935e-07
2.06614e-05
6.08796e-06
9.50201e-06
1.19646e-05
5.10889e-06
1.73061e-05
4.32313e-06
2.19958e-05
4.4248e-06
2.60196e-05
5.00642e-06
2.94163e-05
5.6604e-06
3.22349e-05
6.16207e-06
3.45341e-05
6.38832e-06
3.63753e-05
6.2691e-06
3.78364e-05
5.74623e-06
4.85216e-06
3.89794e-05
2.04022e-05
2.59109e-07
2.86847e-05
1.21948e-06
3.37451e-05
4.84321e-08
3.76067e-05
4.61563e-07
4.05817e-05
1.44981e-06
4.30177e-05
2.57043e-06
4.5056e-05
3.62211e-06
4.67409e-05
4.47718e-06
4.81057e-05
5.02351e-06
4.91848e-05
5.19002e-06
5.0044e-05
4.8871e-06
5.07277e-05
4.16844e-06
-5.16193e-05
5.88124e-06
-5.55595e-05
3.93998e-06
-5.7372e-05
1.8125e-06
-5.7411e-05
3.88341e-08
-5.56451e-05
-1.76587e-06
-5.21699e-05
-3.47522e-06
-4.67194e-05
-5.45047e-06
-3.93292e-05
-7.39014e-06
-2.98e-05
-9.52924e-06
-1.83749e-05
-1.1425e-05
-6.99336e-06
-1.13814e-05
-6.99332e-06
-4.68248e-05
7.52302e-06
-4.76501e-05
4.76511e-06
-4.79564e-05
2.11879e-06
-4.75507e-05
-3.66961e-07
-4.64661e-05
-2.85046e-06
-4.44254e-05
-5.51596e-06
-4.14202e-05
-8.45563e-06
-3.7072e-05
-1.17383e-05
-3.1219e-05
-1.53821e-05
-2.355e-05
-1.9094e-05
-1.31242e-05
-2.18072e-05
-2.01175e-05
-3.66859e-05
8.13124e-06
-3.71597e-05
5.23882e-06
-3.74076e-05
2.36664e-06
-3.72391e-05
-5.35529e-07
-3.64988e-05
-3.59072e-06
-3.51206e-05
-6.89417e-06
-3.29995e-05
-1.05767e-05
-3.0004e-05
-1.47338e-05
-2.60479e-05
-1.93381e-05
-2.06516e-05
-2.44903e-05
-1.27991e-05
-2.96597e-05
-3.29165e-05
-2.73101e-05
8.1922e-06
-2.73074e-05
5.2361e-06
-2.71794e-05
2.23863e-06
-2.68496e-05
-8.65321e-07
-2.62548e-05
-4.18553e-06
-2.53229e-05
-7.82608e-06
-2.39609e-05
-1.19387e-05
-2.20407e-05
-1.6654e-05
-1.93481e-05
-2.20307e-05
-1.53927e-05
-2.84457e-05
-9.41066e-06
-3.56417e-05
-4.23272e-05
-1.74603e-05
7.99749e-06
-1.73213e-05
5.097e-06
-1.71827e-05
2.09998e-06
-1.6988e-05
-1.05999e-06
-1.6693e-05
-4.48051e-06
-1.62468e-05
-8.27227e-06
-1.55903e-05
-1.25952e-05
-1.46589e-05
-1.75854e-05
-1.32492e-05
-2.34404e-05
-1.11406e-05
-3.05543e-05
-7.44527e-06
-3.9337e-05
-4.97725e-05
-8.01429e-06
7.63435e-06
-7.78408e-06
4.86677e-06
-7.64568e-06
1.96156e-06
-7.56435e-06
-1.14134e-06
-7.51594e-06
-4.52893e-06
-7.47782e-06
-8.31038e-06
-7.44436e-06
-1.26286e-05
-7.37542e-06
-1.76543e-05
-7.15591e-06
-2.36599e-05
-6.60206e-06
-3.11081e-05
-4.88095e-06
-4.10581e-05
-5.46534e-05
1.18484e-06
7.10388e-06
1.51922e-06
4.53237e-06
1.68573e-06
1.79504e-06
1.70026e-06
-1.15588e-06
1.56395e-06
-4.39262e-06
1.26486e-06
-8.01129e-06
7.76261e-07
-1.214e-05
8.22231e-08
-1.69603e-05
-7.91897e-07
-2.27858e-05
-1.72493e-06
-3.01751e-05
-2.25199e-06
-4.05311e-05
-5.69054e-05
1.02889e-05
6.38084e-06
1.0763e-05
4.05818e-06
1.10085e-05
1.5496e-06
1.10273e-05
-1.17475e-06
1.08019e-05
-4.16719e-06
1.02909e-05
-7.50024e-06
9.4214e-06
-1.12705e-05
8.10179e-06
-1.56406e-05
6.23904e-06
-2.0923e-05
3.81618e-06
-2.77522e-05
1.21716e-06
-3.79321e-05
-5.56883e-05
1.95609e-05
5.47314e-06
2.0186e-05
3.43307e-06
2.05466e-05
1.18909e-06
2.0636e-05
-1.26418e-06
2.04227e-05
-3.95385e-06
1.98411e-05
-6.91865e-06
1.87691e-05
-1.01985e-05
1.70294e-05
-1.39009e-05
1.43767e-05
-1.82703e-05
1.05555e-05
-2.3931e-05
5.66309e-06
-3.30397e-05
-5.00252e-05
2.93304e-05
4.47408e-06
3.0053e-05
2.71047e-06
3.05194e-05
7.22682e-07
3.07187e-05
-1.46347e-06
3.06082e-05
-3.84332e-06
3.01035e-05
-6.41398e-06
2.90399e-05
-9.13482e-06
2.7162e-05
-1.2023e-05
2.40591e-05
-1.51672e-05
1.92247e-05
-1.90966e-05
1.18453e-05
-2.56603e-05
-3.81799e-05
3.98888e-05
3.56469e-06
4.0589e-05
2.01024e-06
4.11036e-05
2.08093e-07
4.14191e-05
-1.77893e-06
4.14832e-05
-3.90735e-06
4.11979e-05
-6.12865e-06
4.0371e-05
-8.30786e-06
3.87037e-05
-1.03557e-05
3.56473e-05
-1.21108e-05
3.0462e-05
-1.39112e-05
2.06266e-05
-1.58248e-05
-1.75533e-05
5.13428e-05
2.94966e-06
5.18876e-05
1.46541e-06
5.23873e-05
-2.91557e-07
5.28195e-05
-2.21109e-06
5.31171e-05
-4.20491e-06
5.31707e-05
-6.18231e-06
5.27856e-05
-7.92265e-06
5.16907e-05
-9.26079e-06
4.93612e-05
-9.78123e-06
4.486e-05
-9.41007e-06
3.45436e-05
-5.50832e-06
1.69903e-05
5.25161e-06
-5.25191e-06
8.84326e-06
-3.59189e-06
1.15558e-05
-2.71259e-06
1.30081e-05
-1.45212e-06
1.31257e-05
-1.17589e-07
1.14821e-05
1.64483e-06
7.14895e-06
4.33286e-06
8.00829e-07
6.34919e-06
-1.21113e-05
1.29115e-05
-2.65574e-05
1.44461e-05
-3.73262e-05
1.07684e-05
8.40842e-06
-4.57348e-05
1.41753e-06
-6.66964e-06
3.65116e-06
-5.82574e-06
3.94725e-06
-3.00856e-06
2.32896e-06
1.66584e-07
-1.66488e-06
3.8767e-06
-9.37881e-06
9.35927e-06
-2.08433e-05
1.57975e-05
-3.27759e-05
1.8282e-05
-3.85103e-05
1.86458e-05
-4.07505e-05
1.66863e-05
-4.31734e-05
1.31911e-05
1.04179e-05
-4.51831e-05
1.2937e-06
-7.9634e-06
1.00559e-06
-5.53767e-06
-1.30617e-06
-6.96586e-07
-6.4625e-06
5.3233e-06
-1.50695e-05
1.24839e-05
-2.43466e-05
1.86367e-05
-2.99831e-05
2.14341e-05
-3.29917e-05
2.12906e-05
-3.41797e-05
1.98338e-05
-3.46329e-05
1.71395e-05
-3.54174e-05
1.39754e-05
1.10793e-05
-3.60789e-05
-1.74515e-06
-6.21816e-06
-4.69507e-06
-2.5876e-06
-9.42757e-06
4.03627e-06
-1.58287e-05
1.17248e-05
-2.18065e-05
1.84619e-05
-2.54194e-05
2.22498e-05
-2.6866e-05
2.28808e-05
-2.72634e-05
2.16881e-05
-2.72004e-05
1.97707e-05
-2.71063e-05
1.70453e-05
-2.71855e-05
1.40544e-05
1.11441e-05
-2.72503e-05
-3.65948e-06
-2.55849e-06
-8.51156e-06
2.26496e-06
-1.35283e-05
9.05331e-06
-1.78397e-05
1.60365e-05
-2.03677e-05
2.09903e-05
-2.09677e-05
2.285e-05
-2.05954e-05
2.25088e-05
-1.99172e-05
2.10099e-05
-1.90636e-05
1.89171e-05
-1.83915e-05
1.6373e-05
-1.79586e-05
1.36215e-05
1.08413e-05
-1.76559e-05
-4.83392e-06
2.27656e-06
-9.6947e-06
7.12602e-06
-1.34836e-05
1.28427e-05
-1.55194e-05
1.80729e-05
-1.57061e-05
2.11772e-05
-1.47515e-05
2.18958e-05
-1.33829e-05
2.11402e-05
-1.19794e-05
1.96067e-05
-1.06965e-05
1.76341e-05
-9.66955e-06
1.53461e-05
-8.91781e-06
1.28697e-05
1.03013e-05
-8.37784e-06
-5.17484e-06
7.45176e-06
-9.27043e-06
1.12222e-05
-1.15139e-05
1.50865e-05
-1.16646e-05
1.8224e-05
-1.02763e-05
1.97893e-05
-8.25028e-06
1.987e-05
-6.13624e-06
1.90264e-05
-4.1846e-06
1.76551e-05
-2.5017e-06
1.59513e-05
-1.14478e-06
1.39891e-05
-1.08877e-07
1.18338e-05
9.53792e-06
6.54437e-07
-5.15841e-06
1.26106e-05
-8.17179e-06
1.42356e-05
-8.78847e-06
1.57034e-05
-7.36283e-06
1.67986e-05
-4.79117e-06
1.72178e-05
-1.88593e-06
1.69649e-05
9.11823e-07
1.62288e-05
3.40406e-06
1.51629e-05
5.51569e-06
1.38397e-05
7.22658e-06
1.22782e-05
8.56062e-06
1.04997e-05
8.53225e-06
9.56626e-06
-4.57481e-06
1.71855e-05
-6.34424e-06
1.60052e-05
-5.23252e-06
1.45917e-05
-2.4103e-06
1.39764e-05
1.19986e-06
1.36077e-05
4.89763e-06
1.32672e-05
8.31484e-06
1.28116e-05
1.12975e-05
1.21802e-05
1.38002e-05
1.1337e-05
1.58294e-05
1.0249e-05
1.74286e-05
8.90048e-06
7.30696e-06
1.86539e-05
-4.03941e-06
2.12251e-05
-3.05919e-06
1.5025e-05
5.4795e-07
1.09846e-05
4.86045e-06
9.66394e-06
9.35408e-06
9.1141e-06
1.35911e-05
9.0302e-06
1.73452e-05
9.05751e-06
2.0544e-05
8.98141e-06
2.31925e-05
8.68857e-06
2.53299e-05
8.11157e-06
2.70216e-05
7.20873e-06
5.99654e-06
2.8332e-05
5.64046e-07
2.06612e-05
6.0875e-06
9.50161e-06
1.19635e-05
5.10856e-06
1.73047e-05
4.32272e-06
2.19945e-05
4.4244e-06
2.60185e-05
5.0062e-06
2.94155e-05
5.66047e-06
3.22345e-05
6.16247e-06
3.4534e-05
6.38905e-06
3.63755e-05
6.27011e-06
3.78368e-05
5.74741e-06
4.85341e-06
3.89799e-05
2.04022e-05
2.59057e-07
2.86844e-05
1.21943e-06
3.37445e-05
4.85306e-08
3.76058e-05
4.61438e-07
4.05807e-05
1.44951e-06
4.30168e-05
2.57011e-06
4.50553e-05
3.62199e-06
4.67404e-05
4.47735e-06
4.81055e-05
5.02402e-06
4.91848e-05
5.19084e-06
5.00441e-05
4.88813e-06
5.07279e-05
4.16955e-06
-5.16181e-05
5.88301e-06
-5.55596e-05
3.94136e-06
-5.73731e-05
1.81333e-06
-5.74126e-05
3.94491e-08
-5.56471e-05
-1.76559e-06
-5.21721e-05
-3.4751e-06
-4.67216e-05
-5.45049e-06
-3.93313e-05
-7.3903e-06
-2.98019e-05
-9.52952e-06
-1.83764e-05
-1.14254e-05
-6.99443e-06
-1.13821e-05
-6.99446e-06
-4.68256e-05
7.52536e-06
-4.76512e-05
4.76675e-06
-4.79579e-05
2.11993e-06
-4.75523e-05
-3.66237e-07
-4.64678e-05
-2.85011e-06
-4.44271e-05
-5.51588e-06
-4.14218e-05
-8.45579e-06
-3.70735e-05
-1.17387e-05
-3.12203e-05
-1.53827e-05
-2.35509e-05
-1.90948e-05
-1.31249e-05
-2.18082e-05
-2.01193e-05
-3.66871e-05
8.13344e-06
-3.71609e-05
5.24047e-06
-3.74088e-05
2.3678e-06
-3.72403e-05
-5.34811e-07
-3.65001e-05
-3.5904e-06
-3.51219e-05
-6.89418e-06
-3.30007e-05
-1.0577e-05
-3.0005e-05
-1.47344e-05
-2.60487e-05
-1.9339e-05
-2.06521e-05
-2.44915e-05
-1.27991e-05
-2.96612e-05
-3.29185e-05
-2.73112e-05
8.19424e-06
-2.73085e-05
5.23764e-06
-2.71804e-05
2.23968e-06
-2.68506e-05
-8.64689e-07
-2.62558e-05
-4.18529e-06
-2.53238e-05
-7.82618e-06
-2.39617e-05
-1.19391e-05
-2.20415e-05
-1.66547e-05
-1.93488e-05
-2.20317e-05
-1.53932e-05
-2.8447e-05
-9.41099e-06
-3.56434e-05
-4.23295e-05
-1.74611e-05
7.99936e-06
-1.7322e-05
5.0984e-06
-1.71833e-05
2.10095e-06
-1.69886e-05
-1.05943e-06
-1.66936e-05
-4.48032e-06
-1.62474e-05
-8.27242e-06
-1.55908e-05
-1.25957e-05
-1.46593e-05
-1.75862e-05
-1.32495e-05
-2.34416e-05
-1.11408e-05
-3.05557e-05
-7.44542e-06
-3.93389e-05
-4.97749e-05
-8.01461e-06
7.63604e-06
-7.78431e-06
4.86807e-06
-7.64589e-06
1.96246e-06
-7.56454e-06
-1.14081e-06
-7.51615e-06
-4.52876e-06
-7.47803e-06
-8.31056e-06
-7.4446e-06
-1.26291e-05
-7.37564e-06
-1.76552e-05
-7.15611e-06
-2.36611e-05
-6.60227e-06
-3.11097e-05
-4.8811e-06
-4.10601e-05
-5.46561e-05
1.18499e-06
7.10545e-06
1.51941e-06
4.5336e-06
1.68593e-06
1.79591e-06
1.70044e-06
-1.15536e-06
1.56409e-06
-4.39244e-06
1.26496e-06
-8.01146e-06
7.76307e-07
-1.21405e-05
8.2241e-08
-1.69611e-05
-7.91921e-07
-2.2787e-05
-1.72495e-06
-3.01767e-05
-2.25205e-06
-4.05332e-05
-5.69082e-05
1.02894e-05
6.38231e-06
1.07636e-05
4.05936e-06
1.1009e-05
1.55047e-06
1.10278e-05
-1.17421e-06
1.08023e-05
-4.16698e-06
1.02912e-05
-7.50036e-06
9.42169e-06
-1.1271e-05
8.10201e-06
-1.56415e-05
6.23922e-06
-2.09242e-05
3.81627e-06
-2.77538e-05
1.21719e-06
-3.79341e-05
-5.5691e-05
1.95617e-05
5.47451e-06
2.01868e-05
3.43421e-06
2.05473e-05
1.18995e-06
2.06367e-05
-1.26361e-06
2.04233e-05
-3.9536e-06
1.98417e-05
-6.91873e-06
1.87696e-05
-1.01989e-05
1.70298e-05
-1.39017e-05
1.4377e-05
-1.82714e-05
1.05557e-05
-2.39325e-05
5.66323e-06
-3.30416e-05
-5.00278e-05
2.93312e-05
4.47536e-06
3.00538e-05
2.71157e-06
3.05202e-05
7.2354e-07
3.07195e-05
-1.46288e-06
3.06089e-05
-3.84304e-06
3.01042e-05
-6.41402e-06
2.90405e-05
-9.1352e-06
2.71626e-05
-1.20238e-05
2.40596e-05
-1.51683e-05
1.92251e-05
-1.9098e-05
1.18456e-05
-2.5662e-05
-3.81822e-05
3.98894e-05
3.56587e-06
4.05897e-05
2.01129e-06
4.11043e-05
2.0892e-07
4.14198e-05
-1.77836e-06
4.14839e-05
-3.90708e-06
4.11986e-05
-6.1287e-06
4.03717e-05
-8.30825e-06
3.87044e-05
-1.03564e-05
3.5648e-05
-1.21119e-05
3.04626e-05
-1.39126e-05
2.0627e-05
-1.58264e-05
-1.75551e-05
5.13431e-05
2.95076e-06
5.1888e-05
1.46639e-06
5.23878e-05
-2.9079e-07
5.282e-05
-2.21059e-06
5.31177e-05
-4.20471e-06
5.31715e-05
-6.18244e-06
5.27864e-05
-7.92313e-06
5.16916e-05
-9.26161e-06
4.93621e-05
-9.78236e-06
4.48609e-05
-9.4114e-06
3.45443e-05
-5.50972e-06
1.69893e-05
5.24991e-06
-5.24985e-06
8.84072e-06
-3.59074e-06
1.15524e-05
-2.71136e-06
1.30046e-05
-1.45149e-06
1.31222e-05
-1.17107e-07
1.14772e-05
1.64697e-06
7.14189e-06
4.3357e-06
7.91912e-07
6.3517e-06
-1.21228e-05
1.29143e-05
-2.65654e-05
1.44427e-05
-3.73302e-05
1.07643e-05
8.40573e-06
-4.57363e-05
1.41598e-06
-6.66585e-06
3.64765e-06
-5.82249e-06
3.94217e-06
-3.00546e-06
2.32251e-06
1.69058e-07
-1.673e-06
3.87939e-06
-9.38929e-06
9.3641e-06
-2.08532e-05
1.58e-05
-3.27806e-05
1.82792e-05
-3.8509e-05
1.86427e-05
-4.0748e-05
1.66815e-05
-4.31713e-05
1.31873e-05
1.04152e-05
-4.5181e-05
1.29313e-06
-7.95912e-06
1.00364e-06
-5.53301e-06
-1.30979e-06
-6.91701e-07
-6.46927e-06
5.32912e-06
-1.50787e-05
1.24893e-05
-2.43523e-05
1.86381e-05
-2.99832e-05
2.1431e-05
-3.29897e-05
2.1286e-05
-3.41764e-05
1.98293e-05
-3.46298e-05
1.71347e-05
-3.54143e-05
1.39717e-05
1.10764e-05
-3.60757e-05
-1.74554e-06
-6.21364e-06
-4.69716e-06
-2.58125e-06
-9.43211e-06
4.04359e-06
-1.58339e-05
1.17313e-05
-2.1809e-05
1.84647e-05
-2.54179e-05
2.22473e-05
-2.68627e-05
2.28761e-05
-2.72598e-05
2.16832e-05
-2.71966e-05
1.97661e-05
-2.71029e-05
1.70409e-05
-2.71822e-05
1.40509e-05
1.11413e-05
-2.72472e-05
-3.66027e-06
-2.55324e-06
-8.51369e-06
2.27243e-06
-1.35304e-05
9.06071e-06
-1.78398e-05
1.60411e-05
-2.0365e-05
2.09902e-05
-2.09636e-05
2.28463e-05
-2.05915e-05
2.25041e-05
-1.99134e-05
2.10052e-05
-1.90601e-05
1.89128e-05
-1.83884e-05
1.63692e-05
-1.79559e-05
1.36184e-05
1.08388e-05
-1.76535e-05
-4.83508e-06
2.28217e-06
-9.69493e-06
7.13268e-06
-1.34822e-05
1.28485e-05
-1.55162e-05
1.80756e-05
-1.57017e-05
2.11762e-05
-1.47474e-05
2.18923e-05
-1.33791e-05
2.11361e-05
-1.19763e-05
1.96025e-05
-1.06938e-05
1.76304e-05
-9.66732e-06
1.53427e-05
-8.91586e-06
1.28669e-05
1.0299e-05
-8.37615e-06
-5.17417e-06
7.45698e-06
-9.26865e-06
1.12276e-05
-1.15105e-05
1.50907e-05
-1.16602e-05
1.82258e-05
-1.02719e-05
1.97883e-05
-8.24661e-06
1.98672e-05
-6.13338e-06
1.9023e-05
-4.18233e-06
1.76516e-05
-2.49994e-06
1.5948e-05
-1.14337e-06
1.39862e-05
-1.07742e-07
1.18312e-05
9.53586e-06
6.55421e-07
-5.1572e-06
1.26144e-05
-8.16891e-06
1.42396e-05
-8.78441e-06
1.57065e-05
-7.35845e-06
1.68e-05
-4.7873e-06
1.72173e-05
-1.88292e-06
1.6963e-05
9.14028e-07
1.62261e-05
3.40562e-06
1.516e-05
5.51679e-06
1.38369e-05
7.22736e-06
1.22756e-05
8.5612e-06
1.04974e-05
8.53034e-06
9.56672e-06
-4.57299e-06
1.71878e-05
-6.34114e-06
1.60079e-05
-5.22862e-06
1.4594e-05
-2.40628e-06
1.39777e-05
1.20339e-06
1.36076e-05
4.90039e-06
1.3266e-05
8.31684e-06
1.28097e-05
1.12989e-05
1.2178e-05
1.38011e-05
1.13347e-05
1.583e-05
1.02467e-05
1.7429e-05
8.8984e-06
7.3052e-06
1.86542e-05
-4.038e-06
2.12258e-05
-3.05684e-06
1.50267e-05
5.51139e-07
1.0986e-05
4.86396e-06
9.66483e-06
9.35737e-06
9.11415e-06
1.35939e-05
9.02942e-06
1.73474e-05
9.05613e-06
2.05456e-05
8.97966e-06
2.31937e-05
8.68664e-06
2.53307e-05
8.10964e-06
2.70222e-05
7.20693e-06
5.99497e-06
2.83324e-05
5.64589e-07
2.06613e-05
6.08924e-06
9.50205e-06
1.19662e-05
5.10909e-06
1.73079e-05
4.32307e-06
2.19976e-05
4.42432e-06
2.60214e-05
5.00559e-06
2.94181e-05
5.65942e-06
3.22366e-05
6.16111e-06
3.45357e-05
6.38753e-06
3.63768e-05
6.26856e-06
3.78378e-05
5.74595e-06
4.85212e-06
3.89807e-05
2.04033e-05
2.57895e-07
2.86864e-05
1.21891e-06
3.37471e-05
4.82928e-08
3.76089e-05
4.61241e-07
4.0584e-05
1.44915e-06
4.30201e-05
2.56951e-06
4.50584e-05
3.62113e-06
4.67432e-05
4.47631e-06
4.81078e-05
5.02288e-06
4.91867e-05
5.1897e-06
5.00457e-05
4.88706e-06
5.07292e-05
4.16865e-06
-5.16178e-05
5.88112e-06
-5.5558e-05
3.93991e-06
-5.73707e-05
1.81252e-06
-5.74098e-05
3.88518e-08
-5.56441e-05
-1.76582e-06
-5.2169e-05
-3.47515e-06
-4.67188e-05
-5.45035e-06
-3.93288e-05
-7.39e-06
-2.97998e-05
-9.52908e-06
-1.8375e-05
-1.14249e-05
-6.99369e-06
-1.13814e-05
-6.99373e-06
-4.6823e-05
7.52286e-06
-4.76483e-05
4.76507e-06
-4.79548e-05
2.11883e-06
-4.75493e-05
-3.66881e-07
-4.64648e-05
-2.85034e-06
-4.44243e-05
-5.51578e-06
-4.14193e-05
-8.45542e-06
-3.70713e-05
-1.1738e-05
-3.12186e-05
-1.53818e-05
-2.35497e-05
-1.90937e-05
-1.31242e-05
-2.1807e-05
-2.0118e-05
-3.66842e-05
8.13111e-06
-3.71581e-05
5.23879e-06
-3.7406e-05
2.36669e-06
-3.72377e-05
-5.3539e-07
-3.64976e-05
-3.5905e-06
-3.51196e-05
-6.89387e-06
-3.29987e-05
-1.05764e-05
-3.00033e-05
-1.47334e-05
-2.60474e-05
-1.93378e-05
-2.06512e-05
-2.449e-05
-1.27987e-05
-2.96595e-05
-3.29167e-05
-2.73084e-05
8.19211e-06
-2.73058e-05
5.23613e-06
-2.7178e-05
2.23877e-06
-2.68484e-05
-8.65078e-07
-2.62537e-05
-4.1852e-06
-2.5322e-05
-7.82568e-06
-2.39601e-05
-1.19382e-05
-2.20401e-05
-1.66535e-05
-1.93477e-05
-2.20302e-05
-1.53924e-05
-2.84453e-05
-9.41057e-06
-3.56414e-05
-4.23273e-05
-1.74589e-05
7.99745e-06
-1.73199e-05
5.0971e-06
-1.71814e-05
2.10019e-06
-1.69869e-05
-1.05968e-06
-1.6692e-05
-4.48011e-06
-1.62459e-05
-8.27178e-06
-1.55896e-05
-1.25946e-05
-1.46583e-05
-1.75848e-05
-1.32487e-05
-2.34398e-05
-1.11403e-05
-3.05537e-05
-7.44513e-06
-3.93366e-05
-4.97724e-05
-8.01308e-06
7.63434e-06
-7.78293e-06
4.86689e-06
-7.64459e-06
1.96181e-06
-7.56332e-06
-1.14099e-06
-7.51499e-06
-4.52847e-06
-7.47697e-06
-8.30984e-06
-7.44362e-06
-1.2628e-05
-7.37481e-06
-1.76536e-05
-7.15546e-06
-2.36592e-05
-6.60179e-06
-3.11075e-05
-4.88084e-06
-4.10576e-05
-5.46533e-05
1.18586e-06
7.10387e-06
1.52022e-06
4.5325e-06
1.6867e-06
1.79528e-06
1.7012e-06
-1.15552e-06
1.56484e-06
-4.39215e-06
1.26569e-06
-8.01072e-06
7.77e-07
-1.21393e-05
8.2846e-08
-1.69595e-05
-7.9142e-07
-2.2785e-05
-1.72463e-06
-3.01743e-05
-2.25184e-06
-4.05305e-05
-5.69052e-05
1.02898e-05
6.3808e-06
1.0764e-05
4.05829e-06
1.10094e-05
1.54984e-06
1.10282e-05
-1.17439e-06
1.08028e-05
-4.16672e-06
1.02917e-05
-7.49965e-06
9.42214e-06
-1.12698e-05
8.10244e-06
-1.56398e-05
6.23955e-06
-2.09221e-05
3.81651e-06
-2.77513e-05
1.21732e-06
-3.79313e-05
-5.56879e-05
1.95619e-05
5.47309e-06
2.0187e-05
3.43318e-06
2.05475e-05
1.18934e-06
2.06369e-05
-1.26381e-06
2.04235e-05
-3.95337e-06
1.98419e-05
-6.91805e-06
1.87699e-05
-1.01978e-05
1.70301e-05
-1.39e-05
1.43772e-05
-1.82692e-05
1.05559e-05
-2.39299e-05
5.66329e-06
-3.30388e-05
-5.00246e-05
2.93314e-05
4.47408e-06
3.0054e-05
2.71063e-06
3.05203e-05
7.22982e-07
3.07195e-05
-1.46305e-06
3.0609e-05
-3.8428e-06
3.01043e-05
-6.41336e-06
2.90406e-05
-9.13406e-06
2.71627e-05
-1.20221e-05
2.40597e-05
-1.51661e-05
1.92252e-05
-1.90954e-05
1.18455e-05
-2.56591e-05
-3.81791e-05
3.989e-05
3.56483e-06
4.05901e-05
2.01053e-06
4.11046e-05
2.08494e-07
4.14199e-05
-1.77843e-06
4.14839e-05
-3.90678e-06
4.11986e-05
-6.128e-06
4.03717e-05
-8.30708e-06
3.87043e-05
-1.03547e-05
3.56479e-05
-1.21097e-05
3.04625e-05
-1.391e-05
2.06269e-05
-1.58235e-05
-1.75521e-05
5.1344e-05
2.95002e-06
5.18886e-05
1.46588e-06
5.23881e-05
-2.91014e-07
5.28202e-05
-2.2105e-06
5.31177e-05
-4.20427e-06
5.31714e-05
-6.18161e-06
5.27862e-05
-7.92185e-06
5.16913e-05
-9.2598e-06
4.93617e-05
-9.78006e-06
4.48605e-05
-9.40879e-06
3.4544e-05
-5.50685e-06
1.69919e-05
5.25157e-06
-5.25184e-06
8.84311e-06
-3.59177e-06
1.15556e-05
-2.71247e-06
1.30078e-05
-1.45198e-06
1.31251e-05
-1.17341e-07
1.14804e-05
1.6459e-06
7.14608e-06
4.33412e-06
7.9626e-07
6.35092e-06
-1.21181e-05
1.29138e-05
-2.65633e-05
1.44453e-05
-3.73304e-05
1.07667e-05
8.40738e-06
-4.57381e-05
1.41733e-06
-6.66934e-06
3.65057e-06
-5.8252e-06
3.94612e-06
-3.00788e-06
2.32709e-06
1.675e-07
-1.66805e-06
3.87827e-06
-9.38378e-06
9.36215e-06
-2.08489e-05
1.57994e-05
-3.27797e-05
1.82819e-05
-3.85114e-05
1.86454e-05
-4.07511e-05
1.66848e-05
-4.31743e-05
1.31898e-05
1.0417e-05
-4.51841e-05
1.29327e-06
-7.96265e-06
1.00455e-06
-5.53651e-06
-1.30807e-06
-6.95025e-07
-6.46585e-06
5.32569e-06
-1.50739e-05
1.24866e-05
-2.43497e-05
1.86382e-05
-2.99844e-05
2.14343e-05
-3.29923e-05
2.12898e-05
-3.41798e-05
1.98328e-05
-3.46331e-05
1.71381e-05
-3.54176e-05
1.39742e-05
1.10783e-05
-3.60791e-05
-1.74561e-06
-6.21693e-06
-4.69626e-06
-2.5857e-06
-9.4296e-06
4.03868e-06
-1.58309e-05
1.17274e-05
-2.18079e-05
1.84638e-05
-2.54198e-05
2.22503e-05
-2.68658e-05
2.28804e-05
-2.72632e-05
2.16873e-05
-2.72001e-05
1.97697e-05
-2.71062e-05
1.70441e-05
-2.71854e-05
1.40533e-05
1.11432e-05
-2.72504e-05
-3.6598e-06
-2.55692e-06
-8.51222e-06
2.26721e-06
-1.3529e-05
9.05578e-06
-1.784e-05
1.60387e-05
-2.03673e-05
2.09915e-05
-2.0967e-05
2.28502e-05
-2.05947e-05
2.25084e-05
-1.99166e-05
2.10091e-05
-1.90631e-05
1.89162e-05
-1.83912e-05
1.6372e-05
-1.79585e-05
1.36206e-05
1.08404e-05
-1.76559e-05
-4.83413e-06
2.27833e-06
-9.69467e-06
7.12804e-06
-1.34832e-05
1.28448e-05
-1.55187e-05
1.80747e-05
-1.57051e-05
2.11782e-05
-1.47505e-05
2.1896e-05
-1.3382e-05
2.114e-05
-1.19787e-05
1.96061e-05
-1.0696e-05
1.76335e-05
-9.66921e-06
1.53453e-05
-8.91761e-06
1.28689e-05
1.03005e-05
-8.37772e-06
-5.1746e-06
7.4533e-06
-9.26993e-06
1.12239e-05
-1.1513e-05
1.50882e-05
-1.16635e-05
1.82255e-05
-1.0275e-05
1.97902e-05
-8.24914e-06
1.98704e-05
-6.13529e-06
1.90264e-05
-4.18386e-06
1.76547e-05
-2.50113e-06
1.59508e-05
-1.14437e-06
1.39885e-05
-1.08579e-07
1.18331e-05
9.53725e-06
6.54658e-07
-5.15807e-06
1.26118e-05
-8.17111e-06
1.4237e-05
-8.78746e-06
1.57048e-05
-7.36158e-06
1.67998e-05
-4.78987e-06
1.72187e-05
-1.88474e-06
1.69654e-05
9.12837e-07
1.62289e-05
3.40488e-06
1.51628e-05
5.51636e-06
1.38394e-05
7.22711e-06
1.22778e-05
8.56106e-06
1.04992e-05
8.53166e-06
9.56664e-06
-4.57451e-06
1.71863e-05
-6.3436e-06
1.60063e-05
-5.23153e-06
1.45927e-05
-2.40905e-06
1.39774e-05
1.20118e-06
1.36085e-05
4.89887e-06
1.32678e-05
8.31593e-06
1.28119e-05
1.12985e-05
1.21803e-05
1.3801e-05
1.13369e-05
1.58301e-05
1.02486e-05
1.74293e-05
8.90001e-06
7.30642e-06
1.86545e-05
-4.0393e-06
2.12259e-05
-3.05878e-06
1.50258e-05
5.48752e-07
1.09853e-05
4.86153e-06
9.66464e-06
9.35528e-06
9.11478e-06
1.35923e-05
9.03077e-06
1.73463e-05
9.05789e-06
2.0545e-05
8.98156e-06
2.31934e-05
8.68849e-06
2.53307e-05
8.1113e-06
2.70224e-05
7.20832e-06
5.99603e-06
2.83328e-05
5.64029e-07
2.06619e-05
6.08782e-06
9.50206e-06
1.19641e-05
5.10894e-06
1.73056e-05
4.32321e-06
2.19954e-05
4.42499e-06
2.60194e-05
5.00677e-06
2.94164e-05
5.6609e-06
3.22353e-05
6.16268e-06
3.45348e-05
6.38902e-06
3.63763e-05
6.26987e-06
3.78376e-05
5.74701e-06
4.8529e-06
3.89807e-05
2.04024e-05
2.59657e-07
2.86847e-05
1.21977e-06
3.37449e-05
4.88503e-08
3.76062e-05
4.61901e-07
4.05811e-05
1.45007e-06
4.30172e-05
2.57067e-06
4.50557e-05
3.62241e-06
4.67409e-05
4.47755e-06
4.8106e-05
5.02398e-06
4.91853e-05
5.19056e-06
5.00447e-05
4.88769e-06
5.07286e-05
4.169e-06
-5.16205e-05
5.88219e-06
-5.55614e-05
3.94069e-06
-5.73744e-05
1.81288e-06
-5.74135e-05
3.90532e-08
-5.56477e-05
-1.76585e-06
-5.21725e-05
-3.47531e-06
-4.67219e-05
-5.45063e-06
-3.93315e-05
-7.39037e-06
-2.9802e-05
-9.52954e-06
-1.83766e-05
-1.14254e-05
-6.99464e-06
-1.13821e-05
-6.99466e-06
-4.68264e-05
7.52431e-06
-4.76518e-05
4.76597e-06
-4.79583e-05
2.11931e-06
-4.75526e-05
-3.66728e-07
-4.64681e-05
-2.85048e-06
-4.44272e-05
-5.51617e-06
-4.14219e-05
-8.456e-06
-3.70735e-05
-1.17388e-05
-3.12203e-05
-1.53828e-05
-2.35509e-05
-1.90948e-05
-1.31248e-05
-2.18082e-05
-2.01195e-05
-3.66874e-05
8.13251e-06
-3.71612e-05
5.23968e-06
-3.74091e-05
2.36713e-06
-3.72406e-05
-5.3536e-07
-3.65003e-05
-3.59084e-06
-3.51219e-05
-6.89452e-06
-3.30007e-05
-1.05773e-05
-3.0005e-05
-1.47346e-05
-2.60487e-05
-1.93391e-05
-2.0652e-05
-2.44915e-05
-1.2799e-05
-2.96611e-05
-3.29185e-05
-2.73113e-05
8.19338e-06
-2.73086e-05
5.23689e-06
-2.71806e-05
2.23904e-06
-2.68508e-05
-8.65236e-07
-2.62559e-05
-4.18575e-06
-2.53239e-05
-7.82657e-06
-2.39617e-05
-1.19394e-05
-2.20414e-05
-1.66549e-05
-1.93487e-05
-2.20318e-05
-1.53932e-05
-2.8447e-05
-9.41095e-06
-3.56434e-05
-4.23295e-05
-1.74611e-05
7.99858e-06
-1.7322e-05
5.09769e-06
-1.71833e-05
2.10033e-06
-1.69887e-05
-1.05999e-06
-1.66936e-05
-4.48081e-06
-1.62474e-05
-8.27285e-06
-1.55908e-05
-1.2596e-05
-1.46593e-05
-1.75865e-05
-1.32494e-05
-2.34417e-05
-1.11407e-05
-3.05558e-05
-7.44527e-06
-3.93388e-05
-4.97748e-05
-8.01456e-06
7.63532e-06
-7.78428e-06
4.8674e-06
-7.64587e-06
1.96184e-06
-7.56449e-06
-1.14138e-06
-7.51608e-06
-4.52928e-06
-7.47792e-06
-8.31101e-06
-7.44445e-06
-1.26295e-05
-7.37546e-06
-1.76554e-05
-7.15593e-06
-2.36613e-05
-6.60207e-06
-3.11097e-05
-4.88096e-06
-4.106e-05
-5.46558e-05
1.18517e-06
7.10479e-06
1.51957e-06
4.53295e-06
1.68609e-06
1.79529e-06
1.70062e-06
-1.15594e-06
1.5643e-06
-4.39298e-06
1.2652e-06
-8.01193e-06
7.76584e-07
-1.21409e-05
8.25328e-08
-1.69614e-05
-7.91624e-07
-2.27871e-05
-1.72469e-06
-3.01766e-05
-2.25182e-06
-4.05329e-05
-5.69076e-05
1.02897e-05
6.38169e-06
1.07639e-05
4.05874e-06
1.10093e-05
1.54985e-06
1.10282e-05
-1.1748e-06
1.08027e-05
-4.16753e-06
1.02916e-05
-7.50085e-06
9.42211e-06
-1.12714e-05
8.10242e-06
-1.56417e-05
6.2396e-06
-2.09243e-05
3.81661e-06
-2.77537e-05
1.21743e-06
-3.79337e-05
-5.56902e-05
1.95622e-05
5.47392e-06
2.01873e-05
3.4336e-06
2.05478e-05
1.18935e-06
2.06372e-05
-1.2642e-06
2.04238e-05
-3.95415e-06
1.98422e-05
-6.91921e-06
1.87702e-05
-1.01993e-05
1.70304e-05
-1.39019e-05
1.43775e-05
-1.82714e-05
1.05561e-05
-2.39323e-05
5.66352e-06
-3.30411e-05
-5.00267e-05
2.93319e-05
4.4748e-06
3.00545e-05
2.71099e-06
3.05209e-05
7.2295e-07
3.07202e-05
-1.46346e-06
3.06096e-05
-3.84358e-06
3.01049e-05
-6.41448e-06
2.90412e-05
-9.13554e-06
2.71633e-05
-1.20239e-05
2.40601e-05
-1.51682e-05
1.92255e-05
-1.90977e-05
1.18458e-05
-2.56613e-05
-3.81808e-05
3.98902e-05
3.56532e-06
4.05905e-05
2.01071e-06
4.11051e-05
2.0833e-07
4.14206e-05
-1.77893e-06
4.14847e-05
-3.90761e-06
4.11994e-05
-6.12913e-06
4.03724e-05
-8.30852e-06
3.8705e-05
-1.03565e-05
3.56485e-05
-1.21117e-05
3.0463e-05
-1.39121e-05
2.06272e-05
-1.58254e-05
-1.75535e-05
5.13438e-05
2.95016e-06
5.18888e-05
1.46576e-06
5.23886e-05
-2.91413e-07
5.28209e-05
-2.21118e-06
5.31185e-05
-4.20522e-06
5.31722e-05
-6.18281e-06
5.27871e-05
-7.92329e-06
5.16921e-05
-9.2615e-06
4.93624e-05
-9.78194e-06
4.48611e-05
-9.41068e-06
3.45442e-05
-5.5086e-06
1.69908e-05
6.55711e-05
3.99325e-06
-6.93052e-05
6.49248e-05
1.86577e-06
6.36018e-05
1.37135e-06
6.28658e-05
1.19756e-06
6.26286e-05
1.68702e-06
6.26837e-05
2.51543e-06
6.28602e-05
3.44568e-06
6.30397e-05
4.29769e-06
6.31613e-05
4.90196e-06
6.32097e-05
5.14165e-06
6.32364e-05
4.86046e-06
4.12779e-06
6.3277e-05
8.4114e-05
3.09637e-06
-8.32172e-05
8.37983e-05
2.18146e-06
8.31403e-05
2.02929e-06
8.22829e-05
2.05491e-06
8.14357e-05
2.53426e-06
8.06175e-05
3.33363e-06
7.98001e-05
4.26314e-06
7.89567e-05
5.14116e-06
7.80889e-05
5.76982e-06
7.72349e-05
5.99564e-06
7.64976e-05
5.59781e-06
4.65846e-06
7.5967e-05
9.70543e-05
2.08924e-06
-9.60472e-05
9.73741e-05
1.86169e-06
9.73225e-05
2.08084e-06
9.69023e-05
2.47506e-06
9.6199e-05
3.23759e-06
9.52534e-05
4.27928e-06
9.40954e-05
5.42117e-06
9.27725e-05
6.4641e-06
9.13658e-05
7.17654e-06
9.00062e-05
7.35536e-06
8.88785e-05
6.72555e-06
5.33008e-06
8.82069e-05
0.000108815
-0.000108207
1.48102e-06
0.00010908
1.59661e-06
0.000109015
2.14516e-06
0.000108579
2.91101e-06
0.000107783
4.03417e-06
0.000106665
5.39747e-06
0.000105288
6.79758e-06
0.000103759
7.99296e-06
0.000102233
8.70287e-06
0.000100936
8.65224e-06
0.000100133
7.52838e-06
0.000100266
5.19761e-06
6.34938e-05
2.7329e-06
6.38401e-05
1.11921e-06
6.43378e-05
-7.89224e-07
6.49362e-05
-2.80948e-06
6.55375e-05
-4.8062e-06
6.60063e-05
-6.65108e-06
6.61622e-05
-8.07852e-06
6.58011e-05
-8.89963e-06
6.47004e-05
-8.68057e-06
6.26079e-05
-7.3175e-06
6.09744e-05
-3.87484e-06
8.66083e-06
6.93039e-05
7.59282e-05
2.7717e-06
7.62416e-05
8.05855e-07
7.69059e-05
-1.45347e-06
7.78059e-05
-3.70951e-06
7.87967e-05
-5.79701e-06
7.96961e-05
-7.55046e-06
8.03175e-05
-8.6999e-06
8.04676e-05
-9.04978e-06
8.00863e-05
-8.2992e-06
7.90591e-05
-6.29037e-06
7.87781e-05
-3.59376e-06
4.2227e-06
8.32162e-05
8.84216e-05
2.55703e-06
8.91235e-05
1.04068e-07
9.02538e-05
-2.58372e-06
9.16045e-05
-5.06019e-06
9.29888e-05
-7.18127e-06
9.41904e-05
-8.7521e-06
9.5034e-05
-9.54347e-06
9.53408e-05
-9.35664e-06
9.51294e-05
-8.08776e-06
9.44062e-05
-5.56725e-06
9.39065e-05
-3.09406e-06
2.08256e-06
9.60466e-05
0.000101637
1.1866e-06
0.000103184
-1.44303e-06
0.000104909
-4.30939e-06
0.000106585
-6.73572e-06
0.00010805
-8.64643e-06
0.00010913
-9.8317e-06
0.000109716
-1.013e-05
0.000109715
-9.35578e-06
0.000109211
-7.58374e-06
0.000108387
-4.74348e-06
0.000107494
-2.20061e-06
0.000108206
1.37013e-06
6.55697e-05
3.99331e-06
6.49233e-05
1.86588e-06
6.36004e-05
1.37131e-06
6.28646e-05
1.19732e-06
6.26275e-05
1.68661e-06
6.26827e-05
2.51498e-06
6.28593e-05
3.44543e-06
6.3039e-05
4.29772e-06
6.31607e-05
4.90234e-06
6.32092e-05
5.14233e-06
6.3236e-05
4.86138e-06
4.12881e-06
6.32768e-05
8.41128e-05
3.09671e-06
8.3797e-05
2.18166e-06
8.31391e-05
2.02924e-06
8.22818e-05
2.05458e-06
8.14347e-05
2.53378e-06
8.06165e-05
3.33315e-06
7.97991e-05
4.26286e-06
7.89557e-05
5.14116e-06
7.8088e-05
5.77015e-06
7.72341e-05
5.99625e-06
7.64969e-05
5.59866e-06
4.65939e-06
7.59664e-05
9.70535e-05
2.08981e-06
9.73732e-05
1.86197e-06
9.73216e-05
2.08071e-06
9.69016e-05
2.47469e-06
9.61983e-05
3.2371e-06
9.52526e-05
4.27885e-06
9.40945e-05
5.42097e-06
9.27716e-05
6.46419e-06
9.13648e-05
7.17692e-06
9.00052e-05
7.35599e-06
8.88775e-05
6.72636e-06
5.33096e-06
8.8206e-05
0.000108814
1.4818e-06
0.000109079
1.59691e-06
0.000109015
2.14503e-06
0.000108579
2.91062e-06
0.000107782
4.03372e-06
0.000106664
5.39714e-06
0.000105288
6.79751e-06
0.000103759
7.99317e-06
0.000102232
8.70335e-06
0.000100935
8.65292e-06
0.000100133
7.52923e-06
0.000100265
5.19842e-06
6.34937e-05
2.73391e-06
6.38401e-05
1.12007e-06
6.43379e-05
-7.88573e-07
6.49365e-05
-2.80912e-06
6.5538e-05
-4.80616e-06
6.6007e-05
-6.65139e-06
6.6163e-05
-8.07917e-06
6.58021e-05
-8.90062e-06
6.47016e-05
-8.68182e-06
6.26092e-05
-7.319e-06
6.09758e-05
-3.8763e-06
8.65939e-06
6.93056e-05
7.59277e-05
2.7726e-06
7.62413e-05
8.06594e-07
7.69057e-05
-1.45299e-06
7.7806e-05
-3.70935e-06
7.87971e-05
-5.79719e-06
7.96967e-05
-7.551e-06
8.03183e-05
-8.7008e-06
8.04687e-05
-9.051e-06
8.00876e-05
-8.30068e-06
7.90606e-05
-6.292e-06
7.87797e-05
-3.59543e-06
4.22106e-06
8.3218e-05
8.84209e-05
2.55781e-06
8.9123e-05
1.04632e-07
9.02535e-05
-2.58347e-06
9.16045e-05
-5.0603e-06
9.29891e-05
-7.18175e-06
9.4191e-05
-8.75294e-06
9.50349e-05
-9.54466e-06
9.5342e-05
-9.35812e-06
9.51308e-05
-8.08945e-06
9.44078e-05
-5.5691e-06
9.39083e-05
-3.0959e-06
2.08073e-06
9.60486e-05
0.000101636
1.18728e-06
0.000103183
-1.44267e-06
0.000104909
-4.30942e-06
0.000106585
-6.73615e-06
0.000108051
-8.64724e-06
0.00010913
-9.83286e-06
0.000109717
-1.01315e-05
0.000109717
-9.3575e-06
0.000109213
-7.58563e-06
0.000108389
-4.74547e-06
0.000107496
-2.20261e-06
0.000108208
1.3682e-06
6.55716e-05
3.99192e-06
6.49256e-05
1.86486e-06
6.36033e-05
1.37059e-06
6.28678e-05
1.19669e-06
6.2631e-05
1.68598e-06
6.26862e-05
2.5143e-06
6.28627e-05
3.44466e-06
6.30421e-05
4.29691e-06
6.31635e-05
4.90155e-06
6.32116e-05
5.14162e-06
6.3238e-05
4.86075e-06
4.12833e-06
6.32783e-05
8.41148e-05
3.09511e-06
8.37992e-05
2.18034e-06
8.31416e-05
2.02813e-06
8.22847e-05
2.05362e-06
8.14378e-05
2.53289e-06
8.06198e-05
3.33231e-06
7.98024e-05
4.26208e-06
7.89588e-05
5.1405e-06
7.80908e-05
5.76965e-06
7.72365e-05
5.99595e-06
7.64988e-05
5.5985e-06
4.65939e-06
7.59678e-05
9.70556e-05
2.08808e-06
9.73754e-05
1.8605e-06
9.7324e-05
2.07947e-06
9.6904e-05
2.47356e-06
9.62009e-05
3.23606e-06
9.52553e-05
4.27792e-06
9.40972e-05
5.42019e-06
9.27741e-05
6.46366e-06
9.13671e-05
7.17672e-06
9.0007e-05
7.35611e-06
8.88788e-05
6.7267e-06
5.33141e-06
8.82068e-05
0.000108816
1.48002e-06
0.000109081
1.59541e-06
0.000109017
2.14371e-06
0.000108581
2.90946e-06
0.000107784
4.03267e-06
0.000106666
5.39624e-06
0.000105289
6.79686e-06
0.00010376
7.99292e-06
0.000102233
8.70357e-06
0.000100936
8.65356e-06
0.000100133
7.53005e-06
0.000100265
5.19922e-06
6.34948e-05
2.73354e-06
6.38409e-05
1.11988e-06
6.43384e-05
-7.8854e-07
6.49367e-05
-2.8088e-06
6.5538e-05
-4.80551e-06
6.60068e-05
-6.65034e-06
6.61626e-05
-8.07767e-06
6.58014e-05
-8.89859e-06
6.47007e-05
-8.67934e-06
6.26082e-05
-7.31623e-06
6.09748e-05
-3.87342e-06
8.66228e-06
6.93044e-05
7.59288e-05
2.77261e-06
7.6242e-05
8.06693e-07
7.69061e-05
-1.45269e-06
7.78061e-05
-3.70878e-06
7.87969e-05
-5.79628e-06
7.96962e-05
-7.54966e-06
8.03175e-05
-8.69896e-06
8.04676e-05
-9.04864e-06
8.00861e-05
-8.29787e-06
7.90589e-05
-6.28906e-06
7.87779e-05
-3.5924e-06
4.22404e-06
8.32161e-05
8.84214e-05
2.55811e-06
8.91232e-05
1.04963e-07
9.02535e-05
-2.58294e-06
9.16042e-05
-5.05947e-06
9.29885e-05
-7.18051e-06
9.419e-05
-8.75121e-06
9.50334e-05
-9.54239e-06
9.53401e-05
-9.35535e-06
9.51285e-05
-8.0863e-06
9.44054e-05
-5.56591e-06
9.39057e-05
-3.09279e-06
2.08376e-06
9.6046e-05
0.000101635
1.18763e-06
0.000103183
-1.44219e-06
0.000104908
-4.30866e-06
0.000106584
-6.73499e-06
0.000108049
-8.64559e-06
0.000109128
-9.83069e-06
0.000109715
-1.01288e-05
0.000109714
-9.35437e-06
0.00010921
-7.58224e-06
0.000108386
-4.74217e-06
0.000107493
-2.19949e-06
0.000108205
1.37115e-06
6.55699e-05
3.99416e-06
6.49232e-05
1.86648e-06
6.36002e-05
1.37183e-06
6.28642e-05
1.19787e-06
6.26272e-05
1.68717e-06
6.26824e-05
2.51549e-06
6.28591e-05
3.44577e-06
6.30388e-05
4.29783e-06
6.31607e-05
4.90219e-06
6.32093e-05
5.14194e-06
6.32363e-05
4.86081e-06
4.12812e-06
6.32772e-05
8.41126e-05
3.0977e-06
8.37966e-05
2.18249e-06
8.31385e-05
2.03e-06
8.2281e-05
2.05532e-06
8.14338e-05
2.53444e-06
8.06156e-05
3.33368e-06
7.97983e-05
4.26315e-06
7.8955e-05
5.14117e-06
7.80874e-05
5.76985e-06
7.72337e-05
5.99568e-06
7.64967e-05
5.59787e-06
4.65845e-06
7.59665e-05
9.70528e-05
2.09082e-06
9.73724e-05
1.86294e-06
9.73207e-05
2.08166e-06
9.69004e-05
2.47559e-06
9.6197e-05
3.23788e-06
9.52513e-05
4.27942e-06
9.40933e-05
5.42122e-06
9.27705e-05
6.46408e-06
9.13639e-05
7.17644e-06
9.00045e-05
7.35517e-06
8.88772e-05
6.72528e-06
5.32968e-06
8.8206e-05
0.000108813
1.48278e-06
0.000109078
1.59793e-06
0.000109014
2.14606e-06
0.000108578
2.9116e-06
0.000107781
4.03454e-06
0.000106663
5.39767e-06
0.000105286
6.79765e-06
0.000103758
7.99288e-06
0.000102232
8.70262e-06
0.000100935
8.65181e-06
0.000100133
7.52781e-06
0.000100265
5.19686e-06
6.34943e-05
2.73318e-06
6.38407e-05
1.11934e-06
6.43387e-05
-7.89276e-07
6.49373e-05
-2.80974e-06
6.55387e-05
-4.80665e-06
6.60076e-05
-6.65166e-06
6.61635e-05
-8.07917e-06
6.58024e-05
-8.90028e-06
6.47016e-05
-8.68114e-06
6.26089e-05
-7.31803e-06
6.09754e-05
-3.87502e-06
8.66103e-06
7.59281e-05
2.77165e-06
7.62418e-05
8.05693e-07
7.69063e-05
-1.4538e-06
7.78066e-05
-3.71e-06
7.87976e-05
-5.79762e-06
7.96971e-05
-7.55113e-06
8.03185e-05
-8.70056e-06
8.04686e-05
-9.05037e-06
8.00872e-05
-8.29966e-06
7.90599e-05
-6.29073e-06
7.87788e-05
-3.59396e-06
4.22264e-06
8.84212e-05
2.5566e-06
8.91234e-05
1.03578e-07
9.0254e-05
-2.58434e-06
9.16049e-05
-5.0609e-06
9.29894e-05
-7.18202e-06
9.41911e-05
-8.75281e-06
9.50346e-05
-9.5441e-06
9.53414e-05
-9.35713e-06
9.51298e-05
-8.08807e-06
9.44065e-05
-5.56753e-06
9.39068e-05
-3.09426e-06
2.08221e-06
0.000101636
1.18595e-06
0.000103184
-1.44372e-06
0.000104909
-4.31014e-06
0.000106585
-6.73652e-06
0.00010805
-8.6472e-06
0.00010913
-9.83237e-06
0.000109716
-1.01306e-05
0.000109715
-9.35614e-06
0.000109211
-7.58394e-06
0.000108387
-4.74368e-06
0.000107494
-2.20095e-06
1.36944e-06
-4.01925e-05
1.38542e-06
4.0288e-05
-4.05674e-05
1.97144e-06
-4.13211e-05
2.89883e-06
-4.24563e-05
4.04619e-06
-4.38891e-05
5.46691e-06
-4.54762e-05
6.98459e-06
-4.70322e-05
8.35359e-06
-4.83279e-05
9.28878e-06
-4.9108e-05
9.48295e-06
-4.91116e-05
8.65583e-06
-4.81204e-05
6.5372e-06
3.02658e-06
-4.59495e-05
-3.58811e-05
1.78837e-06
3.54781e-05
-3.67119e-05
2.80208e-06
-3.78907e-05
4.07759e-06
-3.93733e-05
5.52872e-06
-4.10155e-05
7.10912e-06
-4.26192e-05
8.58821e-06
-4.39482e-05
9.68266e-06
-4.4748e-05
1.00886e-05
-4.47966e-05
9.53158e-06
-4.39542e-05
7.81341e-06
-4.21658e-05
4.74863e-06
2.3763e-07
-3.93766e-05
-3.17626e-05
2.4885e-06
3.10623e-05
-3.28223e-05
3.86172e-06
-3.41648e-05
5.42002e-06
-3.57086e-05
7.07244e-06
-3.72836e-05
8.68407e-06
-3.86717e-05
9.97633e-06
-3.9631e-05
1.0642e-05
-3.99329e-05
1.03905e-05
-3.94234e-05
9.02205e-06
-3.81015e-05
6.49151e-06
-3.61286e-05
2.77574e-06
-2.37122e-06
-3.352e-05
-2.76989e-05
2.68915e-05
3.29578e-06
-2.87854e-05
4.94816e-06
-3.00748e-05
6.70935e-06
-3.1465e-05
8.46254e-06
-3.27809e-05
9.99992e-06
-3.38043e-05
1.09998e-05
-3.42978e-05
1.11354e-05
-3.40422e-05
1.01349e-05
-3.28998e-05
7.87965e-06
-3.0931e-05
4.52268e-06
-2.84707e-05
3.15459e-07
-2.76268e-05
-3.21495e-06
-4.28748e-05
-1.88788e-06
-4.09047e-05
-3.41308e-06
-3.92736e-05
-5.94038e-06
-3.80439e-05
-7.96543e-06
-3.73038e-05
-9.3865e-06
-3.70922e-05
-1.00434e-05
-3.73959e-05
-9.82632e-06
-3.81189e-05
-8.63277e-06
-3.9101e-05
-6.60175e-06
-3.99706e-05
-3.87392e-06
-4.06422e-05
-1.52902e-06
1.01608e-06
-4.02882e-05
-3.55525e-05
-5.71205e-06
-3.36417e-05
-5.32383e-06
-3.24031e-05
-7.17905e-06
-3.16267e-05
-8.74184e-06
-3.13614e-05
-9.65181e-06
-3.15842e-05
-9.82054e-06
-3.22229e-05
-9.18771e-06
-3.31281e-05
-7.7276e-06
-3.411e-05
-5.61984e-06
-3.4884e-05
-3.10005e-06
-3.54308e-05
-9.82223e-07
1.06333e-06
-3.54781e-05
-2.92e-05
-1.00318e-05
-2.76577e-05
-6.86613e-06
-2.69106e-05
-7.92626e-06
-2.65382e-05
-9.11424e-06
-2.65764e-05
-9.61356e-06
-2.7e-05
-9.39695e-06
-2.77281e-05
-8.45962e-06
-2.86156e-05
-6.84012e-06
-2.94972e-05
-4.73825e-06
-3.01861e-05
-2.41123e-06
-3.07222e-05
-4.4615e-07
1.40321e-06
-3.10622e-05
-2.28319e-05
-1.48267e-05
-2.22428e-05
-7.45528e-06
-2.21563e-05
-8.01278e-06
-2.2189e-05
-9.0816e-06
-2.24442e-05
-9.35843e-06
-2.29541e-05
-8.88708e-06
-2.3666e-05
-7.7478e-06
-2.44666e-05
-6.03948e-06
-2.52323e-05
-3.97265e-06
-2.58514e-05
-1.79218e-06
-2.63922e-05
9.4624e-08
-2.68911e-05
1.90212e-06
-4.01927e-05
1.38625e-06
-4.05675e-05
1.97165e-06
-4.13211e-05
2.8986e-06
-4.24563e-05
4.04581e-06
-4.38891e-05
5.46655e-06
-4.54764e-05
6.9844e-06
-4.70325e-05
8.35367e-06
-4.83284e-05
9.28913e-06
-4.91086e-05
9.48355e-06
-4.91123e-05
8.65662e-06
-4.81211e-05
6.5381e-06
3.02742e-06
-4.59502e-05
-3.58811e-05
1.78923e-06
-3.67117e-05
2.80215e-06
-3.78904e-05
4.07733e-06
-3.9373e-05
5.52835e-06
-4.10153e-05
7.10884e-06
-4.26191e-05
8.58816e-06
-4.39483e-05
9.6829e-06
-4.47483e-05
1.00891e-05
-4.47971e-05
9.53232e-06
-4.39548e-05
7.81429e-06
-4.21664e-05
4.74958e-06
2.38331e-07
-3.93771e-05
-3.17623e-05
2.48937e-06
-3.28219e-05
3.86167e-06
-3.41643e-05
5.41966e-06
-3.57081e-05
7.07209e-06
-3.72831e-05
8.68388e-06
-3.86714e-05
9.97643e-06
-3.9631e-05
1.06424e-05
-3.99331e-05
1.03912e-05
-3.94237e-05
9.02294e-06
-3.8102e-05
6.49248e-06
-3.61291e-05
2.77667e-06
-2.37064e-06
-3.35202e-05
-2.76985e-05
3.29666e-06
-2.87849e-05
4.94801e-06
-3.00742e-05
6.70895e-06
-3.14643e-05
8.4622e-06
-3.27803e-05
9.99982e-06
-3.38039e-05
1.1e-05
-3.42977e-05
1.11361e-05
-3.40423e-05
1.01359e-05
-3.29002e-05
7.88074e-06
-3.09314e-05
4.52374e-06
-2.84712e-05
3.16321e-07
-2.76269e-05
-3.21489e-06
-4.28753e-05
-1.88744e-06
-4.09047e-05
-3.41309e-06
-3.92733e-05
-5.9408e-06
-3.80432e-05
-7.96622e-06
-3.73028e-05
-9.38763e-06
-3.70908e-05
-1.00448e-05
-3.73943e-05
-9.82801e-06
-3.81172e-05
-8.63464e-06
-3.90991e-05
-6.60374e-06
-3.99687e-05
-3.87595e-06
-4.06403e-05
-1.53101e-06
1.0142e-06
-4.02864e-05
-3.55526e-05
-5.71186e-06
-3.36414e-05
-5.32422e-06
-3.24024e-05
-7.17983e-06
-3.16256e-05
-8.74296e-06
-3.13601e-05
-9.65321e-06
-3.15827e-05
-9.82218e-06
-3.22212e-05
-9.18954e-06
-3.31263e-05
-7.72955e-06
-3.41083e-05
-5.62183e-06
-3.48822e-05
-3.10203e-06
-3.54292e-05
-9.84118e-07
1.0616e-06
-3.54767e-05
-2.92e-05
-1.0032e-05
-2.76573e-05
-6.86692e-06
-2.69097e-05
-7.92738e-06
-2.65371e-05
-9.11562e-06
-2.65751e-05
-9.61516e-06
-2.69985e-05
-9.39874e-06
-2.77265e-05
-8.46153e-06
-2.8614e-05
-6.84208e-06
-2.94957e-05
-4.74018e-06
-3.01847e-05
-2.41309e-06
-3.0721e-05
-4.47855e-07
1.40171e-06
-3.10612e-05
-2.28317e-05
-1.4827e-05
-2.22422e-05
-7.45642e-06
-2.21555e-05
-8.01416e-06
-2.21879e-05
-9.08317e-06
-2.24429e-05
-9.36018e-06
-2.29527e-05
-8.88894e-06
-2.36646e-05
-7.74972e-06
-2.44653e-05
-6.04139e-06
-2.5231e-05
-3.97448e-06
-2.58503e-05
-1.79386e-06
-2.63914e-05
9.31379e-08
-2.68906e-05
1.90091e-06
-4.0191e-05
1.38457e-06
-4.05659e-05
1.97023e-06
-4.13197e-05
2.89742e-06
-4.24551e-05
4.04478e-06
-4.38881e-05
5.46571e-06
-4.54757e-05
6.98382e-06
-4.70323e-05
8.35347e-06
-4.83288e-05
9.28945e-06
-4.91095e-05
9.48439e-06
-4.91137e-05
8.65774e-06
-4.81228e-05
6.53921e-06
3.02817e-06
-4.59519e-05
-3.58799e-05
1.78774e-06
-3.67107e-05
2.80094e-06
-3.78897e-05
4.07635e-06
-3.93726e-05
5.52762e-06
-4.10154e-05
7.1084e-06
-4.26197e-05
8.58809e-06
-4.39495e-05
9.68331e-06
-4.47501e-05
1.009e-05
-4.47994e-05
9.5337e-06
-4.39575e-05
7.8158e-06
-4.21692e-05
4.7508e-06
2.39044e-07
-3.93799e-05
-3.17616e-05
2.48815e-06
-3.28215e-05
3.86076e-06
-3.41643e-05
5.41908e-06
-3.57086e-05
7.0718e-06
-3.72842e-05
8.68396e-06
-3.86731e-05
9.97695e-06
-3.96332e-05
1.06434e-05
-3.99359e-05
1.03927e-05
-3.94269e-05
9.02476e-06
-3.81054e-05
6.49426e-06
-3.61326e-05
2.77798e-06
-2.37007e-06
-3.35237e-05
-2.76983e-05
3.29575e-06
-2.87851e-05
4.94746e-06
-3.00749e-05
6.70877e-06
-3.14655e-05
8.46239e-06
-3.27821e-05
1.00005e-05
-3.38063e-05
1.10011e-05
-3.43005e-05
1.11376e-05
-3.40456e-05
1.01377e-05
-3.29036e-05
7.8828e-06
-3.09349e-05
4.52559e-06
-2.84746e-05
3.17591e-07
-2.76307e-05
-3.21377e-06
-4.28769e-05
-1.88722e-06
-4.09066e-05
-3.41239e-06
-3.92755e-05
-5.93969e-06
-3.80458e-05
-7.9647e-06
-3.73057e-05
-9.38566e-06
-3.7094e-05
-1.00424e-05
-3.73977e-05
-9.82514e-06
-3.81206e-05
-8.63144e-06
-3.91025e-05
-6.6004e-06
-3.9972e-05
-3.87274e-06
-4.06435e-05
-1.52803e-06
1.01702e-06
-4.02894e-05
-3.55551e-05
-5.71201e-06
-3.36441e-05
-5.32338e-06
-3.24054e-05
-7.17844e-06
-3.16289e-05
-8.74119e-06
-3.13635e-05
-9.65107e-06
-3.15863e-05
-9.81967e-06
-3.22247e-05
-9.18668e-06
-3.31298e-05
-7.72645e-06
-3.41115e-05
-5.61867e-06
-3.48853e-05
-3.09903e-06
-3.5432e-05
-9.81352e-07
1.06416e-06
-3.54792e-05
-2.92029e-05
-1.00327e-05
-2.76603e-05
-6.86598e-06
-2.6913e-05
-7.92578e-06
-2.65405e-05
-9.11372e-06
-2.65786e-05
-9.61297e-06
-2.7002e-05
-9.39626e-06
-2.77299e-05
-8.4588e-06
-2.86171e-05
-6.83919e-06
-2.94985e-05
-4.73729e-06
-3.01872e-05
-2.41038e-06
-3.07232e-05
-4.4541e-07
1.40391e-06
-3.1063e-05
-2.28345e-05
-1.48288e-05
-2.22452e-05
-7.45534e-06
-2.21586e-05
-8.0124e-06
-2.21912e-05
-9.08122e-06
-2.24462e-05
-9.35803e-06
-2.29559e-05
-8.88659e-06
-2.36675e-05
-7.7472e-06
-2.44679e-05
-6.03877e-06
-2.52333e-05
-3.97191e-06
-2.58523e-05
-1.79151e-06
-2.63929e-05
9.52079e-08
-2.68917e-05
1.90266e-06
-4.01939e-05
1.38719e-06
-4.05686e-05
1.97262e-06
-4.13221e-05
2.89957e-06
-4.24572e-05
4.04668e-06
-4.38899e-05
5.46721e-06
-4.54769e-05
6.98472e-06
-4.70328e-05
8.35358e-06
-4.83285e-05
9.28859e-06
-4.91084e-05
9.48258e-06
-4.91119e-05
8.6553e-06
-4.81205e-05
6.5365e-06
3.0258e-06
-4.59496e-05
-3.58821e-05
1.79006e-06
-3.67125e-05
2.80299e-06
-3.7891e-05
4.07812e-06
-3.93734e-05
5.52902e-06
-4.10155e-05
7.10925e-06
-4.2619e-05
8.58821e-06
-4.3948e-05
9.68255e-06
-4.47478e-05
1.00884e-05
-4.47964e-05
9.53123e-06
-4.3954e-05
7.81289e-06
-4.21655e-05
4.74793e-06
2.36861e-07
-3.93764e-05
-3.1763e-05
2.49005e-06
-3.28224e-05
3.8623e-06
-3.41645e-05
5.42023e-06
-3.5708e-05
7.0725e-06
-3.72828e-05
8.68402e-06
-3.86709e-05
9.97621e-06
-3.96302e-05
1.06418e-05
-3.99321e-05
1.03903e-05
-3.94227e-05
9.02181e-06
-3.8101e-05
6.49108e-06
-3.61281e-05
2.77505e-06
-2.37191e-06
-3.35195e-05
-2.76988e-05
3.29714e-06
-2.8785e-05
4.94841e-06
-3.0074e-05
6.70926e-06
-3.14639e-05
8.46234e-06
-3.27796e-05
9.99969e-06
-3.3803e-05
1.09995e-05
-3.42966e-05
1.11353e-05
-3.40412e-05
1.01349e-05
-3.2899e-05
7.87963e-06
-3.09303e-05
4.52242e-06
-2.84702e-05
3.14809e-07
-2.76262e-05
-3.21577e-06
-4.2875e-05
-1.88844e-06
-4.09048e-05
-3.41377e-06
-3.92737e-05
-5.94112e-06
-3.8044e-05
-7.96618e-06
-3.7304e-05
-9.38717e-06
-3.70924e-05
-1.00439e-05
-3.73962e-05
-9.82673e-06
-3.81194e-05
-8.63304e-06
-3.91014e-05
-6.60194e-06
-3.99709e-05
-3.87421e-06
-4.06423e-05
-1.5296e-06
1.01508e-06
-3.55524e-05
-5.71232e-06
-3.36418e-05
-5.32436e-06
-3.24032e-05
-7.17967e-06
-3.16269e-05
-8.74246e-06
-3.13617e-05
-9.65234e-06
-3.15847e-05
-9.82095e-06
-3.22235e-05
-9.18801e-06
-3.31287e-05
-7.72782e-06
-3.41107e-05
-5.62007e-06
-3.48844e-05
-3.10046e-06
-3.54311e-05
-9.83026e-07
1.06206e-06
-2.91999e-05
-1.00317e-05
-2.76578e-05
-6.86642e-06
-2.69108e-05
-7.92671e-06
-2.65385e-05
-9.11468e-06
-2.65769e-05
-9.61392e-06
-2.70006e-05
-9.39721e-06
-2.77289e-05
-8.4598e-06
-2.86164e-05
-6.84029e-06
-2.9498e-05
-4.73852e-06
-3.01867e-05
-2.41178e-06
-3.07226e-05
-4.47147e-07
1.40173e-06
-2.28318e-05
-1.4826e-05
-2.22429e-05
-7.45529e-06
-2.21566e-05
-8.01303e-06
-2.21894e-05
-9.08187e-06
-2.24447e-05
-9.35862e-06
-2.29548e-05
-8.88718e-06
-2.36667e-05
-7.74787e-06
-2.44675e-05
-6.0396e-06
-2.52331e-05
-3.97295e-06
-2.58521e-05
-1.79282e-06
-2.63927e-05
9.34607e-08
1.90046e-06
-2.36584e-05
4.06345e-06
2.28907e-05
-2.4618e-05
5.90759e-06
-2.56945e-05
7.78576e-06
-2.67789e-05
9.54689e-06
-2.77009e-05
1.09219e-05
-2.82458e-05
1.15447e-05
-2.81641e-05
1.10537e-05
-2.71779e-05
9.14879e-06
-2.49707e-05
5.67241e-06
-2.10909e-05
6.42982e-07
-1.43692e-05
-6.4061e-06
-1.7584e-05
-1.96767e-05
4.68929e-06
1.90508e-05
-2.04069e-05
6.63767e-06
-2.117e-05
8.54875e-06
-2.18603e-05
1.02372e-05
-2.23212e-05
1.13827e-05
-2.23495e-05
1.15729e-05
-2.16915e-05
1.03958e-05
-2.00317e-05
7.48908e-06
-1.69662e-05
2.60691e-06
-1.18886e-05
-4.43442e-06
-5.04372e-06
-1.32508e-05
-2.26273e-05
-1.5818e-05
5.11203e-06
1.53951e-05
-1.62637e-05
7.08334e-06
-1.66678e-05
8.95278e-06
-1.6938e-05
1.05073e-05
-1.69431e-05
1.13878e-05
-1.65144e-05
1.11443e-05
-1.54395e-05
9.32098e-06
-1.34674e-05
5.51698e-06
-1.03936e-05
-4.66772e-07
-6.27408e-06
-8.5538e-06
-2.09164e-06
-1.74329e-05
-2.47185e-05
-1.21507e-05
5.30306e-06
1.19596e-05
-1.22943e-05
7.22693e-06
-1.23367e-05
8.99512e-06
-1.22078e-05
1.03783e-05
-1.18152e-05
1.09953e-05
-1.10495e-05
1.03785e-05
-9.78454e-06
8.05611e-06
-7.90917e-06
3.64168e-06
-5.48884e-06
-2.887e-06
-2.9199e-06
-1.11226e-05
-8.46392e-07
-1.95061e-05
-2.55647e-05
-8.73583e-06
5.25686e-06
8.78195e-06
-8.58468e-06
7.07573e-06
-8.28916e-06
8.69958e-06
-7.80752e-06
9.89668e-06
-7.09592e-06
1.02837e-05
-6.11807e-06
9.40072e-06
-4.85133e-06
6.78944e-06
-3.32027e-06
2.1107e-06
-1.73745e-06
-4.4697e-06
-4.37258e-07
-1.24226e-05
3.63742e-07
-2.03068e-05
-2.52005e-05
-5.62054e-06
4.98377e-06
5.89355e-06
-5.1962e-06
6.65137e-06
-4.59836e-06
8.10171e-06
-3.81686e-06
9.11518e-06
-2.85839e-06
9.32525e-06
-1.76135e-06
8.30374e-06
-5.96321e-07
5.62447e-06
5.22428e-07
9.92024e-07
1.33553e-06
-5.28273e-06
1.64278e-06
-1.27297e-05
1.39406e-06
-2.00579e-05
-2.38062e-05
-2.83504e-06
4.50437e-06
3.31438e-06
-2.16608e-06
5.98236e-06
-1.30364e-06
7.23933e-06
-2.69219e-07
8.08075e-06
8.83828e-07
8.17229e-06
2.05043e-06
7.13717e-06
3.08777e-06
4.58725e-06
3.83405e-06
2.45816e-07
4.01373e-06
-5.46228e-06
3.50982e-06
-1.22257e-05
2.3662e-06
-1.8914e-05
-2.14397e-05
-3.91824e-07
3.84503e-06
1.05106e-06
4.9111e-07
5.09945e-06
1.58355e-06
6.1469e-06
2.83467e-06
6.8297e-06
4.15295e-06
6.85403e-06
5.37793e-06
5.91229e-06
6.31161e-06
3.65362e-06
6.7676e-06
-2.10081e-07
6.44156e-06
-5.13617e-06
5.22702e-06
-1.10111e-05
3.20067e-06
-1.68875e-05
-1.82389e-05
1.71583e-06
3.03474e-06
-9.05422e-07
2.78334e-06
4.03176e-06
4.07682e-06
4.85369e-06
5.52095e-06
5.38533e-06
6.99526e-06
5.38008e-06
8.29268e-06
4.61464e-06
9.17155e-06
2.77512e-06
9.42781e-06
-4.6641e-07
8.69583e-06
-4.40398e-06
6.82259e-06
-9.13759e-06
3.91103e-06
-1.3976e-05
-1.43277e-05
3.51964e-06
2.10127e-06
-2.58629e-06
4.74636e-06
2.80506e-06
6.21865e-06
3.3815e-06
7.84471e-06
3.75929e-06
9.48077e-06
3.74414e-06
1.08788e-05
3.21664e-06
1.17548e-05
1.89937e-06
1.18913e-05
-6.02789e-07
1.08177e-05
-3.33015e-06
8.29841e-06
-6.61816e-06
4.44995e-06
-1.01275e-05
-9.8778e-06
5.10691e-06
1.07207e-06
-4.07802e-06
6.46987e-06
1.44207e-06
8.10462e-06
1.74695e-06
9.91056e-06
1.95338e-06
1.17178e-05
1.93713e-06
1.32561e-05
1.67845e-06
1.41669e-05
9.88853e-07
1.4212e-05
-6.47558e-07
1.2782e-05
-1.89992e-06
9.6286e-06
-3.46453e-06
4.89237e-06
-5.3912e-06
-4.98551e-06
6.6416e-06
-5.56969e-06
8.08372e-06
9.83067e-06
1.17841e-05
1.37212e-05
1.53998e-05
1.63886e-05
1.57411e-05
1.38413e-05
1.03767e-05
4.98551e-06
-1.44689e-05
-3.58455e-07
-1.70903e-05
-4.83408e-06
-1.78704e-05
-7.23279e-06
-1.83212e-05
-8.63082e-06
-1.87467e-05
-8.93292e-06
-1.9289e-05
-8.34484e-06
-1.99442e-05
-7.09259e-06
-2.06399e-05
-5.34375e-06
-2.12927e-05
-3.31983e-06
-2.18413e-05
-1.24363e-06
-2.23562e-05
6.09477e-07
2.43606e-06
-2.28902e-05
-9.33153e-06
8.97323e-06
-1.28412e-05
-1.32443e-06
-1.41168e-05
-5.95725e-06
-1.48449e-05
-7.90278e-06
-1.53876e-05
-8.39032e-06
-1.59327e-05
-7.79969e-06
-1.652e-05
-6.50533e-06
-1.7112e-05
-4.7518e-06
-1.76577e-05
-2.77424e-06
-1.81259e-05
-7.75428e-07
-1.85758e-05
1.05929e-06
2.9105e-06
-1.90503e-05
-6.40022e-06
1.53728e-05
-9.4297e-06
1.70487e-06
-1.08581e-05
-4.52897e-06
-1.17085e-05
-7.0524e-06
-1.23136e-05
-7.7852e-06
-1.28472e-05
-7.26605e-06
-1.33703e-05
-5.98224e-06
-1.38689e-05
-4.25317e-06
-1.4314e-05
-2.32918e-06
-1.46907e-05
-3.98797e-07
-1.50422e-05
1.41074e-06
3.26278e-06
-1.53945e-05
-4.26669e-06
1.96396e-05
-6.62662e-06
4.06481e-06
-7.9931e-06
-3.16251e-06
-8.85719e-06
-6.18834e-06
-9.485e-06
-7.15743e-06
-1.00066e-05
-6.74446e-06
-1.04789e-05
-5.51005e-06
-1.09003e-05
-3.83176e-06
-1.12547e-05
-1.97482e-06
-1.15335e-05
-1.20044e-07
-1.17646e-05
1.6418e-06
3.45699e-06
-1.19589e-05
-2.48408e-06
2.21253e-05
-4.19003e-06
5.77108e-06
-5.40735e-06
-1.94509e-06
-6.23161e-06
-5.36402e-06
-6.86648e-06
-6.52253e-06
-7.39017e-06
-6.22078e-06
-7.83234e-06
-5.0679e-06
-8.19676e-06
-3.46736e-06
-8.47426e-06
-1.69736e-06
-8.65722e-06
6.28713e-08
-8.75964e-06
1.74416e-06
3.47859e-06
-8.78129e-06
-8.81115e-07
2.30065e-05
-1.96421e-06
6.85423e-06
-2.9975e-06
-9.1178e-07
-3.77798e-06
-4.58357e-06
-4.43241e-06
-5.86814e-06
-4.97962e-06
-5.67362e-06
-5.41827e-06
-4.6293e-06
-5.74931e-06
-3.13639e-06
-5.96752e-06
-1.47919e-06
-6.06426e-06
1.59551e-07
-6.04195e-06
1.72179e-06
3.32954e-06
-5.89295e-06
6.37323e-07
2.23718e-05
1.48042e-07
7.34449e-06
-6.89777e-07
-7.37232e-08
-1.44917e-06
-3.82411e-06
-2.15387e-06
-5.16347e-06
-2.75657e-06
-5.07096e-06
-3.22346e-06
-4.16248e-06
-3.54802e-06
-2.81187e-06
-3.72801e-06
-1.29928e-06
-3.7539e-06
1.85403e-07
-3.61983e-06
1.58765e-06
3.0235e-06
-3.31386e-06
2.0961e-06
2.02763e-05
2.19382e-06
7.24655e-06
1.56345e-06
5.56566e-07
7.93981e-07
-3.05476e-06
-1.31853e-09
-4.36823e-06
-7.00211e-07
-4.37217e-06
-1.23144e-06
-3.63131e-06
-1.57943e-06
-2.46398e-06
-1.74498e-06
-1.13378e-06
-1.71928e-06
1.59613e-07
-1.49229e-06
1.36059e-06
2.58178e-06
-1.05063e-06
3.47057e-06
1.68037e-05
4.18857e-06
6.53022e-06
3.78859e-06
9.56413e-07
2.98128e-06
-2.24734e-06
2.05567e-06
-3.44288e-06
1.21711e-06
-3.53353e-06
5.82395e-07
-2.99687e-06
1.78057e-07
-2.05954e-06
1.07157e-09
-9.57049e-07
5.70086e-08
1.03787e-07
3.54425e-07
1.06309e-06
2.03038e-06
9.05754e-07
4.81933e-06
1.19817e-05
6.12151e-06
5.2276e-06
5.99529e-06
1.08227e-06
5.14614e-06
-1.39855e-06
4.06625e-06
-2.36323e-06
3.05029e-06
-2.51777e-06
2.26873e-06
-2.21553e-06
1.76743e-06
-1.55837e-06
1.54856e-06
-7.38345e-07
1.61229e-06
4.00627e-08
1.95476e-06
7.20601e-07
1.39856e-06
2.58649e-06
5.82317e-06
6.15378e-06
7.94291e-06
3.10663e-06
8.18143e-06
8.42728e-07
7.35612e-06
-5.73904e-07
6.14762e-06
-1.15528e-06
4.93753e-06
-1.30808e-06
3.95426e-06
-1.23274e-06
3.293e-06
-8.97429e-07
2.98717e-06
-4.32918e-07
3.03175e-06
-4.52469e-09
3.39415e-06
3.58153e-07
7.14447e-07
4.07807e-06
6.15351e-06
9.25993e-06
1.01025e-05
9.5285e-06
8.37314e-06
7.06497e-06
5.83217e-06
4.93465e-06
4.50173e-06
4.49719e-06
4.8553e-06
5.56972e-06
-2.36579e-05
4.06435e-06
-2.46173e-05
5.90737e-06
-2.56937e-05
7.78532e-06
-2.67781e-05
9.54656e-06
-2.77002e-05
1.09219e-05
-2.82454e-05
1.15451e-05
-2.81639e-05
1.10546e-05
-2.71781e-05
9.14999e-06
-2.49711e-05
5.67374e-06
-2.10916e-05
6.44206e-07
-1.43698e-05
-6.40538e-06
-1.75846e-05
-1.96762e-05
4.69021e-06
-2.04062e-05
6.63742e-06
-2.11692e-05
8.5483e-06
-2.18596e-05
1.02369e-05
-2.23206e-05
1.13828e-05
-2.23491e-05
1.15735e-05
-2.16914e-05
1.03968e-05
-2.00319e-05
7.49051e-06
-1.69666e-05
2.60846e-06
-1.18892e-05
-4.43314e-06
-5.04407e-06
-1.32504e-05
-2.26287e-05
-1.58173e-05
5.11302e-06
-1.62631e-05
7.08311e-06
-1.66671e-05
8.95235e-06
-1.69374e-05
1.05071e-05
-1.69425e-05
1.13879e-05
-1.6514e-05
1.11449e-05
-1.54394e-05
9.3222e-06
-1.34675e-05
5.51859e-06
-1.03939e-05
-4.65114e-07
-6.27435e-06
-8.55263e-06
-2.09175e-06
-1.74329e-05
-2.47202e-05
-1.215e-05
5.30412e-06
-1.22937e-05
7.22675e-06
-1.23361e-05
8.99477e-06
-1.22072e-05
1.03781e-05
-1.18148e-05
1.09955e-05
-1.10492e-05
1.03793e-05
-9.7844e-06
8.05744e-06
-7.90917e-06
3.64338e-06
-5.48889e-06
-2.88535e-06
-2.91987e-06
-1.11216e-05
-8.4631e-07
-1.95064e-05
-2.55665e-05
-8.73522e-06
5.258e-06
-8.58413e-06
7.07563e-06
-8.28866e-06
8.69929e-06
-7.80708e-06
9.89655e-06
-7.09557e-06
1.0284e-05
-6.11782e-06
9.40155e-06
-4.85116e-06
6.79081e-06
-3.32014e-06
2.11239e-06
-1.73729e-06
-4.46815e-06
-4.37002e-07
-1.24218e-05
3.63983e-07
-2.03073e-05
-2.52023e-05
-5.61997e-06
4.98498e-06
-5.19571e-06
6.65136e-06
-4.59796e-06
8.10155e-06
-3.81652e-06
9.11512e-06
-2.85812e-06
9.32559e-06
-1.76114e-06
8.30458e-06
-5.96123e-07
5.62581e-06
5.22663e-07
9.93636e-07
1.33586e-06
-5.28132e-06
1.64318e-06
-1.27291e-05
1.39439e-06
-2.00584e-05
-2.3808e-05
-2.83453e-06
4.5056e-06
-2.16565e-06
5.98246e-06
-1.30333e-06
7.23924e-06
-2.68978e-07
8.08074e-06
8.84018e-07
8.17265e-06
2.05061e-06
7.13798e-06
3.08799e-06
4.58851e-06
3.83436e-06
2.47283e-07
4.01416e-06
-5.46105e-06
3.51031e-06
-1.22252e-05
2.36659e-06
-1.89146e-05
-2.14412e-05
-3.91362e-07
3.84628e-06
4.91492e-07
5.09959e-06
1.58378e-06
6.14693e-06
2.83483e-06
6.82974e-06
4.15307e-06
6.85438e-06
5.37808e-06
5.91302e-06
6.31184e-06
3.65473e-06
6.76795e-06
-2.08798e-07
6.44206e-06
-5.13515e-06
5.22758e-06
-1.10107e-05
3.20109e-06
-1.68881e-05
-1.82401e-05
1.71624e-06
3.03575e-06
2.78372e-06
4.03209e-06
4.077e-06
4.85368e-06
5.52105e-06
5.38541e-06
6.99533e-06
5.38039e-06
8.29279e-06
4.61526e-06
9.17178e-06
2.77605e-06
9.42819e-06
-4.6536e-07
8.69639e-06
-4.40318e-06
6.8232e-06
-9.13737e-06
3.91146e-06
-1.39765e-05
-1.43286e-05
3.52007e-06
2.10211e-06
4.74677e-06
2.80539e-06
6.21883e-06
3.38144e-06
7.84476e-06
3.75931e-06
9.4808e-06
3.74434e-06
1.08789e-05
3.21708e-06
1.1755e-05
1.90004e-06
1.18917e-05
-6.02033e-07
1.08183e-05
-3.32964e-06
8.29907e-06
-6.61807e-06
4.45038e-06
-1.01279e-05
-9.87841e-06
5.10741e-06
1.07264e-06
6.47041e-06
1.44227e-06
8.10486e-06
1.74665e-06
9.91062e-06
1.95318e-06
1.17178e-05
1.9371e-06
1.32562e-05
1.67856e-06
1.41672e-05
9.89137e-07
1.42124e-05
-6.47247e-07
1.27827e-05
-1.89978e-06
9.62933e-06
-3.46458e-06
4.89277e-06
-5.39145e-06
-4.986e-06
6.64235e-06
8.08455e-06
9.83111e-06
1.17843e-05
1.37213e-05
1.53999e-05
1.63891e-05
1.57419e-05
1.38421e-05
1.03775e-05
4.986e-06
-1.44687e-05
-3.58895e-07
-1.70897e-05
-4.83549e-06
-1.78696e-05
-7.23434e-06
-1.83202e-05
-8.63251e-06
-1.87456e-05
-8.93474e-06
-1.92878e-05
-8.34674e-06
-1.99431e-05
-7.09449e-06
-2.06389e-05
-5.34557e-06
-2.12919e-05
-3.32151e-06
-2.18407e-05
-1.24511e-06
-2.23558e-05
6.08259e-07
2.43513e-06
-2.28901e-05
-9.33127e-06
8.97245e-06
-1.28407e-05
-1.32606e-06
-1.41161e-05
-5.9589e-06
-1.48441e-05
-7.90452e-06
-1.53867e-05
-8.39216e-06
-1.59319e-05
-7.80156e-06
-1.65193e-05
-6.50715e-06
-1.71114e-05
-4.7535e-06
-1.76572e-05
-2.77574e-06
-1.81257e-05
-7.76672e-07
-1.85758e-05
1.05832e-06
2.90987e-06
-1.90506e-05
-6.39995e-06
1.53718e-05
-9.4293e-06
1.7032e-06
-1.08576e-05
-4.53064e-06
-1.17079e-05
-7.05414e-06
-1.2313e-05
-7.787e-06
-1.28467e-05
-7.26785e-06
-1.33699e-05
-5.98396e-06
-1.38687e-05
-4.25472e-06
-1.4314e-05
-2.33049e-06
-1.46909e-05
-3.99827e-07
-1.50426e-05
1.41004e-06
3.26242e-06
-1.53952e-05
-4.26653e-06
1.96383e-05
-6.6264e-06
4.06309e-06
-7.99283e-06
-3.16417e-06
-8.85693e-06
-6.19002e-06
-9.48479e-06
-7.15915e-06
-1.00065e-05
-6.74616e-06
-1.04789e-05
-5.51164e-06
-1.09005e-05
-3.83314e-06
-1.12551e-05
-1.97592e-06
-1.15341e-05
-1.20853e-07
-1.17654e-05
1.64132e-06
3.45688e-06
-1.19599e-05
-2.48406e-06
2.2124e-05
-4.19002e-06
5.76942e-06
-5.40732e-06
-1.94667e-06
-6.23165e-06
-5.36559e-06
-6.86661e-06
-6.52411e-06
-7.39041e-06
-6.22235e-06
-7.83272e-06
-5.06934e-06
-8.19731e-06
-3.46857e-06
-8.47501e-06
-1.69828e-06
-8.65817e-06
6.22544e-08
-8.76078e-06
1.74389e-06
3.47868e-06
-8.78264e-06
-8.81269e-07
2.30048e-05
-1.96442e-06
6.85268e-06
-2.99773e-06
-9.13292e-07
-3.77832e-06
-4.58496e-06
-4.43287e-06
-5.86956e-06
-4.98023e-06
-5.67502e-06
-5.41903e-06
-4.63057e-06
-5.75023e-06
-3.13742e-06
-5.96863e-06
-1.47992e-06
-6.06555e-06
1.59114e-07
-6.0434e-06
1.72169e-06
3.32979e-06
-5.89456e-06
6.37048e-07
2.23703e-05
1.47589e-07
7.34311e-06
-6.90258e-07
-7.50651e-08
-1.4498e-06
-3.8253e-06
-2.15466e-06
-5.16469e-06
-2.75751e-06
-5.07219e-06
-3.22456e-06
-4.16359e-06
-3.54928e-06
-2.81274e-06
-3.72947e-06
-1.29984e-06
-3.75551e-06
1.85111e-07
-3.62156e-06
1.58769e-06
3.02387e-06
-3.31569e-06
2.0957e-06
2.02747e-05
2.19314e-06
7.24544e-06
1.56273e-06
5.55358e-07
7.93068e-07
-3.05564e-06
-2.40466e-09
-4.36923e-06
-7.01467e-07
-4.37319e-06
-1.23286e-06
-3.63224e-06
-1.58101e-06
-2.46468e-06
-1.74675e-06
-1.13418e-06
-1.72117e-06
1.59436e-07
-1.49425e-06
1.36072e-06
2.58221e-06
-1.05266e-06
3.47015e-06
1.68029e-05
4.18767e-06
6.52924e-06
3.78769e-06
9.55576e-07
2.98011e-06
-2.24808e-06
2.05432e-06
-3.44362e-06
1.21558e-06
-3.53438e-06
5.80694e-07
-2.99767e-06
1.76205e-07
-2.06006e-06
-9.68844e-10
-9.57337e-07
5.48796e-08
1.03727e-07
3.52267e-07
1.06329e-06
2.03086e-06
9.0359e-07
4.81879e-06
1.1981e-05
6.12045e-06
5.22688e-06
5.99424e-06
1.08168e-06
5.1448e-06
-1.39894e-06
4.06472e-06
-2.36372e-06
3.04856e-06
-2.51841e-06
2.26681e-06
-2.21615e-06
1.76534e-06
-1.55873e-06
1.54629e-06
-7.38535e-07
1.60996e-06
4.00546e-08
1.95246e-06
7.20831e-07
1.39891e-06
2.5842e-06
5.82257e-06
6.15314e-06
7.94172e-06
3.10625e-06
8.18035e-06
8.42516e-07
7.35473e-06
-5.73835e-07
6.14605e-06
-1.15547e-06
4.93571e-06
-1.30844e-06
3.95219e-06
-1.23315e-06
3.29073e-06
-8.97631e-07
2.98472e-06
-4.33105e-07
3.02927e-06
-4.52765e-09
3.39175e-06
3.58337e-07
7.14522e-07
4.0757e-06
6.15279e-06
9.25894e-06
1.01013e-05
9.52742e-06
8.37189e-06
7.06334e-06
5.83013e-06
4.93236e-06
4.49925e-06
4.49473e-06
4.85297e-06
5.56739e-06
-2.36582e-05
4.06379e-06
-2.4618e-05
5.9072e-06
-2.56949e-05
7.78558e-06
-2.67798e-05
9.54724e-06
-2.77025e-05
1.0923e-05
-2.8248e-05
1.15466e-05
-2.81669e-05
1.10565e-05
-2.71812e-05
9.15203e-06
-2.49741e-05
5.6757e-06
-2.10941e-05
6.4564e-07
-1.43715e-05
-6.40486e-06
-1.75851e-05
-1.96769e-05
4.68998e-06
-2.04073e-05
6.63761e-06
-2.11708e-05
8.54895e-06
-2.18616e-05
1.0238e-05
-2.2323e-05
1.13843e-05
-2.23518e-05
1.15754e-05
-2.16942e-05
1.03989e-05
-2.00346e-05
7.49247e-06
-1.69689e-05
2.61001e-06
-1.18906e-05
-4.43246e-06
-5.04457e-06
-1.32507e-05
-2.26292e-05
-1.58184e-05
5.11307e-06
-1.62644e-05
7.08361e-06
-1.66689e-05
8.95333e-06
-1.69394e-05
1.05085e-05
-1.69449e-05
1.13898e-05
-1.65165e-05
1.1147e-05
-1.54419e-05
9.3243e-06
-1.34697e-05
5.52029e-06
-1.03955e-05
-4.64063e-07
-6.27524e-06
-8.55255e-06
-2.09202e-06
-1.74335e-05
-2.47208e-05
-1.21514e-05
5.30443e-06
-1.22953e-05
7.22748e-06
-1.2338e-05
8.99597e-06
-1.22092e-05
1.03797e-05
-1.1817e-05
1.09975e-05
-1.10513e-05
1.03813e-05
-9.78645e-06
8.05942e-06
-7.91086e-06
3.64476e-06
-5.49009e-06
-2.88473e-06
-2.92058e-06
-1.11219e-05
-8.46619e-07
-1.95072e-05
-2.55672e-05
-8.73676e-06
5.25849e-06
-8.58583e-06
7.07652e-06
-8.29052e-06
8.70062e-06
-7.80901e-06
9.89818e-06
-7.09752e-06
1.0286e-05
-6.11966e-06
9.40349e-06
-4.85281e-06
6.79261e-06
-3.32144e-06
2.11344e-06
-1.73822e-06
-4.46784e-06
-4.37622e-07
-1.24223e-05
3.63649e-07
-2.03082e-05
-2.5203e-05
-5.6217e-06
4.9856e-06
-5.19752e-06
6.65228e-06
-4.59981e-06
8.10289e-06
-3.81832e-06
9.11666e-06
-2.85985e-06
9.32751e-06
-1.76265e-06
8.30631e-06
-5.97424e-07
5.62742e-06
5.21674e-07
9.94395e-07
1.33512e-06
-5.28119e-06
1.64265e-06
-1.27297e-05
1.3941e-06
-2.00594e-05
-2.38088e-05
-2.83643e-06
4.50627e-06
-2.16752e-06
5.98337e-06
-1.30516e-06
7.24048e-06
-2.70635e-07
8.08218e-06
8.82499e-07
8.17437e-06
2.04939e-06
7.13949e-06
3.08698e-06
4.58986e-06
3.83365e-06
2.47837e-07
4.01361e-06
-5.46105e-06
3.50989e-06
-1.22258e-05
2.36636e-06
-1.89156e-05
-2.1442e-05
-3.93397e-07
3.84699e-06
4.89559e-07
5.10037e-06
1.58199e-06
6.14805e-06
2.8333e-06
6.83084e-06
4.15176e-06
6.85596e-06
5.37712e-06
5.91412e-06
6.31109e-06
3.65596e-06
6.76748e-06
-2.08513e-07
6.4417e-06
-5.13518e-06
5.22729e-06
-1.10113e-05
3.20095e-06
-1.68891e-05
-1.82409e-05
1.71406e-06
3.03626e-06
2.78176e-06
4.03288e-06
4.0752e-06
4.85435e-06
5.5197e-06
5.38661e-06
6.99413e-06
5.38125e-06
8.29213e-06
4.61648e-06
9.17122e-06
2.77666e-06
9.42798e-06
-4.64981e-07
8.69622e-06
-4.40335e-06
6.82301e-06
-9.13795e-06
3.91144e-06
-1.39772e-05
-1.43295e-05
3.51782e-06
2.10245e-06
4.74473e-06
2.80592e-06
6.21709e-06
3.38191e-06
7.84349e-06
3.76022e-06
9.4798e-06
3.74491e-06
1.08784e-05
3.21797e-06
1.17547e-05
1.90042e-06
1.18917e-05
-6.01779e-07
1.08183e-05
-3.32982e-06
8.29903e-06
-6.61849e-06
4.45039e-06
-1.01284e-05
-9.87906e-06
5.10507e-06
1.0726e-06
6.46832e-06
1.44255e-06
8.10312e-06
1.7469e-06
9.90945e-06
1.95392e-06
1.1717e-05
1.93731e-06
1.32559e-05
1.67924e-06
1.41671e-05
9.89279e-07
1.42127e-05
-6.46964e-07
1.27829e-05
-1.89987e-06
9.62942e-06
-3.46478e-06
4.89285e-06
-5.39162e-06
-4.9861e-06
6.63997e-06
8.08248e-06
9.82939e-06
1.17833e-05
1.37206e-05
1.53999e-05
1.63892e-05
1.57423e-05
1.38425e-05
1.03777e-05
4.9861e-06
-1.44707e-05
-3.58779e-07
-1.70923e-05
-4.83387e-06
-1.78724e-05
-7.23245e-06
-1.83231e-05
-8.63056e-06
-1.87485e-05
-8.9327e-06
-1.92905e-05
-8.34458e-06
-1.99455e-05
-7.09222e-06
-2.0641e-05
-5.34326e-06
-2.12936e-05
-3.31931e-06
-2.1842e-05
-1.24315e-06
-2.23567e-05
6.09894e-07
2.43642e-06
-2.28905e-05
-9.33285e-06
8.97418e-06
-1.28429e-05
-1.32386e-06
-1.41185e-05
-5.95689e-06
-1.48465e-05
-7.9026e-06
-1.5389e-05
-8.39025e-06
-1.5934e-05
-7.79962e-06
-1.65211e-05
-6.50516e-06
-1.71129e-05
-4.75152e-06
-1.76583e-05
-2.77391e-06
-1.81264e-05
-7.75118e-07
-1.8576e-05
1.05954e-06
2.91068e-06
-1.90503e-05
-6.40119e-06
1.53747e-05
-9.43101e-06
1.70578e-06
-1.08594e-05
-4.52858e-06
-1.17097e-05
-7.0523e-06
-1.23147e-05
-7.78526e-06
-1.28482e-05
-7.26615e-06
-1.33711e-05
-5.98226e-06
-1.38695e-05
-4.25308e-06
-1.43144e-05
-2.32902e-06
-1.46909e-05
-3.98652e-07
-1.50423e-05
1.41083e-06
3.2628e-06
-1.53944e-05
-4.26739e-06
1.96422e-05
-6.62758e-06
4.06597e-06
-7.99411e-06
-3.16208e-06
-8.85815e-06
-6.1883e-06
-9.48585e-06
-7.15761e-06
-1.00073e-05
-6.74471e-06
-1.04794e-05
-5.51024e-06
-1.09007e-05
-3.83182e-06
-1.12549e-05
-1.9748e-06
-1.15336e-05
-1.20017e-07
-1.17646e-05
1.64177e-06
3.45688e-06
-1.19587e-05
-2.48453e-06
2.21282e-05
-4.19065e-06
5.77241e-06
-5.40802e-06
-1.94462e-06
-6.23225e-06
-5.36402e-06
-6.86703e-06
-6.52278e-06
-7.39061e-06
-6.22114e-06
-7.83265e-06
-5.06821e-06
-8.19695e-06
-3.46755e-06
-8.47433e-06
-1.69745e-06
-8.65718e-06
6.27934e-08
-8.7595e-06
1.74405e-06
3.47839e-06
-8.78106e-06
-8.81325e-07
2.30096e-05
-1.96451e-06
6.85564e-06
-2.99784e-06
-9.1128e-07
-3.7783e-06
-4.58359e-06
-4.43267e-06
-5.86846e-06
-4.97982e-06
-5.67403e-06
-5.41838e-06
-4.6297e-06
-5.74932e-06
-3.13666e-06
-5.96744e-06
-1.47937e-06
-6.06411e-06
1.59418e-07
-6.04174e-06
1.72162e-06
3.32929e-06
-5.89268e-06
6.37345e-07
2.23749e-05
1.48053e-07
7.34589e-06
-6.89789e-07
-7.31983e-08
-1.44918e-06
-3.82414e-06
-2.15386e-06
-5.1638e-06
-2.75653e-06
-5.0714e-06
-3.22337e-06
-4.16292e-06
-3.54788e-06
-2.8122e-06
-3.72781e-06
-1.2995e-06
-3.75366e-06
1.85226e-07
-3.61956e-06
1.58745e-06
3.02324e-06
-3.31356e-06
2.09634e-06
2.0279e-05
2.19413e-06
7.24786e-06
1.56375e-06
5.5708e-07
7.94265e-07
-3.05477e-06
-1.03802e-09
-4.36857e-06
-6.99952e-07
-4.37258e-06
-1.23117e-06
-3.63177e-06
-1.57915e-06
-2.46431e-06
-1.74466e-06
-1.13403e-06
-1.71895e-06
1.59444e-07
-1.49196e-06
1.36039e-06
2.58153e-06
-1.05031e-06
3.47104e-06
1.6806e-05
4.18916e-06
6.53135e-06
3.78919e-06
9.56961e-07
2.98185e-06
-2.2474e-06
2.05622e-06
-3.44313e-06
1.21758e-06
-3.53394e-06
5.8286e-07
-2.99725e-06
1.78484e-07
-2.05989e-06
1.51446e-09
-9.57261e-07
5.74257e-08
1.03605e-07
3.54823e-07
1.06293e-06
2.03017e-06
9.06122e-07
4.82e-06
1.19832e-05
6.12237e-06
5.2285e-06
5.99618e-06
1.08277e-06
5.147e-06
-1.39861e-06
4.06707e-06
-2.36343e-06
3.051e-06
-2.51809e-06
2.26939e-06
-2.21582e-06
1.76802e-06
-1.55865e-06
1.54913e-06
-7.38517e-07
1.61281e-06
3.99138e-08
1.95525e-06
7.20475e-07
1.39841e-06
2.58693e-06
5.82389e-06
6.15448e-06
7.94401e-06
3.10707e-06
8.18259e-06
8.43149e-07
7.35727e-06
-5.74008e-07
6.14869e-06
-1.15539e-06
4.93845e-06
-1.30828e-06
3.95509e-06
-1.2329e-06
3.29374e-06
-8.97623e-07
2.98787e-06
-4.32998e-07
3.03239e-06
-4.63658e-09
3.39472e-06
3.58074e-07
7.14397e-07
4.07858e-06
6.15419e-06
9.26104e-06
1.0104e-05
9.52992e-06
8.37445e-06
7.06608e-06
5.83312e-06
4.93542e-06
4.50241e-06
4.49776e-06
4.8558e-06
5.57017e-06
-2.3658e-05
4.06463e-06
-2.46172e-05
5.90754e-06
-2.56933e-05
7.78538e-06
-2.67775e-05
9.54646e-06
-2.76994e-05
1.09215e-05
-2.82443e-05
1.15444e-05
-2.81627e-05
1.10537e-05
-2.71768e-05
9.14902e-06
-2.49699e-05
5.67272e-06
-2.10906e-05
6.43061e-07
-1.43691e-05
-6.40662e-06
-1.75848e-05
-1.9676e-05
4.6903e-06
-2.04059e-05
6.63738e-06
-2.11687e-05
8.54814e-06
-2.18589e-05
1.02366e-05
-2.23196e-05
1.13822e-05
-2.23479e-05
1.15727e-05
-2.16902e-05
1.03959e-05
-2.00307e-05
7.48957e-06
-1.69656e-05
2.60761e-06
-1.18885e-05
-4.43393e-06
-5.04392e-06
-1.32511e-05
-2.26285e-05
-1.58171e-05
5.11293e-06
-1.62626e-05
7.08288e-06
-1.66665e-05
8.95201e-06
-1.69366e-05
1.05066e-05
-1.69416e-05
1.13872e-05
-1.6513e-05
1.11441e-05
-1.54384e-05
9.32125e-06
-1.34665e-05
5.51774e-06
-1.03931e-05
-4.65761e-07
-6.27389e-06
-8.55309e-06
-2.09167e-06
-1.74332e-05
-2.47199e-05
-1.21497e-05
5.30389e-06
-1.22932e-05
7.22638e-06
-1.23355e-05
8.99428e-06
-1.22065e-05
1.03775e-05
-1.1814e-05
1.09947e-05
-1.10483e-05
1.03784e-05
-9.7836e-06
8.05653e-06
-7.90846e-06
3.64264e-06
-5.48835e-06
-2.88582e-06
-2.91953e-06
-1.11218e-05
-8.46162e-07
-1.95064e-05
-2.55661e-05
-8.73488e-06
5.25768e-06
-8.58369e-06
7.07516e-06
-8.28813e-06
8.69871e-06
-7.80647e-06
9.89589e-06
-7.09494e-06
1.02832e-05
-6.11721e-06
9.40067e-06
-4.85061e-06
6.78996e-06
-3.31968e-06
2.11176e-06
-1.73694e-06
-4.46849e-06
-4.36769e-07
-1.24219e-05
3.64093e-07
-2.03071e-05
-2.52017e-05
-5.61964e-06
4.9846e-06
-5.19533e-06
6.65083e-06
-4.59753e-06
8.10092e-06
-3.81606e-06
9.11443e-06
-2.85768e-06
9.32483e-06
-1.76075e-06
8.30376e-06
-5.95812e-07
5.62505e-06
5.22891e-07
9.93099e-07
1.33602e-06
-5.28157e-06
1.64329e-06
-1.27291e-05
1.39445e-06
-2.00582e-05
-2.38072e-05
-2.83422e-06
4.50521e-06
-2.16533e-06
5.98192e-06
-1.30301e-06
7.23861e-06
-2.6867e-07
8.08008e-06
8.84273e-07
8.17195e-06
2.05079e-06
7.13725e-06
3.08809e-06
4.58784e-06
3.83439e-06
2.46832e-07
4.01415e-06
-5.46125e-06
3.5103e-06
-1.22252e-05
2.36658e-06
-1.89144e-05
-2.14404e-05
-3.9106e-07
3.84592e-06
4.91757e-07
5.0991e-06
1.58401e-06
6.14635e-06
2.835e-06
6.82912e-06
4.15317e-06
6.85378e-06
5.37809e-06
5.91238e-06
6.31176e-06
3.65417e-06
6.76781e-06
-2.09173e-07
6.44189e-06
-5.1353e-06
5.22744e-06
-1.10107e-05
3.20101e-06
-1.68878e-05
-1.82394e-05
1.71655e-06
3.03546e-06
2.78396e-06
4.03168e-06
4.07716e-06
4.85318e-06
5.52113e-06
5.38491e-06
6.99531e-06
5.37987e-06
8.29267e-06
4.61475e-06
9.17155e-06
2.77559e-06
9.42791e-06
-4.65642e-07
8.69609e-06
-4.4033e-06
6.82294e-06
-9.13733e-06
3.91131e-06
-1.39763e-05
-1.4328e-05
3.52043e-06
2.10191e-06
4.74702e-06
2.80509e-06
6.21896e-06
3.38107e-06
7.84479e-06
3.75894e-06
9.4807e-06
3.74397e-06
1.08787e-05
3.21672e-06
1.17547e-05
1.8997e-06
1.18913e-05
-6.02218e-07
1.08179e-05
-3.32969e-06
8.2987e-06
-6.61802e-06
4.45015e-06
-1.01277e-05
-9.87793e-06
5.10781e-06
1.07256e-06
6.47068e-06
1.44213e-06
8.10499e-06
1.74648e-06
9.91062e-06
1.95301e-06
1.17177e-05
1.93691e-06
1.32559e-05
1.6784e-06
1.41668e-05
9.88954e-07
1.42119e-05
-6.47292e-07
1.27822e-05
-1.89975e-06
9.62887e-06
-3.46452e-06
4.89247e-06
-5.39133e-06
-4.98564e-06
6.64272e-06
8.08479e-06
9.8312e-06
1.17842e-05
1.37211e-05
1.53995e-05
1.63885e-05
1.57412e-05
1.38415e-05
1.0377e-05
4.98564e-06
-1.44691e-05
-3.57333e-07
-1.70905e-05
-4.83396e-06
-1.78707e-05
-7.23289e-06
-1.83216e-05
-8.63093e-06
-1.87473e-05
-8.93296e-06
-1.92896e-05
-8.34481e-06
-1.99449e-05
-7.09256e-06
-2.06407e-05
-5.34382e-06
-2.12936e-05
-3.32014e-06
-2.18421e-05
-1.24434e-06
-2.23568e-05
6.08185e-07
2.43425e-06
-9.33171e-06
8.97447e-06
-1.28414e-05
-1.32421e-06
-1.41171e-05
-5.95721e-06
-1.48453e-05
-7.90274e-06
-1.5388e-05
-8.39023e-06
-1.59333e-05
-7.79953e-06
-1.65207e-05
-6.50519e-06
-1.71128e-05
-4.75181e-06
-1.76584e-05
-2.77454e-06
-1.81267e-05
-7.76158e-07
-1.85764e-05
1.05792e-06
2.90858e-06
-6.40039e-06
1.53744e-05
-9.42991e-06
1.70524e-06
-1.08583e-05
-4.5288e-06
-1.17088e-05
-7.05224e-06
-1.2314e-05
-7.78499e-06
-1.28477e-05
-7.26579e-06
-1.33709e-05
-5.98201e-06
-1.38696e-05
-4.25311e-06
-1.43147e-05
-2.32944e-06
-1.46914e-05
-3.99525e-07
-1.50429e-05
1.40934e-06
3.2608e-06
-4.26682e-06
1.96411e-05
-6.62681e-06
4.06525e-06
-7.9933e-06
-3.16226e-06
-8.85743e-06
-6.18809e-06
-9.48529e-06
-7.15713e-06
-1.0007e-05
-6.74411e-06
-1.04793e-05
-5.50975e-06
-1.09008e-05
-3.83163e-06
-1.12553e-05
-1.97501e-06
-1.15341e-05
-1.20713e-07
-1.17653e-05
1.64045e-06
3.45499e-06
-2.48419e-06
2.2127e-05
-4.19018e-06
5.77163e-06
-5.40748e-06
-1.94475e-06
-6.23176e-06
-5.36371e-06
-6.86665e-06
-6.52216e-06
-7.39037e-06
-6.22038e-06
-7.8326e-06
-5.06753e-06
-8.19709e-06
-3.46717e-06
-8.47468e-06
-1.69748e-06
-8.65773e-06
6.22835e-08
-8.76026e-06
1.7429e-06
3.47662e-06
-8.81223e-07
2.30077e-05
-1.96432e-06
6.85483e-06
-2.99756e-06
-9.11449e-07
-3.77802e-06
-4.58321e-06
-4.43243e-06
-5.86775e-06
-4.97967e-06
-5.67317e-06
-5.41836e-06
-4.62887e-06
-5.74945e-06
-3.13612e-06
-5.96777e-06
-1.47921e-06
-6.06465e-06
1.59085e-07
-6.04247e-06
1.72065e-06
3.32763e-06
6.3727e-07
2.23731e-05
1.47959e-07
7.34512e-06
-6.8975e-07
-7.33486e-08
-1.4491e-06
-3.82376e-06
-2.15376e-06
-5.16308e-06
-2.75644e-06
-5.0705e-06
-3.22336e-06
-4.16203e-06
-3.54797e-06
-2.81154e-06
-3.72808e-06
-1.29921e-06
-3.75412e-06
1.85062e-07
-3.62022e-06
1.58667e-06
3.02174e-06
2.09608e-06
2.0277e-05
2.19377e-06
7.2472e-06
1.56357e-06
5.56866e-07
7.94158e-07
-3.05434e-06
-1.05853e-09
-4.36787e-06
-6.99913e-07
-4.37171e-06
-1.23114e-06
-3.63085e-06
-1.57916e-06
-2.4636e-06
-1.74483e-06
-1.13363e-06
-1.71929e-06
1.59407e-07
-1.4925e-06
1.35981e-06
2.58019e-06
3.47065e-06
1.68047e-05
4.18853e-06
6.53062e-06
3.78883e-06
9.56855e-07
2.98155e-06
-2.24713e-06
2.05608e-06
-3.44253e-06
1.21758e-06
-3.53319e-06
5.82914e-07
-2.99644e-06
1.78568e-07
-2.05918e-06
1.48503e-09
-9.5685e-07
5.72595e-08
1.03715e-07
3.5443e-07
1.06258e-06
2.02904e-06
4.81941e-06
1.19823e-05
6.12153e-06
5.22781e-06
5.99563e-06
1.08266e-06
5.14654e-06
-1.39834e-06
4.06681e-06
-2.36297e-06
3.05095e-06
-2.51752e-06
2.26948e-06
-2.21519e-06
1.76821e-06
-1.55805e-06
1.54927e-06
-7.38173e-07
1.61285e-06
4.00737e-08
1.95504e-06
7.20318e-07
1.39745e-06
5.8232e-06
6.15377e-06
7.94296e-06
3.10656e-06
8.18188e-06
8.43229e-07
7.35667e-06
-5.73649e-07
6.14835e-06
-1.15506e-06
4.93839e-06
-1.30794e-06
3.95525e-06
-1.23254e-06
3.29407e-06
-8.97273e-07
2.98821e-06
-4.32936e-07
3.03267e-06
-4.58093e-09
3.39473e-06
3.57907e-07
7.13486e-07
6.15342e-06
9.25988e-06
1.0103e-05
9.52927e-06
8.37414e-06
7.0661e-06
5.83349e-06
4.93608e-06
4.5031e-06
4.49846e-06
4.8562e-06
)
;

boundaryField
{
    rotor
    {
        type            calculated;
        value           uniform 0;
    }
    stator
    {
        type            calculated;
        value           uniform 0;
    }
    front
    {
        type            empty;
        value           nonuniform 0();
    }
    back
    {
        type            empty;
        value           nonuniform 0();
    }
}


// ************************************************************************* //
