/*--------------------------------*- C++ -*----------------------------------*\
  =========                 |
  \\      /  F ield         | OpenFOAM: The Open Source CFD Toolbox
   \\    /   O peration     | Website:  https://openfoam.org
    \\  /    A nd           | Version:  6
     \\/     M anipulation  |
\*---------------------------------------------------------------------------*/
FoamFile
{
    version     2.0;
    format      ascii;
    class       volVectorField;
    location    "450";
    object      U;
}
// * * * * * * * * * * * * * * * * * * * * * * * * * * * * * * * * * * * * * //

dimensions      [0 1 -1 0 0 0 0];

internalField   nonuniform List<vector> 
3072
(
(0.210935 2.21938 0)
(0.290366 1.93254 0)
(0.380427 1.76425 1.40391e-19)
(0.495417 1.65453 7.3592e-19)
(0.617157 1.58474 -1.23112e-18)
(0.745199 1.53492 7.20373e-19)
(0.870055 1.62732 3.8546e-19)
(1.20248 1.71749 1.44951e-18)
(2.08608 1.42761 -5.8643e-19)
(2.89395 1.65153 1.06009e-18)
(3.12868 2.047 8.53954e-19)
(3.40802 2.15938 7.53934e-19)
(-0.370417 2.66761 -2.00502e-19)
(-0.192827 2.40175 -4.64917e-19)
(0.0511468 2.3473 4.63533e-19)
(0.322666 2.34254 0)
(0.625793 2.40072 1.01423e-18)
(1.09301 2.39377 -1.39201e-18)
(1.93493 2.46578 0)
(2.64812 2.73889 0)
(2.98685 2.73401 0)
(3.12477 2.79725 8.27974e-19)
(3.14889 2.81237 -2.81233e-18)
(3.2441 2.79764 3.45017e-19)
(-0.347625 2.98886 1.85783e-19)
(-0.11138 2.70198 0)
(0.300266 2.7334 0)
(0.796246 2.76021 -3.67912e-18)
(1.45776 2.8441 1.38362e-18)
(2.18194 2.98743 -2.08488e-18)
(2.68339 3.01195 1.73801e-18)
(2.98174 2.9943 0)
(3.1423 2.86605 0)
(3.22724 2.76431 -9.99768e-19)
(3.27579 2.67803 -1.0876e-18)
(3.34759 2.59227 3.80982e-18)
(-0.300929 3.32023 -1.29891e-18)
(0.0931104 3.11566 -2.13926e-18)
(0.656647 3.21618 1.89601e-18)
(1.30785 3.28512 -1.85033e-18)
(1.96069 3.34545 3.65038e-18)
(2.47805 3.32307 -3.57649e-18)
(2.78403 3.20344 -2.12084e-18)
(2.95794 3.07288 -6.67856e-18)
(3.07285 2.91446 -3.14104e-19)
(3.13626 2.79256 3.59064e-18)
(3.18267 2.68576 4.02203e-18)
(3.23823 2.58381 -3.18896e-18)
(-0.092906 3.53552 0)
(0.355675 3.48985 1.23031e-18)
(0.958436 3.59849 -2.85281e-18)
(1.594 3.63475 3.26328e-18)
(2.14182 3.58752 6.1233e-19)
(2.50464 3.45149 2.10521e-18)
(2.71773 3.27871 2.36992e-18)
(2.85313 3.10803 2.38523e-18)
(2.94179 2.94011 -5.09474e-18)
(3.00477 2.79191 4.29987e-18)
(3.05891 2.6611 -5.80992e-18)
(3.1152 2.54028 7.67965e-18)
(0.120923 3.72716 -4.64965e-18)
(0.602699 3.7819 1.77754e-18)
(1.16618 3.86615 5.2133e-18)
(1.71629 3.83727 0)
(2.1437 3.70832 -7.17055e-18)
(2.41964 3.52315 7.725e-18)
(2.59635 3.32317 0)
(2.7184 3.12978 -5.82312e-18)
(2.80857 2.94711 4.9517e-18)
(2.87914 2.7829 0)
(2.94114 2.63636 2.85278e-19)
(3.00133 2.5028 4.50114e-18)
(0.333719 3.89347 0)
(0.79985 4.03917 -4.16756e-18)
(1.28762 4.07047 3.82242e-18)
(1.73113 3.9839 0)
(2.06683 3.80636 -4.42352e-18)
(2.29722 3.59088 7.1707e-19)
(2.45915 3.36939 6.24773e-18)
(2.58042 3.15763 5.78218e-18)
(2.67621 2.96061 -5.09158e-18)
(2.75559 2.78183 5.05754e-18)
(2.82591 2.62078 -4.3758e-18)
(2.89198 2.47453 -1.22708e-17)
(0.5367 4.07867 0)
(0.94121 4.28919 3.37179e-18)
(1.33278 4.25154 -4.88043e-18)
(1.68019 4.12034 4.88113e-18)
(1.95393 3.90843 0)
(2.16002 3.66741 -6.34422e-18)
(2.31776 3.42511 6.29091e-18)
(2.44346 3.19466 1.27058e-19)
(2.54722 2.98099 -1.05561e-17)
(2.63551 2.78634 -4.96108e-18)
(2.7136 2.61038 -2.79892e-19)
(2.78535 2.45096 8.94698e-18)
(0.700869 4.24976 0)
(1.02932 4.52404 -3.78111e-18)
(1.31727 4.40919 -5.31423e-18)
(1.58544 4.23469 -3.81187e-18)
(1.81537 3.99353 7.75917e-18)
(2.00676 3.73015 0)
(2.16523 3.46893 0)
(2.29811 3.2214 0)
(2.41122 2.99223 0)
(2.50888 2.78326 4.97219e-18)
(2.59486 2.59418 -5.01886e-18)
(2.67249 2.4231 4.81167e-18)
(0.831184 4.50883 0)
(1.02403 4.71923 2.66072e-18)
(1.21289 4.49866 -6.08406e-19)
(1.43029 4.26446 4.39817e-18)
(1.63367 3.99652 4.39433e-18)
(1.81839 3.71856 -7.06558e-18)
(1.98233 3.44874 0)
(2.12602 3.19507 -2.16848e-19)
(2.25149 2.96061 -1.7676e-17)
(2.36104 2.74642 0)
(2.45705 2.55207 1.10596e-17)
(2.54246 2.37575 -5.18988e-18)
(0.981225 4.56433 0)
(0.933712 4.68603 3.10925e-18)
(1.01647 4.37606 9.10834e-18)
(1.197 4.08443 -7.78327e-18)
(1.38876 3.81455 -1.08953e-17)
(1.57786 3.55122 1.72723e-17)
(1.75472 3.30091 -1.95994e-19)
(1.91492 3.06635 -6.80677e-18)
(2.05718 2.84805 5.58039e-18)
(2.18246 2.64658 -1.19193e-17)
(2.2918 2.46175 -1.65723e-17)
(2.38795 2.29211 1.68074e-17)
(0.40005 4.1796 -1.83783e-18)
(0.559603 4.10166 -1.22036e-17)
(0.685011 3.80081 2.34886e-18)
(0.877863 3.55653 0)
(1.09081 3.36583 0)
(1.30068 3.17722 3.59183e-19)
(1.49682 2.99111 1.84437e-17)
(1.67581 2.80985 1.14067e-17)
(1.83618 2.63465 0)
(1.97849 2.46778 1.079e-17)
(2.10254 2.31039 0)
(2.21111 2.16205 4.96199e-19)
(3.65803 2.25161 7.28095e-20)
(3.88433 2.17432 -3.26547e-19)
(4.04242 2.09921 -3.49637e-19)
(4.12818 1.94541 -5.82053e-19)
(4.14363 1.80515 -2.90878e-19)
(4.09584 1.61156 0)
(3.96998 1.43175 0)
(3.76577 1.22877 7.96344e-19)
(3.48416 1.02958 -9.34072e-19)
(3.10249 0.787613 0)
(2.68127 0.377739 0)
(2.53607 -0.222822 -6.58017e-20)
(3.34119 2.77338 1.68728e-18)
(3.43515 2.72396 0)
(3.5301 2.63948 -8.8975e-19)
(3.6224 2.51603 5.13134e-19)
(3.7016 2.35699 2.97391e-19)
(3.74035 2.19645 2.66138e-18)
(3.73501 2.03945 -4.33126e-18)
(3.67763 1.89527 6.74422e-19)
(3.56679 1.78349 0)
(3.32568 1.67974 0)
(3.04982 1.53924 0)
(3.19064 1.0224 7.23886e-19)
(3.41529 2.50572 1.59805e-18)
(3.4876 2.41528 -4.34233e-18)
(3.55783 2.32061 1.21159e-18)
(3.61809 2.22195 2.93038e-18)
(3.659 2.1254 -2.95901e-18)
(3.67536 2.03286 0)
(3.66126 1.95581 0)
(3.61782 1.90433 -2.37914e-19)
(3.55243 1.8817 1.09138e-18)
(3.41667 1.87361 0)
(3.19972 1.86293 0)
(3.41293 1.74303 -4.66132e-19)
(3.29186 2.48593 3.54382e-19)
(3.34712 2.39037 4.31763e-18)
(3.40099 2.29552 3.0463e-18)
(3.45023 2.20221 -3.02771e-18)
(3.49003 2.11508 0)
(3.51605 2.03991 1.74513e-18)
(3.52442 1.98459 0)
(3.51814 1.95866 2.49973e-18)
(3.49385 1.96266 -7.70672e-19)
(3.42647 2.02014 0)
(3.24909 2.10394 -5.49531e-19)
(3.54739 2.15313 6.57278e-19)
(3.17088 2.42769 -3.119e-18)
(3.22725 2.32187 0)
(3.28247 2.22217 0)
(3.33408 2.13002 0)
(3.37946 2.04918 0)
(3.4171 1.98449 -3.1581e-18)
(3.4455 1.94454 -1.41935e-19)
(3.46402 1.9361 -1.4073e-18)
(3.47929 1.96841 0)
(3.47611 2.05721 -1.23077e-18)
(3.36104 2.20063 4.90611e-19)
(3.7742 2.39963 -1.67964e-19)
(3.06018 2.38021 -2.48293e-19)
(3.11868 2.26722 -7.35957e-18)
(3.17626 2.16338 3.45644e-18)
(3.23194 2.06989 3.14847e-21)
(3.28482 1.98974 2.25984e-19)
(3.33467 1.92733 4.88874e-18)
(3.38238 1.88888 -1.56219e-19)
(3.42996 1.88157 -5.42136e-18)
(3.4795 1.91626 -2.17217e-18)
(3.53338 2.01011 1.08701e-18)
(3.47924 2.19969 -1.33847e-18)
(3.93858 2.52071 -5.39888e-19)
(2.9554 2.34112 1.17118e-17)
(3.01745 2.21914 3.82701e-18)
(3.07858 2.10819 0)
(3.13907 2.00912 0)
(3.19949 1.92422 2.12919e-19)
(3.26113 1.85711 -3.54147e-18)
(3.32641 1.81294 5.52381e-18)
(3.39892 1.79852 -1.30082e-19)
(3.48218 1.82489 1.85311e-18)
(3.58255 1.91171 0)
(3.60347 2.10066 -2.41123e-19)
(4.09854 2.50818 -7.9685e-20)
(2.85284 2.3061 -4.29049e-18)
(2.91789 2.17416 -3.94601e-18)
(2.9818 2.05445 4.22831e-18)
(3.0459 1.9473 -3.9452e-18)
(3.11189 1.85423 8.36588e-22)
(3.18237 1.77777 7.76236e-18)
(3.26132 1.72168 -3.54422e-18)
(3.35446 1.69182 1.99227e-18)
(3.46763 1.69848 0)
(3.61296 1.7627 1.19502e-18)
(3.71066 1.93718 6.09258e-19)
(4.20412 2.39051 -9.18054e-19)
(2.74398 2.26798 4.66875e-18)
(2.81165 2.1267 -4.52084e-18)
(2.87746 1.99821 -4.21567e-18)
(2.9435 1.88213 -8.75919e-18)
(3.01238 1.77915 8.39676e-18)
(3.08767 1.69069 -8.01724e-18)
(3.17487 1.61867 0)
(3.28208 1.56717 -1.88639e-18)
(3.41843 1.54422 0)
(3.60313 1.57022 0)
(3.78074 1.70871 0)
(4.26227 2.13241 4.37267e-19)
(2.61926 2.21551 5.03673e-18)
(2.69021 2.06869 -1.01261e-17)
(2.75766 1.9341 9.8617e-18)
(2.82417 1.81077 9.43831e-18)
(2.89282 1.69854 4.54195e-18)
(2.9682 1.59775 0)
(3.05703 1.50814 0)
(3.16932 1.43126 4.35122e-18)
(3.31809 1.37095 0)
(3.53271 1.3443 -1.21365e-18)
(3.77234 1.40797 7.91471e-19)
(4.24872 1.72274 -1.26936e-18)
(2.47215 2.13638 -1.10442e-17)
(2.54761 1.99134 1.0198e-17)
(2.61679 1.85636 -9.96029e-18)
(2.68243 1.72996 -2.49809e-17)
(2.74775 1.61164 -2.48349e-19)
(2.81779 1.50084 1.34799e-19)
(2.90073 1.39502 -4.74145e-18)
(3.00695 1.29245 -4.31007e-18)
(3.15339 1.19079 0)
(3.37779 1.10151 3.63032e-18)
(3.65025 1.03626 8.91865e-19)
(4.11868 1.02646 -1.78078e-18)
(2.30356 2.0229 -4.93515e-19)
(2.38362 1.88873 0)
(2.45346 1.7608 0)
(2.5156 1.63727 4.7723e-18)
(2.57388 1.51782 1.45393e-17)
(2.6331 1.40154 -4.74023e-18)
(2.7026 1.2843 -2.19861e-19)
(2.79083 1.16114 -2.40925e-18)
(2.91691 1.02224 -2.23057e-18)
(3.1086 0.86897 -2.24353e-18)
(3.39014 0.645641 0)
(3.71845 -0.0322178 2.32106e-18)
(2.21923 -0.211115 1.55466e-23)
(1.93236 -0.29038 0)
(1.76416 -0.380401 -1.4033e-19)
(1.65442 -0.495368 0)
(1.58464 -0.617146 -6.24526e-19)
(1.53484 -0.745132 7.19665e-19)
(1.62708 -0.869956 0)
(1.71748 -1.20211 1.07845e-18)
(1.42761 -2.08518 -4.97849e-19)
(1.65102 -2.89374 -3.92035e-20)
(2.04665 -3.12877 -8.40618e-19)
(2.15912 -3.40798 -7.53882e-19)
(2.6674 0.370366 -2.51971e-19)
(2.40167 0.192842 -1.3999e-19)
(2.34714 -0.0511327 5.21889e-19)
(2.34232 -0.322677 0)
(2.40039 -0.625699 -1.01334e-18)
(2.39371 -1.09251 5.95535e-19)
(2.46539 -1.93427 0)
(2.73858 -2.64797 9.37561e-19)
(2.73386 -2.98696 -2.33835e-18)
(2.79702 -3.12499 1.96174e-18)
(2.81228 -3.14909 1.52367e-18)
(2.79754 -3.2442 -3.86665e-18)
(2.98877 0.347602 -1.85761e-19)
(2.7019 0.111416 0)
(2.73328 -0.300156 -1.66064e-18)
(2.76006 -0.795958 0)
(2.84381 -1.45729 0)
(2.98716 -2.1816 -8.13527e-19)
(3.01175 -2.68338 3.9857e-18)
(2.99418 -2.9819 -2.76191e-18)
(2.86599 -3.14247 9.51941e-19)
(2.7642 -3.22745 0)
(2.67795 -3.27597 2.6624e-18)
(2.5922 -3.34773 -1.62163e-18)
(3.3202 0.301025 8.43764e-19)
(3.1156 -0.0929287 1.2554e-18)
(3.21607 -0.656323 1.38611e-18)
(3.28496 -1.30745 2.80531e-18)
(3.34527 -1.96039 -1.6853e-18)
(3.32298 -2.47805 -1.19601e-18)
(3.20338 -2.78421 0)
(3.07283 -2.95817 0)
(2.91441 -3.07306 2.16759e-18)
(2.79248 -3.13648 0)
(2.6857 -3.18285 5.01846e-19)
(2.58375 -3.23837 1.3888e-18)
(3.5355 0.0930255 1.2979e-18)
(3.4898 -0.35543 -9.85941e-19)
(3.59842 -0.958116 -2.85312e-18)
(3.63469 -1.59375 0)
(3.58752 -2.14177 0)
(3.45151 -2.5048 2.97935e-18)
(3.2787 -2.71795 0)
(3.10801 -2.85335 -5.73364e-18)
(2.94008 -2.94199 -2.44266e-18)
(2.79186 -3.00495 4.3005e-18)
(2.66104 -3.05906 -5.81066e-18)
(2.54023 -3.11531 3.64301e-18)
(3.72719 -0.120745 -2.62178e-18)
(3.7819 -0.602468 -1.52079e-18)
(3.86617 -1.16596 2.22623e-18)
(3.83735 -1.71618 3.94178e-19)
(3.70842 -2.14376 3.61747e-18)
(3.52322 -2.41981 -7.39644e-18)
(3.3232 -2.59655 6.76333e-18)
(3.12977 -2.71859 6.88481e-19)
(2.94709 -2.80873 0)
(2.78286 -2.87928 0)
(2.63631 -2.94125 8.76703e-18)
(2.50274 -3.00142 5.95971e-20)
(3.89353 -0.333585 -3.10581e-20)
(4.03922 -0.799685 -2.30377e-18)
(4.07057 -1.28749 0)
(3.98404 -1.7311 -4.5066e-18)
(3.80649 -2.0669 4.71309e-18)
(3.59096 -2.29736 1.12719e-17)
(3.36943 -2.4593 6.91038e-18)
(3.15762 -2.58057 8.85587e-19)
(2.96058 -2.67634 -1.07401e-17)
(2.78179 -2.75569 4.70101e-18)
(2.62073 -2.82599 5.03297e-18)
(2.47448 -2.89204 2.71725e-19)
(4.07874 -0.536586 2.19033e-19)
(4.28927 -0.941103 3.37169e-18)
(4.25168 -1.3327 0)
(4.1205 -1.68017 -4.88153e-18)
(3.90856 -1.95399 -3.55549e-18)
(3.6675 -2.16012 6.43548e-19)
(3.42515 -2.31787 -1.18806e-17)
(3.19466 -2.44356 4.29505e-19)
(2.98096 -2.54731 -2.75402e-19)
(2.78629 -2.63559 5.2157e-18)
(2.61032 -2.71366 -4.21193e-18)
(2.4509 -2.78539 2.24194e-19)
(4.24985 -0.700804 -3.42347e-18)
(4.52413 -1.02926 1.51221e-18)
(4.40932 -1.31722 -7.73429e-18)
(4.23483 -1.58543 3.8117e-18)
(3.99365 -1.81541 0)
(3.73024 -2.00683 0)
(3.46897 -2.16531 6.49716e-18)
(3.2214 -2.29819 1.19027e-17)
(2.99221 -2.41129 -5.45091e-18)
(2.78322 -2.50894 -4.97241e-18)
(2.59413 -2.5949 -4.77541e-18)
(2.42304 -2.67252 0)
(4.50889 -0.831178 7.20277e-20)
(4.71928 -1.02399 4.04574e-18)
(4.49874 -1.21286 9.16942e-18)
(4.26456 -1.43028 0)
(3.99661 -1.63369 7.66483e-18)
(3.71863 -1.81842 0)
(3.44878 -1.98237 3.38204e-19)
(3.19508 -2.12607 -5.70139e-18)
(2.9606 -2.25153 6.19468e-18)
(2.74639 -2.36108 0)
(2.55203 -2.45709 0)
(2.37569 -2.54248 -1.07115e-17)
(4.56435 -0.981215 -6.51003e-18)
(4.68604 -0.93369 3.10907e-18)
(4.37609 -1.01646 5.20207e-19)
(4.08448 -1.197 -8.58665e-18)
(3.81461 -1.38876 -3.36786e-18)
(3.55127 -1.57787 -3.45291e-18)
(3.30095 -1.75474 -6.73495e-18)
(3.06636 -1.91495 -1.90443e-17)
(2.84804 -2.05721 -5.58011e-18)
(2.64655 -2.18248 -1.19188e-17)
(2.46171 -2.29182 1.15885e-17)
(2.29206 -2.38797 1.06674e-17)
(4.17961 -0.400051 3.5175e-18)
(4.10166 -0.559601 -1.39911e-18)
(3.80082 -0.685016 3.52846e-19)
(3.55656 -0.877866 7.30996e-18)
(3.36587 -1.09082 0)
(3.17726 -1.30068 -6.62382e-18)
(2.99114 -1.49683 5.93875e-18)
(2.80986 -1.67583 5.29615e-18)
(2.63465 -1.8362 -1.72726e-17)
(2.46777 -1.97851 1.07895e-17)
(2.31037 -2.10257 -1.05825e-17)
(2.16202 -2.21113 0)
(2.25155 -3.65805 -3.94205e-19)
(2.17423 -3.88434 9.57664e-19)
(2.09921 -4.04249 -9.39829e-19)
(1.94539 -4.12822 -2.47848e-19)
(1.80518 -4.14373 -1.21535e-19)
(1.61157 -4.09591 7.89835e-20)
(1.43179 -3.97008 -1.28574e-19)
(1.22879 -3.76584 -3.18895e-19)
(1.02961 -3.48425 -9.34011e-19)
(0.787644 -3.10254 0)
(0.377783 -2.68132 0)
(-0.222725 -2.53614 -6.57863e-20)
(2.77328 -3.34131 -6.5203e-20)
(2.7239 -3.43524 2.16776e-18)
(2.63946 -3.53019 -8.89709e-19)
(2.51603 -3.62247 0)
(2.35701 -3.70167 1.74201e-18)
(2.19648 -3.74042 0)
(2.03948 -3.73508 1.29668e-18)
(1.89531 -3.67768 2.2301e-18)
(1.78353 -3.56684 -1.89601e-18)
(1.67978 -3.3257 0)
(1.53931 -3.04985 0)
(1.02253 -3.19067 -3.00743e-20)
(2.50565 -3.41542 1.14993e-18)
(2.41523 -3.4877 -1.07525e-18)
(2.32058 -3.55791 1.21165e-18)
(2.22194 -3.61815 0)
(2.1254 -3.65906 -1.3001e-18)
(2.03288 -3.67541 3.26202e-18)
(1.95584 -3.6613 -4.70894e-18)
(1.90437 -3.61785 -5.22152e-18)
(1.88175 -3.55246 3.06675e-18)
(1.87367 -3.41669 0)
(1.863 -3.19972 6.10551e-19)
(1.74313 -3.41293 1.51153e-19)
(2.48588 -3.29197 1.33363e-18)
(2.39033 -3.34721 -3.00918e-18)
(2.29549 -3.40106 3.04645e-18)
(2.2022 -3.45028 -3.02783e-18)
(2.11509 -3.49007 0)
(2.03993 -3.51608 1.74512e-18)
(1.98462 -3.52444 1.1684e-18)
(1.95871 -3.51816 6.87613e-19)
(1.96271 -3.49387 -1.56474e-18)
(2.02021 -3.42649 0)
(2.10403 -3.2491 -3.52913e-19)
(2.15325 -3.5474 5.89636e-19)
(2.42764 -3.17097 3.49648e-18)
(2.32184 -3.22732 -1.80454e-18)
(2.22215 -3.28252 0)
(2.13001 -3.33412 0)
(2.04918 -3.37948 1.72389e-18)
(1.98451 -3.41712 -1.44323e-18)
(1.94457 -3.44551 -2.57761e-19)
(1.93614 -3.46403 0)
(1.96847 -3.47929 -8.34497e-19)
(2.05727 -3.47611 1.23066e-18)
(2.20072 -3.36104 -1.07458e-18)
(2.39975 -3.7742 -2.71341e-19)
(2.38016 -3.06024 -7.43212e-18)
(2.26718 -3.11873 3.54833e-18)
(2.16335 -3.17629 7.1452e-18)
(2.06987 -3.23196 3.1482e-21)
(1.98973 -3.28483 -8.46449e-18)
(1.92734 -3.33468 -3.58183e-18)
(1.88891 -3.38238 -2.46371e-19)
(1.88161 -3.42996 0)
(1.91631 -3.4795 0)
(2.01019 -3.53338 -1.08697e-18)
(2.19978 -3.47923 -7.79272e-19)
(2.52082 -3.93859 2.36713e-19)
(2.34106 -2.95544 4.00249e-18)
(2.2191 -3.01748 -7.88445e-18)
(2.10816 -3.0786 -3.49413e-18)
(2.0091 -3.13908 -2.02679e-19)
(1.92421 -3.19948 3.3464e-18)
(1.85711 -3.26112 3.3016e-18)
(1.81296 -3.3264 1.86211e-18)
(1.79856 -3.39891 1.81232e-18)
(1.82494 -3.48217 -2.0105e-18)
(1.91177 -3.58254 0)
(2.10075 -3.60346 1.25152e-18)
(2.5083 -4.09854 -3.59868e-19)
(2.30605 -2.85287 0)
(2.17411 -2.9179 3.9462e-18)
(2.05441 -2.9818 0)
(1.94727 -3.04589 -2.01744e-19)
(1.85421 -3.11188 8.38108e-22)
(1.77776 -3.18235 7.76244e-18)
(1.72169 -3.2613 -7.47907e-18)
(1.69185 -3.35444 0)
(1.69853 -3.46761 -2.12903e-18)
(1.76276 -3.61295 1.19499e-18)
(1.93727 -3.71065 -2.33159e-18)
(2.39063 -4.20411 1.17167e-18)
(2.26792 -2.744 4.66893e-18)
(2.12665 -2.81166 -4.521e-18)
(1.99816 -2.87745 -4.57203e-18)
(1.8821 -2.94349 4.45996e-18)
(1.77913 -3.01236 4.20163e-18)
(1.69069 -3.08765 -1.2281e-17)
(1.61868 -3.17484 3.82485e-18)
(1.5672 -3.28206 0)
(1.54426 -3.41841 1.9412e-18)
(1.57028 -3.60311 0)
(1.70879 -3.78073 2.84458e-18)
(2.13251 -4.26226 -2.07935e-18)
(2.21546 -2.61927 0)
(2.06864 -2.69021 -1.01262e-17)
(1.93405 -2.75765 -5.25435e-18)
(1.81074 -2.82415 -9.15456e-18)
(1.69852 -2.8928 4.54197e-18)
(1.59774 -2.96817 4.27482e-18)
(1.50815 -3.057 0)
(1.43128 -3.16929 0)
(1.37098 -3.31806 0)
(1.34435 -3.53269 0)
(1.40803 -3.77232 -7.93763e-19)
(1.72283 -4.24871 -1.03909e-19)
(2.13633 -2.47216 5.38145e-18)
(1.9913 -2.54761 4.93993e-18)
(1.85632 -2.61679 2.05001e-17)
(1.72993 -2.68241 5.25804e-18)
(1.61162 -2.74773 1.97167e-17)
(1.50083 -2.81776 -4.74021e-18)
(1.39502 -2.90069 -4.74135e-18)
(1.29246 -3.00691 0)
(1.19081 -3.15336 -4.48242e-18)
(1.10155 -3.37775 -2.41428e-18)
(1.03632 -3.65023 -1.82788e-18)
(1.02653 -4.11866 -1.10651e-25)
(2.02287 -2.30357 0)
(1.8887 -2.38363 0)
(1.76077 -2.45346 -2.04143e-17)
(1.63725 -2.51559 -1.48494e-17)
(1.5178 -2.57387 -4.68867e-18)
(1.40153 -2.63307 0)
(1.2843 -2.70257 4.70539e-18)
(1.16115 -2.7908 0)
(1.02227 -2.91687 -1.96159e-19)
(0.869006 -3.10856 2.24345e-18)
(0.645683 -3.3901 6.5792e-19)
(-0.032181 -3.71842 4.59473e-18)
(-0.211284 -2.21927 1.03292e-19)
(-0.290534 -1.9324 2.00434e-19)
(-0.380572 -1.76426 -1.77468e-19)
(-0.495544 -1.65455 2.2727e-20)
(-0.61726 -1.58475 0)
(-0.7453 -1.53493 8.42318e-21)
(-0.870136 -1.62733 0)
(-1.20252 -1.71748 4.80411e-19)
(-2.08607 -1.42762 1.21442e-18)
(-2.89388 -1.65153 -5.5995e-20)
(-3.12861 -2.04698 7.29822e-19)
(-3.40795 -2.15936 7.9472e-19)
(0.370206 -2.66748 3.36594e-19)
(0.192696 -2.40177 -4.65302e-19)
(-0.051267 -2.34731 4.93277e-19)
(-0.322747 -2.34255 -3.41439e-20)
(-0.625823 -2.40075 -1.01547e-18)
(-1.09297 -2.39376 -2.07923e-19)
(-1.9349 -2.46576 -1.08433e-18)
(-2.64804 -2.73885 -1.47055e-18)
(-2.98676 -2.73396 2.16293e-18)
(-3.12469 -2.7972 -5.32133e-19)
(-3.14883 -2.81231 7.43562e-19)
(-3.24404 -2.79758 4.59327e-19)
(0.347364 -2.98877 -3.71758e-19)
(0.1112 -2.70196 0)
(-0.30037 -2.73335 0)
(-0.796289 -2.76017 -1.56792e-18)
(-1.45776 -2.84406 0)
(-2.18192 -2.9874 -1.27146e-18)
(-2.68331 -3.0119 6.62569e-19)
(-2.98165 -2.99425 2.43466e-18)
(-3.14221 -2.866 -1.21577e-18)
(-3.22716 -2.76427 -1.76729e-18)
(-3.27572 -2.67798 -3.75048e-18)
(-3.34752 -2.59223 3.81013e-18)
(0.300789 -3.3202 -1.68839e-18)
(-0.0932453 -3.11563 -1.25627e-18)
(-0.656732 -3.21611 2.4481e-18)
(-1.30788 -3.28507 9.54193e-19)
(-1.96068 -3.3454 0)
(-2.47798 -3.32301 -4.42604e-18)
(-2.78394 -3.20339 3.22077e-18)
(-2.95786 -3.07283 0)
(-3.07277 -2.91441 3.21341e-18)
(-3.13619 -2.79251 -5.15356e-18)
(-3.18261 -2.68572 3.52011e-18)
(-3.23817 -2.58377 4.86843e-19)
(0.0927822 -3.53547 1.97553e-18)
(-0.355802 -3.48981 3.01974e-18)
(-0.958516 -3.59844 9.48508e-19)
(-1.59402 -3.6347 0)
(-2.14179 -3.58746 -2.71672e-18)
(-2.50457 -3.45144 4.52645e-18)
(-2.71766 -3.27866 0)
(-2.85306 -3.10799 -3.13135e-18)
(-2.94172 -2.94006 -2.92644e-18)
(-3.00471 -2.79187 4.29957e-18)
(-3.05886 -2.66106 0)
(-3.11515 -2.54024 -3.29797e-18)
(-0.121011 -3.72711 2.02822e-18)
(-0.602799 -3.78188 7.25198e-19)
(-1.16625 -3.86611 -2.2258e-18)
(-1.7163 -3.83723 -8.91715e-18)
(-2.14367 -3.70828 -3.08292e-19)
(-2.41959 -3.52311 7.72481e-18)
(-2.59629 -3.32314 0)
(-2.71835 -3.12975 8.79454e-18)
(-2.80852 -2.94708 -5.1361e-18)
(-2.87909 -2.78287 4.49619e-18)
(-2.9411 -2.63633 2.85238e-19)
(-3.00129 -2.50276 -5.95828e-20)
(-0.3338 -3.89344 -1.88806e-18)
(-0.799928 -4.03916 -1.47785e-18)
(-1.28767 -4.07044 0)
(-1.73113 -3.98387 9.75345e-18)
(-2.0668 -3.80634 -1.32903e-17)
(-2.29717 -3.59086 -2.20175e-19)
(-2.45911 -3.36937 -1.31553e-17)
(-2.58038 -3.15761 5.46567e-19)
(-2.67617 -2.96059 -5.09106e-18)
(-2.75555 -2.78181 -5.05704e-18)
(-2.82588 -2.62076 5.03195e-18)
(-2.89194 -2.47451 -4.15874e-18)
(-0.536764 -4.07865 -1.68829e-19)
(-0.941274 -4.28918 -1.8229e-18)
(-1.33281 -4.25151 0)
(-1.68019 -4.12031 4.88037e-18)
(-1.95391 -3.90841 3.33802e-18)
(-2.15999 -3.6674 2.98114e-18)
(-2.31772 -3.4251 -5.19242e-19)
(-2.44342 -3.19465 -1.27054e-19)
(-2.54719 -2.98098 -5.66559e-18)
(-2.63548 -2.78633 -6.10092e-19)
(-2.71357 -2.61036 2.3745e-19)
(-2.78532 -2.45094 0)
(-0.700924 -4.24975 2.13069e-18)
(-1.02937 -4.52402 0)
(-1.31729 -4.40916 0)
(-1.58544 -4.23466 -3.81138e-18)
(-1.81535 -3.99351 3.39424e-18)
(-2.00673 -3.73014 -7.03448e-18)
(-2.16519 -3.46892 0)
(-2.29807 -3.22139 5.82632e-18)
(-2.41118 -2.99222 -2.47525e-19)
(-2.50885 -2.78324 4.97168e-18)
(-2.59483 -2.59416 -5.21391e-18)
(-2.67246 -2.42308 1.00283e-17)
(-0.831214 -4.5088 4.37136e-18)
(-1.02405 -4.71921 -1.38537e-18)
(-1.21291 -4.49861 -4.88897e-18)
(-1.43029 -4.26441 -8.44618e-18)
(-1.63365 -3.99648 0)
(-1.81835 -3.71853 6.39188e-18)
(-1.98228 -3.44872 -1.29782e-17)
(-2.12597 -3.19505 5.77466e-18)
(-2.25144 -2.96059 6.19404e-18)
(-2.361 -2.7464 0)
(-2.45701 -2.55205 -5.91639e-18)
(-2.54243 -2.37572 -9.98053e-18)
(-0.981232 -4.56432 -6.45755e-18)
(-0.933725 -4.68599 1.41396e-18)
(-1.01647 -4.376 4.29371e-18)
(-1.19699 -4.08436 3.63891e-18)
(-1.38873 -3.81448 -5.00357e-20)
(-1.57781 -3.55116 -1.06844e-17)
(-1.75466 -3.30086 1.27828e-17)
(-1.91486 -3.0663 2.50393e-17)
(-2.05712 -2.848 -1.75544e-17)
(-2.1824 -2.64654 -1.19179e-17)
(-2.29175 -2.46171 1.0926e-17)
(-2.38791 -2.29207 0)
(-0.400016 -4.17956 5.43264e-18)
(-0.559582 -4.10161 1.85103e-18)
(-0.684999 -3.80073 1.99591e-18)
(-0.877839 -3.55644 7.86198e-18)
(-1.09077 -3.36575 0)
(-1.30062 -3.17714 6.26438e-18)
(-1.49675 -2.99103 -1.25034e-17)
(-1.67574 -2.80978 -5.5419e-18)
(-1.83611 -2.63458 -5.68422e-18)
(-1.97843 -2.46772 1.07891e-17)
(-2.10249 -2.31034 5.65365e-18)
(-2.21107 -2.16201 1.62548e-17)
(-3.65796 -2.25158 1.08427e-19)
(-3.88427 -2.17431 6.02308e-19)
(-4.04236 -2.09919 2.69699e-19)
(-4.12813 -1.9454 -6.2559e-19)
(-4.14359 -1.80513 1.69022e-19)
(-4.09581 -1.61155 0)
(-3.96994 -1.43174 -5.0755e-19)
(-3.76575 -1.22876 3.84293e-19)
(-3.48415 -1.02957 0)
(-3.10249 -0.787606 1.15855e-19)
(-2.68127 -0.377745 0)
(-2.53609 0.222785 -2.96844e-19)
(-3.34113 -2.77332 -4.27565e-18)
(-3.4351 -2.7239 3.0289e-18)
(-3.53006 -2.63943 2.30598e-18)
(-3.62236 -2.51599 -9.72817e-19)
(-3.70155 -2.35695 0)
(-3.74031 -2.19642 0)
(-3.73498 -2.03942 1.48139e-18)
(-3.6776 -1.89525 -1.59672e-18)
(-3.56677 -1.78347 0)
(-3.32566 -1.67972 6.06449e-19)
(-3.04982 -1.53924 -3.80367e-20)
(-3.19064 -1.02245 -1.09662e-18)
(-3.41523 -2.50568 1.65236e-18)
(-3.48754 -2.41524 -2.8275e-18)
(-3.55777 -2.32057 0)
(-3.61803 -2.22192 -2.96239e-18)
(-3.65896 -2.12537 -3.03109e-18)
(-3.67533 -2.03283 6.45339e-18)
(-3.66123 -1.95578 -5.75e-18)
(-3.61779 -1.90431 0)
(-3.55241 -1.88168 0)
(-3.41665 -1.87359 0)
(-3.1997 -1.86291 -5.3308e-19)
(-3.41291 -1.74303 1.63817e-19)
(-3.2918 -2.48589 -1.33347e-18)
(-3.34707 -2.39033 -3.97964e-19)
(-3.40094 -2.29547 0)
(-3.45019 -2.20217 -3.75772e-19)
(-3.48999 -2.11504 0)
(-3.51601 -2.03987 0)
(-3.52439 -1.98455 1.32837e-18)
(-3.51812 -1.95863 -1.59074e-18)
(-3.49384 -1.96263 1.72491e-18)
(-3.42646 -2.02012 0)
(-3.24909 -2.10393 -5.49553e-19)
(-3.54738 -2.15314 -6.57317e-19)
(-3.17084 -2.42765 7.28528e-18)
(-3.22721 -2.32183 -1.80428e-18)
(-3.28243 -2.22214 3.23362e-18)
(-3.33405 -2.12998 1.45085e-18)
(-3.37943 -2.04914 -4.90107e-18)
(-3.41708 -1.98446 0)
(-3.44548 -1.9445 -1.65374e-18)
(-3.464 -1.93606 0)
(-3.47927 -1.96838 0)
(-3.4761 -2.05718 1.23075e-18)
(-3.36104 -2.20061 3.1475e-20)
(-3.77418 -2.39963 7.38298e-19)
(-3.06014 -2.38017 -3.46591e-18)
(-3.11865 -2.26718 -2.63361e-19)
(-3.17623 -2.16335 0)
(-3.23191 -2.06985 0)
(-3.2848 -1.9897 -5.35885e-18)
(-3.33465 -1.92729 3.35874e-18)
(-3.38236 -1.88885 3.41661e-18)
(-3.42995 -1.88153 1.77775e-18)
(-3.47949 -1.91622 -4.21281e-18)
(-3.53337 -2.01008 -1.08701e-18)
(-3.47924 -2.19967 0)
(-3.93857 -2.5207 8.43084e-19)
(-2.95537 -2.34109 -8.22056e-18)
(-3.01742 -2.21911 3.37289e-18)
(-3.07856 -2.10816 3.72566e-18)
(-3.13905 -2.00909 2.0427e-19)
(-3.19946 -1.92419 -4.18121e-19)
(-3.26111 -1.85707 -3.73809e-18)
(-3.32639 -1.8129 -5.42086e-18)
(-3.39891 -1.79849 -1.94417e-18)
(-3.48217 -1.82485 1.85298e-18)
(-3.58254 -1.91167 0)
(-3.60347 -2.10064 2.11671e-18)
(-4.09853 -2.50817 -5.38702e-19)
(-2.85281 -2.30608 8.38608e-18)
(-2.91787 -2.17413 -4.55912e-18)
(-2.98178 -2.05442 -4.22789e-18)
(-3.04587 -1.94727 -7.68789e-18)
(-3.11187 -1.8542 7.52138e-18)
(-3.18235 -1.77773 -1.94747e-19)
(-3.2613 -1.72164 1.12296e-17)
(-3.35444 -1.69178 1.78247e-18)
(-3.46762 -1.69844 2.12888e-18)
(-3.61295 -1.76266 0)
(-3.71066 -1.93716 -1.45007e-18)
(-4.2041 -2.3905 -6.92263e-19)
(-2.74395 -2.26796 0)
(-2.81163 -2.12668 4.33017e-18)
(-2.87743 -1.99818 4.21524e-18)
(-2.94348 -1.8821 -4.29888e-18)
(-3.01235 -1.77912 -1.6463e-19)
(-3.08765 -1.69066 -4.26317e-18)
(-3.17485 -1.61863 -3.82444e-18)
(-3.28206 -1.56713 0)
(-3.41841 -1.54417 -1.94105e-18)
(-3.60312 -1.57018 -1.20511e-18)
(-3.78074 -1.70868 4.65409e-18)
(-4.26226 -2.13239 -9.95741e-19)
(-2.61923 -2.21548 0)
(-2.69018 -2.06866 0)
(-2.75763 -1.93407 0)
(-2.82414 -1.81074 -1.42738e-17)
(-2.8928 -1.69851 9.05853e-18)
(-2.96818 -1.59772 8.70661e-18)
(-3.05701 -1.50811 0)
(-3.1693 -1.43122 -4.35068e-18)
(-3.31807 -1.3709 0)
(-3.5327 -1.34426 -2.47918e-18)
(-3.77233 -1.40793 -7.93743e-19)
(-4.24871 -1.72271 -1.2694e-18)
(-2.47211 -2.13634 0)
(-2.54758 -1.99131 0)
(-2.61677 -1.85633 1.05388e-17)
(-2.68241 -1.72993 1.47116e-17)
(-2.74773 -1.61161 4.07532e-19)
(-2.81777 -1.50081 4.87449e-18)
(-2.90071 -1.39498 -2.32288e-18)
(-3.00693 -1.29241 6.52655e-18)
(-3.15337 -1.19074 4.48196e-18)
(-3.37777 -1.10147 2.25327e-18)
(-3.65023 -1.03622 -1.82781e-18)
(-4.11867 -1.02643 -1.95204e-18)
(-2.30352 -2.02286 0)
(-2.38359 -1.8887 0)
(-2.45344 -1.76076 -9.96688e-18)
(-2.51558 -1.63724 5.243e-18)
(-2.57387 -1.51779 -4.68846e-18)
(-2.63308 -1.40151 -4.73988e-18)
(-2.70259 -1.28427 4.92499e-18)
(-2.79082 -1.1611 0)
(-2.9169 -1.0222 -4.38299e-18)
(-3.10859 -0.868926 -2.33411e-18)
(-3.39012 -0.645592 2.26039e-18)
(-3.71844 0.0322657 -4.61469e-18)
(-2.21923 0.211113 1.03202e-19)
(-1.93236 0.290381 0)
(-1.76416 0.3804 0)
(-1.65443 0.495373 5.94955e-19)
(-1.58466 0.617135 -6.49382e-19)
(-1.53487 0.745143 0)
(-1.6272 0.869991 0)
(-1.71748 1.20229 4.79958e-19)
(-1.4276 2.08567 1.20022e-18)
(-1.65129 2.89389 1.14749e-18)
(-2.04688 3.12876 -1.10985e-19)
(-2.15929 3.40805 7.31267e-19)
(-2.66741 -0.370358 -4.65706e-19)
(-2.40168 -0.192827 0)
(-2.34717 0.0511518 0)
(-2.34238 0.322698 -8.31636e-19)
(-2.40049 0.62577 2.16541e-18)
(-2.39371 1.09277 -2.43657e-18)
(-2.46558 1.9346 8.81593e-19)
(-2.73873 2.64808 8.47347e-19)
(-2.73394 2.98695 -2.70787e-19)
(-2.79714 3.12492 8.27897e-19)
(-2.81234 3.14903 0)
(-2.79761 3.24419 -1.77766e-18)
(-2.98878 -0.347577 3.71558e-19)
(-2.70192 -0.111367 0)
(-2.73331 0.300231 0)
(-2.76012 0.796111 -9.32743e-19)
(-2.84393 1.45752 7.12615e-19)
(-2.98725 2.18177 -1.59417e-18)
(-3.01183 2.68344 0)
(-2.99422 2.98188 -3.19259e-18)
(-2.86601 3.14244 3.89351e-18)
(-2.76426 3.22739 -9.99709e-19)
(-2.67799 3.27592 -2.64062e-18)
(-2.59225 3.34769 3.80971e-18)
(-3.3202 -0.300962 -8.4384e-19)
(-3.11563 0.0930244 1.25558e-18)
(-3.21611 0.656455 0)
(-3.28501 1.3076 9.54247e-19)
(-3.34532 1.96053 -6.4847e-19)
(-3.32299 2.4781 1.19612e-18)
(-3.20339 2.78419 0)
(-3.07284 2.95812 -2.4132e-18)
(-2.91443 3.07301 -5.38037e-18)
(-2.79252 3.13641 3.59075e-18)
(-2.68573 3.1828 3.52037e-18)
(-2.58379 3.23834 -6.86494e-18)
(-3.53549 -0.0929603 9.87337e-19)
(-3.4898 0.355536 -1.23006e-18)
(-3.59843 0.958239 2.85285e-18)
(-3.63469 1.59387 0)
(-3.5875 2.14183 -5.75912e-18)
(-3.45148 2.5048 5.39989e-18)
(-3.27869 2.71791 3.2162e-18)
(-3.10801 2.8533 2.38533e-18)
(-2.94008 2.94194 0)
(-2.79188 3.0049 0)
(-2.66107 3.05901 0)
(-2.54026 3.11528 -7.38854e-19)
(-3.72716 0.12082 5.2434e-18)
(-3.78189 0.602563 0)
(-3.86615 1.16606 -2.22605e-18)
(-3.83731 1.71625 4.6554e-18)
(-3.70837 2.14379 3.57446e-18)
(-3.52317 2.4198 -7.36241e-18)
(-3.32317 2.59651 3.45639e-18)
(-3.12976 2.71855 -1.20667e-17)
(-2.94708 2.80869 -1.84879e-19)
(-2.78286 2.87924 -4.4209e-19)
(-2.63632 2.94122 2.8529e-19)
(-2.50276 3.00139 1.17199e-17)
(-3.8935 0.333648 -6.76336e-18)
(-4.0392 0.799759 4.16773e-18)
(-4.07053 1.28756 -6.359e-18)
(-3.98399 1.73115 -4.50634e-18)
(-3.80643 2.06693 -8.26884e-18)
(-3.59091 2.29735 -4.40906e-18)
(-3.36939 2.45928 -6.51623e-18)
(-3.1576 2.58053 1.0833e-17)
(-2.96057 2.6763 0)
(-2.78178 2.75566 9.46989e-18)
(-2.62073 2.82596 -1.32936e-17)
(-2.47449 2.89201 4.45146e-18)
(-4.07871 0.536633 -3.14312e-18)
(-4.28925 0.94116 -5.34263e-18)
(-4.25163 1.33275 7.51225e-18)
(-4.12044 1.68021 0)
(-3.9085 1.954 -4.17983e-18)
(-3.66745 2.16012 6.34449e-18)
(-3.42511 2.31785 -3.21227e-19)
(-3.19463 2.44354 1.27076e-19)
(-2.98094 2.54729 -5.23419e-18)
(-2.78629 2.63556 -9.88149e-18)
(-2.61032 2.71363 4.42866e-18)
(-2.4509 2.78536 -4.4882e-18)
(-4.24982 0.70084 2.13088e-18)
(-4.5241 1.0293 0)
(-4.40928 1.31726 0)
(-4.23477 1.58546 0)
(-3.99359 1.81542 3.39452e-18)
(-3.73018 2.00683 0)
(-3.46893 2.16529 -4.11852e-19)
(-3.22137 2.29817 1.15715e-17)
(-2.99219 2.41126 2.82355e-19)
(-2.7832 2.50891 4.97212e-18)
(-2.59412 2.59487 -5.01877e-18)
(-2.42304 2.67248 1.48406e-17)
(-4.50888 0.831199 7.20205e-20)
(-4.71927 1.02402 7.3528e-18)
(-4.49871 1.21289 -2.25052e-18)
(-4.26451 1.4303 0)
(-3.99656 1.6337 0)
(-3.71858 1.81842 0)
(-3.44874 1.98236 0)
(-3.19504 2.12605 6.03614e-18)
(-2.96057 2.25151 -2.31871e-17)
(-2.74636 2.36105 -1.14608e-17)
(-2.55201 2.45705 1.10591e-17)
(-2.37568 2.54245 5.91942e-18)
(-4.56435 0.981239 -6.45741e-18)
(-4.68603 0.933706 -4.29716e-18)
(-4.37607 1.01647 -2.56516e-18)
(-4.08445 1.19701 0)
(-3.81456 1.38877 0)
(-3.55123 1.57788 7.17876e-18)
(-3.30091 1.75473 -1.32733e-17)
(-3.06632 1.91494 2.52597e-17)
(-2.84801 2.05719 1.78961e-17)
(-2.64653 2.18246 1.12205e-17)
(-2.4617 2.29179 -1.09262e-17)
(-2.29205 2.38794 6.34631e-19)
(-4.17961 0.400061 -1.83778e-18)
(-4.10165 0.559603 0)
(-3.80081 0.685018 3.82075e-18)
(-3.55654 0.877874 -1.16877e-17)
(-3.36585 1.09083 1.05801e-17)
(-3.17724 1.30069 3.59162e-19)
(-2.99112 1.49683 5.93855e-18)
(-2.80984 1.67582 -5.54194e-18)
(-2.63463 1.83619 -2.83274e-17)
(-2.46776 1.97849 0)
(-2.31036 2.10254 0)
(-2.16201 2.2111 4.96156e-19)
(-2.25163 3.65809 -6.47025e-19)
(-2.17432 3.88439 -4.72609e-19)
(-2.09926 4.04251 -1.94597e-19)
(-1.94544 4.12826 -5.49908e-19)
(-1.8052 4.14374 1.59882e-19)
(-1.6116 4.09593 7.90046e-20)
(-1.43179 3.97008 -5.07428e-19)
(-1.2288 3.76585 1.35096e-18)
(-1.02961 3.48425 -6.66929e-19)
(-0.787641 3.10255 -1.15849e-19)
(-0.377783 2.68132 0)
(0.222706 2.53615 0)
(-2.77336 3.34129 3.8575e-18)
(-2.72396 3.43523 -1.74657e-18)
(-2.6395 3.53018 -8.89718e-19)
(-2.51606 3.62247 0)
(-2.35703 3.70167 -1.44465e-18)
(-2.1965 3.74042 0)
(-2.03949 3.73508 -6.45142e-19)
(-1.89532 3.67768 1.59657e-18)
(-1.78353 3.56684 0)
(-1.67978 3.3257 1.45238e-18)
(-1.53931 3.04985 -1.71731e-18)
(-1.02255 3.19066 2.51308e-19)
(-2.5057 3.41539 1.59806e-18)
(-2.41528 3.48768 -4.34234e-18)
(-2.32062 3.5579 1.21159e-18)
(-2.22197 3.61814 0)
(-2.12543 3.65905 1.30004e-18)
(-2.0329 3.67541 3.26189e-18)
(-1.95585 3.6613 -4.46006e-18)
(-1.90438 3.61785 2.03793e-18)
(-1.88176 3.55246 -8.84094e-19)
(-1.87367 3.41668 0)
(-1.863 3.19971 0)
(-1.74313 3.41292 -1.51161e-19)
(-2.48592 3.29194 -3.14671e-18)
(-2.39037 3.34718 2.61412e-18)
(-2.29552 3.40104 3.04628e-18)
(-2.20223 3.45027 -1.66214e-18)
(-2.11511 3.49006 -3.08747e-18)
(-2.03994 3.51607 0)
(-1.98463 3.52444 1.60052e-19)
(-1.95872 3.51815 3.21973e-18)
(-1.96272 3.49387 -2.49556e-18)
(-2.02021 3.42648 9.90597e-19)
(-2.10403 3.2491 -5.6482e-20)
(-2.15325 3.5474 -5.89657e-19)
(-2.42767 3.17094 3.49622e-18)
(-2.32186 3.2273 -1.80442e-18)
(-2.22217 3.2825 3.23382e-18)
(-2.13003 3.3341 -1.72905e-18)
(-2.0492 3.37948 0)
(-1.98453 3.41711 0)
(-1.94458 3.44551 -1.39599e-18)
(-1.93615 3.46402 -3.4626e-18)
(-1.96847 3.47929 1.85124e-18)
(-2.05727 3.47611 1.23061e-18)
(-2.20072 3.36103 -1.07461e-18)
(-2.39974 3.77419 0)
(-2.38018 3.06022 -2.48294e-19)
(-2.2672 3.11871 -7.35956e-18)
(-2.16338 3.17628 0)
(-2.06989 3.23194 3.37812e-18)
(-1.98975 3.28482 -3.34486e-18)
(-1.92736 3.33467 0)
(-1.88892 3.38237 -1.34618e-19)
(-1.88162 3.42995 -1.49116e-19)
(-1.91631 3.47949 0)
(-2.01018 3.53337 -2.37096e-18)
(-2.19977 3.47923 1.0983e-18)
(-2.52081 3.93857 -6.10219e-19)
(-2.34108 2.95542 -4.23943e-18)
(-2.21911 3.01746 1.1484e-17)
(-2.10818 3.07858 0)
(-2.00911 3.13906 -3.63344e-18)
(-1.92423 3.19947 3.57209e-18)
(-1.85713 3.26111 3.52496e-18)
(-1.81297 3.32638 -3.89175e-18)
(-1.79857 3.3989 -1.83847e-18)
(-1.82494 3.48216 0)
(-1.91177 3.58253 -1.50625e-18)
(-2.10074 3.60345 1.49266e-18)
(-2.50828 4.09853 0)
(-2.30605 2.85284 8.60091e-18)
(-2.17412 2.91788 -8.09855e-18)
(-2.05442 2.98178 8.27388e-18)
(-1.94728 3.04587 -7.88685e-18)
(-1.85422 3.11186 8.36014e-22)
(-1.77777 3.18233 3.79125e-18)
(-1.7217 3.26128 3.54401e-18)
(-1.69185 3.35442 0)
(-1.69853 3.4676 -2.12893e-18)
(-1.76275 3.61293 4.80889e-18)
(-1.93725 3.71064 -1.45e-18)
(-2.39059 4.2041 0)
(-2.26792 2.74396 4.66862e-18)
(-2.12665 2.81163 1.78802e-19)
(-1.99817 2.87742 -4.2155e-18)
(-1.8821 2.94346 0)
(-1.77914 3.01233 0)
(-1.69069 3.08762 0)
(-1.61868 3.17482 0)
(-1.5672 3.28203 -4.14331e-18)
(-1.54425 3.41838 1.9411e-18)
(-1.57027 3.60309 2.82581e-19)
(-1.70877 3.78072 0)
(-2.13247 4.26225 0)
(-2.21545 2.61923 -5.03646e-18)
(-2.06864 2.69017 -1.4854e-17)
(-1.93405 2.75762 0)
(-1.81074 2.82412 4.94733e-18)
(-1.69852 2.89276 9.23275e-18)
(-1.59774 2.96814 0)
(-1.50815 3.05697 0)
(-1.43128 3.16926 1.79219e-18)
(-1.37097 3.31804 -6.48062e-18)
(-1.34434 3.53267 2.25328e-19)
(-1.40801 3.77231 0)
(-1.72278 4.2487 0)
(-2.13632 2.47212 -5.66221e-18)
(-1.99129 2.54757 -5.85347e-18)
(-1.85632 2.61675 1.05391e-17)
(-1.72993 2.68238 -1.4712e-17)
(-1.61162 2.74769 5.24788e-18)
(-1.50083 2.81772 9.61451e-18)
(-1.39502 2.90066 -2.41804e-18)
(-1.29246 3.00688 2.09254e-18)
(-1.1908 3.15333 4.20713e-18)
(-1.10153 3.37774 -4.66753e-18)
(-1.03629 3.65022 -1.82784e-18)
(-1.02647 4.11866 0)
(-2.02286 2.30354 -4.93471e-19)
(-1.88869 2.3836 1.01181e-17)
(-1.76076 2.45343 -9.96684e-18)
(-1.63724 2.51555 0)
(-1.5178 2.57383 -9.61332e-18)
(-1.40153 2.63304 -1.4667e-17)
(-1.2843 2.70254 -2.19838e-19)
(-1.16115 2.79077 0)
(-1.02225 2.91686 0)
(-0.868984 3.10855 1.1052e-18)
(-0.645649 3.3901 9.21367e-21)
(0.0322324 3.71843 2.32104e-18)
(0.138769 2.63934 5.64732e-19)
(0.230887 2.73559 2.26808e-18)
(0.426573 2.77717 1.25846e-19)
(0.635237 2.77113 0)
(0.85197 2.73285 5.52363e-18)
(1.06254 2.66101 -5.19223e-18)
(1.26207 2.56658 -1.54386e-17)
(1.448 2.45823 -1.02881e-17)
(1.61828 2.34247 -6.87053e-21)
(1.77233 2.22445 -4.95373e-18)
(1.90754 2.10713 9.98821e-18)
(2.02628 1.99122 -9.58277e-18)
(0.169052 2.24929 0)
(0.297598 2.24075 0)
(0.432979 2.24956 -2.20305e-18)
(0.577874 2.2481 4.48476e-18)
(0.74192 2.2371 -1.11157e-17)
(0.916682 2.20835 -6.7223e-18)
(1.09471 2.16314 8.76792e-18)
(1.27023 2.10485 2.21296e-17)
(1.43776 2.03702 -4.44007e-18)
(1.594 1.96318 0)
(1.73241 1.88518 2.4475e-19)
(1.85424 1.80311 0)
(0.134051 2.01242 -4.40251e-19)
(0.250667 1.98065 4.54269e-19)
(0.380438 1.95901 3.72061e-18)
(0.515711 1.93749 3.86869e-20)
(0.663953 1.91712 3.79687e-18)
(0.82266 1.89243 -6.59467e-20)
(0.987206 1.86183 0)
(1.15298 1.82556 -3.89763e-18)
(1.31402 1.78378 -4.00537e-18)
(1.46529 1.73734 1.22652e-17)
(1.59699 1.68565 -1.22397e-17)
(1.70867 1.62799 8.41785e-18)
(0.1009 1.80539 -7.99415e-19)
(0.215663 1.77886 1.63191e-18)
(0.33953 1.75653 3.04621e-20)
(0.469085 1.73687 -3.37346e-18)
(0.610816 1.71989 -6.93422e-18)
(0.764242 1.70202 -4.96689e-20)
(0.925689 1.68056 -7.18868e-18)
(1.08988 1.65361 3.65682e-18)
(1.24897 1.61926 -3.70422e-18)
(1.39417 1.57659 -7.50483e-18)
(1.51123 1.52424 0)
(1.59372 1.46264 7.87556e-18)
(2.12387 1.87847 9.51726e-18)
(2.20481 1.76228 9.79437e-18)
(2.27078 1.64756 0)
(2.32402 1.53215 0)
(2.36979 1.41663 4.58166e-18)
(2.41296 1.30021 -4.48123e-18)
(2.46374 1.17828 2.11989e-18)
(2.52696 1.04459 6.47931e-18)
(2.61978 0.885651 0)
(2.73133 0.691129 0)
(2.92036 0.399617 5.80868e-19)
(2.77785 -0.243048 -1.51786e-18)
(1.94741 1.71905 -9.11119e-18)
(2.01887 1.6213 2.8908e-19)
(2.07072 1.52144 0)
(2.10619 1.41643 -4.30736e-18)
(2.1327 1.30815 -6.31103e-21)
(2.15606 1.19589 4.11033e-18)
(2.1876 1.07559 0)
(2.22986 0.940509 -4.01677e-18)
(2.29978 0.780865 0)
(2.36834 0.581919 -3.8838e-18)
(2.49517 0.345929 -1.86785e-18)
(2.41055 -0.0979258 -1.5027e-26)
(1.77733 1.56441 -2.49884e-19)
(1.82053 1.47602 -8.06386e-18)
(1.84389 1.38692 0)
(1.85234 1.29112 7.96977e-18)
(1.85594 1.19173 3.83386e-18)
(1.86167 1.0871 1.05589e-21)
(1.88092 0.973518 -9.20415e-18)
(1.91402 0.842691 1.07966e-17)
(1.97676 0.689782 -1.76148e-18)
(2.03339 0.497988 7.86008e-18)
(2.13219 0.303065 2.48176e-18)
(2.10902 -0.007783 -4.37225e-19)
(1.60151 1.39531 2.30465e-17)
(1.59039 1.30264 0)
(1.57516 1.22082 0)
(1.55547 1.13651 -7.01392e-18)
(1.54288 1.05298 -6.97895e-18)
(1.54359 0.965301 6.79921e-18)
(1.56616 0.868453 1.31835e-17)
(1.60832 0.751739 -6.44401e-18)
(1.67928 0.613133 3.20178e-18)
(1.74519 0.435995 -3.17182e-18)
(1.83259 0.260568 -1.54184e-18)
(1.85243 0.0278533 -3.92439e-19)
(2.6394 -0.138772 -1.12946e-18)
(2.73565 -0.2309 0)
(2.77723 -0.426588 1.25853e-19)
(2.77118 -0.635248 0)
(2.7329 -0.851978 0)
(2.66105 -1.06255 5.19202e-18)
(2.56662 -1.26208 0)
(2.45825 -1.44802 9.94706e-18)
(2.34249 -1.6183 9.80694e-18)
(2.22445 -1.77236 1.00452e-17)
(2.10713 -1.90757 -4.91927e-18)
(1.9912 -2.02631 -5.05467e-18)
(2.24934 -0.169063 -5.32781e-19)
(2.24081 -0.297609 -5.42936e-19)
(2.24961 -0.432986 -1.09271e-18)
(2.24815 -0.577877 0)
(2.23714 -0.74192 -2.22492e-18)
(2.20839 -0.916684 1.11738e-17)
(2.16318 -1.09472 0)
(2.10488 -1.27025 4.43386e-18)
(2.03704 -1.43779 -4.43985e-18)
(1.9632 -1.59403 -8.78347e-18)
(1.88519 -1.73245 -9.06164e-18)
(1.80311 -1.85428 8.84013e-18)
(2.01245 -0.134066 -8.84309e-19)
(1.98069 -0.250679 1.35812e-18)
(1.95905 -0.380442 -2.77618e-18)
(1.93753 -0.51571 1.88803e-18)
(1.91715 -0.66395 0)
(1.89247 -0.82266 -1.54425e-17)
(1.86186 -0.987214 0)
(1.82559 -1.153 7.95227e-18)
(1.78381 -1.31405 -4.0448e-18)
(1.73737 -1.46533 8.21016e-18)
(1.68566 -1.59704 4.0303e-18)
(1.628 -1.70872 -8.41747e-18)
(1.80541 -0.10092 1.19541e-18)
(1.77888 -0.215676 1.63188e-18)
(1.75655 -0.339533 0)
(1.73688 -0.46908 0)
(1.7199 -0.61081 0)
(1.70204 -0.764241 1.40687e-17)
(1.68058 -0.925696 7.18837e-18)
(1.65363 -1.0899 -1.09315e-17)
(1.61929 -1.249 1.11419e-17)
(1.57661 -1.39421 -7.50448e-18)
(1.52425 -1.51127 0)
(1.46265 -1.59376 7.61211e-18)
(1.87845 -2.1239 -9.88999e-18)
(1.76226 -2.20483 -9.79401e-18)
(1.64754 -2.27079 9.29858e-18)
(1.53214 -2.32402 -9.5136e-18)
(1.41662 -2.36978 0)
(1.3002 -2.41294 -9.12628e-18)
(1.17828 -2.46371 1.12434e-17)
(1.04461 -2.52692 -2.17972e-18)
(0.885677 -2.61973 4.24686e-18)
(0.691163 -2.73128 -1.08633e-18)
(0.399654 -2.9203 1.10993e-18)
(-0.243012 -2.77779 -7.8741e-19)
(1.71905 -1.94744 8.82212e-18)
(1.62129 -2.0189 8.74098e-18)
(1.52143 -2.07074 0)
(1.41643 -2.1062 4.15298e-18)
(1.30815 -2.1327 8.41616e-18)
(1.19589 -2.15604 3.98578e-18)
(1.0756 -2.18757 -1.61511e-17)
(0.940529 -2.22981 -4.01662e-18)
(0.780893 -2.29973 -3.93572e-18)
(0.581955 -2.36828 -9.69478e-19)
(0.345968 -2.49511 9.29744e-19)
(-0.0978826 -2.41048 5.14668e-19)
(1.56442 -1.77737 0)
(1.47602 -1.82056 -1.24011e-17)
(1.38692 -1.84391 4.01745e-18)
(1.29112 -1.85235 4.04025e-18)
(1.19173 -1.85593 7.6693e-18)
(1.08711 -1.86164 -3.7402e-18)
(0.973535 -1.88088 9.07279e-18)
(0.842715 -1.91397 8.99412e-18)
(0.689814 -1.9767 1.74419e-18)
(0.498026 -2.03333 -1.74232e-18)
(0.303107 -2.13211 -4.1591e-19)
(-0.00773699 -2.10894 -3.91758e-21)
(1.39532 -1.60155 0)
(1.30265 -1.59042 -1.57573e-19)
(1.22082 -1.57517 0)
(1.13651 -1.55547 -1.41763e-17)
(1.05299 -1.54286 3.45644e-18)
(0.965313 -1.54355 -1.01808e-17)
(0.868472 -1.56611 0)
(0.751764 -1.60826 -6.44375e-18)
(0.613165 -1.67921 3.18107e-18)
(0.436034 -1.74511 -3.17685e-18)
(0.260612 -1.83251 -1.15582e-18)
(0.0279016 -1.85235 -3.92184e-19)
(-0.138729 -2.63933 -1.12941e-18)
(-0.230864 -2.73558 1.19376e-19)
(-0.426554 -2.77713 0)
(-0.635206 -2.77107 -2.59231e-18)
(-0.851923 -2.73278 5.46391e-18)
(-1.06248 -2.66093 -8.09904e-18)
(-1.262 -2.5665 -2.1425e-19)
(-1.44793 -2.45815 1.01501e-17)
(-1.61821 -2.3424 -5.00581e-18)
(-1.77228 -2.22438 0)
(-1.9075 -2.10708 -1.96253e-17)
(-2.02625 -1.99117 3.61643e-19)
(-0.169015 -2.24926 1.0719e-18)
(-0.297566 -2.24073 -5.2382e-19)
(-0.432943 -2.24952 4.47119e-18)
(-0.577828 -2.24805 -8.89333e-18)
(-0.741863 -2.23703 4.48357e-18)
(-0.916618 -2.20828 -1.57327e-19)
(-1.09464 -2.16307 0)
(-1.27017 -2.10478 1.33694e-17)
(-1.43771 -2.03695 -4.43969e-18)
(-1.59396 -1.96312 0)
(-1.73239 -1.88513 8.81667e-18)
(-1.85423 -1.80307 -8.83992e-18)
(-0.134016 -2.01237 -4.38983e-19)
(-0.250631 -1.98061 2.46306e-20)
(-0.380394 -1.95897 -3.67807e-18)
(-0.515658 -1.93744 3.74107e-18)
(-0.663893 -1.91706 -3.79657e-18)
(-0.822598 -1.89237 1.15769e-17)
(-0.987149 -1.86177 1.17667e-17)
(-1.15293 -1.82551 -3.89732e-18)
(-1.31399 -1.78373 4.05734e-18)
(-1.46528 -1.7373 0)
(-1.597 -1.68561 -8.32061e-18)
(-1.70869 -1.62797 0)
(-0.100869 -1.80533 -1.59878e-18)
(-0.215627 -1.7788 -3.24642e-18)
(-0.339484 -1.75647 3.33392e-18)
(-0.469031 -1.73681 -1.68809e-18)
(-0.610758 -1.71984 3.45082e-18)
(-0.764187 -1.70198 -1.22794e-17)
(-0.925643 -1.68052 -7.13931e-18)
(-1.08985 -1.65358 7.29872e-18)
(-1.24897 -1.61924 -1.10924e-17)
(-1.39419 -1.57658 0)
(-1.51127 -1.52423 7.59258e-18)
(-1.59378 -1.46264 -1.54871e-17)
(-2.12385 -1.87843 1.47504e-17)
(-2.20479 -1.76224 -4.81025e-18)
(-2.27076 -1.64753 0)
(-2.32401 -1.53212 -9.15076e-18)
(-2.36978 -1.4166 0)
(-2.41295 -1.30018 0)
(-2.46374 -1.17825 -4.3507e-18)
(-2.52696 -1.04456 0)
(-2.61977 -0.885613 0)
(-2.73133 -0.691089 -4.45635e-20)
(-2.92035 -0.399572 2.24467e-18)
(-2.77784 0.243094 1.57482e-18)
(-1.9474 -1.71902 -8.82194e-18)
(-2.01887 -1.62127 0)
(-2.07072 -1.52141 0)
(-2.1062 -1.41641 -4.30708e-18)
(-2.13271 -1.30813 4.20479e-18)
(-2.15606 -1.19586 0)
(-2.18761 -1.07556 -6.15045e-18)
(-2.22987 -0.94048 -1.98239e-18)
(-2.2998 -0.78083 0)
(-2.36836 -0.581884 -9.96878e-19)
(-2.49518 -0.345889 -2.32433e-18)
(-2.41055 0.0979662 -5.12147e-19)
(-1.77735 -1.5644 8.42491e-18)
(-1.82056 -1.47601 -4.0957e-18)
(-1.84391 -1.3869 -8.16254e-18)
(-1.85236 -1.29111 3.93056e-18)
(-1.85596 -1.19171 -7.76389e-18)
(-1.86169 -1.08709 0)
(-1.88094 -0.973499 1.46176e-17)
(-1.91405 -0.842667 0)
(-1.9768 -0.689752 1.77415e-18)
(-2.03343 -0.497959 8.68284e-19)
(-2.13222 -0.303032 1.24485e-18)
(-2.10905 0.00781622 2.15646e-22)
(-1.60156 -1.39532 -7.57351e-18)
(-1.59044 -1.30265 0)
(-1.5752 -1.22083 7.18692e-18)
(-1.55551 -1.13651 -1.07117e-17)
(-1.54292 -1.05299 1.72891e-17)
(-1.54364 -0.965298 -6.79866e-18)
(-1.56621 -0.868442 -1.31824e-17)
(-1.60838 -0.75172 0)
(-1.67934 -0.613106 0)
(-1.74525 -0.435967 0)
(-1.83265 -0.26054 -1.54137e-18)
(-1.85248 -0.0278246 -1.18079e-18)
(-2.63938 0.138796 -5.31228e-20)
(-2.73565 0.230918 5.91324e-19)
(-2.77724 0.426603 0)
(-2.77119 0.635266 5.47449e-18)
(-2.73291 0.851998 -2.60255e-18)
(-2.66106 1.06257 -7.85089e-18)
(-2.56662 1.26209 -5.16544e-18)
(-2.45826 1.44802 5.08119e-18)
(-2.34249 1.6183 9.80664e-18)
(-2.22445 1.77235 1.00449e-17)
(-2.10713 1.90756 -9.98743e-18)
(-1.9912 2.02629 -9.58203e-18)
(-2.24934 0.169087 -1.6398e-26)
(-2.24081 0.297627 2.20403e-18)
(-2.24963 0.433005 4.47126e-18)
(-2.24818 0.577899 0)
(-2.23717 0.741946 4.48366e-18)
(-2.20842 0.916709 0)
(-2.16321 1.09474 4.43248e-18)
(-2.10491 1.27026 -4.59902e-21)
(-2.03707 1.4378 -1.3396e-17)
(-1.96322 1.59403 -8.78323e-18)
(-1.88521 1.73244 8.81665e-18)
(-1.80313 1.85426 9.10866e-18)
(-2.01247 0.134093 4.44026e-19)
(-1.98071 0.250706 -4.5191e-18)
(-1.95908 0.380471 -6.47076e-18)
(-1.93756 0.515741 -1.88036e-18)
(-1.91719 0.663982 -1.14524e-17)
(-1.89251 0.82269 5.8258e-18)
(-1.8619 0.987241 3.31397e-21)
(-1.82563 1.15302 3.96151e-18)
(-1.78385 1.31406 -1.14067e-19)
(-1.7374 1.46533 0)
(-1.6857 1.59703 0)
(-1.62803 1.7087 2.24761e-19)
(-1.80545 0.100948 4.03412e-19)
(-1.77892 0.215706 1.61459e-18)
(-1.75659 0.339566 3.30345e-18)
(-1.73692 0.469117 -3.40217e-18)
(-1.71994 0.610847 1.38147e-17)
(-1.70209 0.764274 -7.00932e-18)
(-1.68062 0.925723 0)
(-1.65367 1.08991 7.32247e-18)
(-1.61932 1.24901 7.38854e-18)
(-1.57665 1.3942 0)
(-1.52428 1.51125 0)
(-1.46267 1.59373 -2.3099e-17)
(-1.87845 2.12387 9.51652e-18)
(-1.76225 2.2048 -9.79361e-18)
(-1.64754 2.27075 -1.44208e-17)
(-1.53214 2.32398 -7.15472e-21)
(-1.41662 2.36974 9.29054e-18)
(-1.3002 2.41291 2.24029e-17)
(-1.17828 2.46369 4.35072e-18)
(-1.0446 2.52691 -4.44296e-18)
(-0.885658 2.61972 0)
(-0.691138 2.73129 -4.45638e-20)
(-0.399618 2.92032 0)
(0.24306 2.77781 -7.87423e-19)
(-1.71906 1.94742 0)
(-1.6213 2.01887 -2.89058e-19)
(-1.52143 2.07071 8.6185e-18)
(-1.41643 2.10617 -1.30446e-17)
(-1.30815 2.13267 -1.25974e-17)
(-1.19588 2.15602 -8.09569e-18)
(-1.07559 2.18756 1.02119e-17)
(-0.940514 2.22982 5.96005e-18)
(-0.78087 2.29974 -3.93564e-18)
(-0.581926 2.36831 1.9172e-18)
(-0.345931 2.49514 0)
(0.0979296 2.41052 0)
(-1.56443 1.77734 -8.42481e-18)
(-1.47603 1.82053 3.96764e-18)
(-1.38692 1.84388 -4.14211e-18)
(-1.29113 1.85232 3.81684e-18)
(-1.19173 1.85591 1.13979e-17)
(-1.08711 1.86163 0)
(-0.973525 1.88088 1.39527e-19)
(-0.842698 1.91399 -3.56235e-18)
(-0.689788 1.97674 -3.00414e-20)
(-0.497994 2.03338 -3.49817e-18)
(-0.303069 2.13217 4.15909e-19)
(0.00777759 2.109 -4.36992e-19)
(-1.39533 1.60151 -7.89833e-18)
(-1.30266 1.59039 0)
(-1.22083 1.57515 7.18701e-18)
(-1.13652 1.55545 -1.07118e-17)
(-1.053 1.54286 3.46924e-18)
(-0.965314 1.54357 0)
(-0.868465 1.56615 9.80221e-20)
(-0.751749 1.60831 6.51389e-18)
(-0.613139 1.67928 3.18105e-18)
(-0.436 1.74519 -5.15906e-21)
(-0.260573 1.8326 0)
(-0.0278653 1.85242 7.86624e-19)
(0.0859533 1.60191 1.08964e-18)
(0.199978 1.60106 2.24033e-20)
(0.327528 1.60332 -4.78322e-18)
(0.465482 1.60995 0)
(0.617884 1.61663 7.56175e-18)
(0.780141 1.61732 1.79368e-17)
(0.944321 1.60678 2.57193e-17)
(1.09967 1.58069 0)
(1.23299 1.5367 0)
(1.33013 1.4749 -5.18096e-18)
(1.37705 1.39903 5.12524e-18)
(1.36496 1.31655 -2.05059e-17)
(0.0822372 1.42008 -5.54819e-19)
(0.197132 1.43752 1.76568e-18)
(0.323727 1.4566 -6.12791e-18)
(0.461653 1.47815 0)
(0.611308 1.49573 1.04249e-17)
(0.766081 1.50234 -1.04275e-17)
(0.915819 1.4919 -5.21811e-18)
(1.04763 1.4602 7.55503e-21)
(1.14735 1.40606 -5.33491e-18)
(1.20268 1.3333 0)
(1.20457 1.25114 0)
(1.15358 1.17266 2.17005e-17)
(0.0892625 1.25021 0)
(0.202468 1.27652 -2.33507e-18)
(0.326084 1.30262 4.88899e-18)
(0.459479 1.328 2.56277e-18)
(0.599881 1.3459 -1.58901e-17)
(0.738793 1.34993 8.10375e-18)
(0.864789 1.33494 -1.6514e-17)
(0.964824 1.29822 5.60811e-18)
(1.02688 1.24085 1.45387e-20)
(1.04328 1.16893 2.97599e-20)
(1.012 1.09569 -3.10909e-17)
(0.94702 1.04292 -2.55021e-17)
(0.0998891 1.08629 0)
(0.208603 1.11371 4.68783e-18)
(0.325689 1.13882 0)
(0.449384 1.16016 1.02869e-17)
(0.574536 1.17171 0)
(0.691444 1.16837 5.62691e-18)
(0.7883 1.1464 2.31729e-17)
(0.852887 1.10424 -6.06991e-18)
(0.875722 1.04297 0)
(0.854357 0.966614 0)
(0.790912 0.884845 -8.07328e-18)
(0.722467 0.862869 7.91397e-18)
(1.27997 1.22504 -2.04562e-17)
(1.24125 1.11495 -5.02361e-18)
(1.21872 1.04941 2.47056e-17)
(1.2048 0.98166 -1.43421e-17)
(1.21347 0.917031 1.84135e-17)
(1.24536 0.845469 -1.78711e-17)
(1.30219 0.759896 -2.16812e-17)
(1.37828 0.650557 0)
(1.46763 0.516306 -4.12093e-18)
(1.54525 0.353395 0)
(1.61226 0.193273 0)
(1.62553 0.0186707 -1.05534e-18)
(1.0249 1.0824 0)
(0.990802 0.950265 0)
(0.978684 0.898155 -1.86828e-17)
(0.975854 0.845529 4.51271e-18)
(0.998589 0.794898 4.39576e-18)
(1.04417 0.736343 -5.4248e-20)
(1.11148 0.66309 1.04152e-17)
(1.19305 0.567473 6.20198e-18)
(1.27912 0.448786 0)
(1.35074 0.307816 0)
(1.40361 0.168814 -5.11728e-19)
(1.42093 0.0238745 2.64825e-18)
(0.778778 0.98438 0)
(0.771697 0.821457 -4.92279e-18)
(0.7825 0.77897 -1.38931e-17)
(0.794324 0.738777 1.77676e-17)
(0.828631 0.696105 1.72511e-17)
(0.881759 0.643348 4.18306e-18)
(0.951506 0.575541 -6.20173e-18)
(1.03007 0.487683 -6.09023e-18)
(1.10767 0.380531 8.1499e-18)
(1.17031 0.257666 0)
(1.21483 0.1368 5.15769e-19)
(1.23658 0.0136367 1.612e-18)
(0.539596 0.890362 -3.27757e-17)
(0.574538 0.691032 -2.16559e-17)
(0.61647 0.66485 1.88331e-17)
(0.643554 0.640852 -2.21789e-17)
(0.685728 0.606646 4.35861e-18)
(0.741526 0.559213 0)
(0.808873 0.496476 -2.09443e-18)
(0.880689 0.416025 3.51763e-21)
(0.948693 0.319887 -6.1012e-18)
(1.00291 0.212547 0)
(1.0419 0.106519 -3.64914e-18)
(1.06612 -0.00137516 -4.84716e-18)
(1.60192 -0.0859747 -2.18874e-18)
(1.60107 -0.199985 -2.28163e-18)
(1.60332 -0.327523 0)
(1.60995 -0.465473 0)
(1.61663 -0.617876 7.67201e-18)
(1.61733 -0.780138 -7.62333e-18)
(1.60679 -0.944327 1.05325e-19)
(1.5807 -1.09968 1.53909e-17)
(1.53671 -1.23301 -5.05352e-18)
(1.47491 -1.33017 5.18061e-18)
(1.39904 -1.37709 -2.57524e-17)
(1.31656 -1.365 0)
(1.42008 -0.0822587 1.66203e-18)
(1.43752 -0.197136 1.75521e-18)
(1.45659 -0.323721 -4.90305e-18)
(1.47814 -0.461643 -2.54661e-18)
(1.49572 -0.611298 -7.71948e-18)
(1.50234 -0.766077 0)
(1.4919 -0.915824 -1.57758e-17)
(1.46021 -1.04764 -5.33409e-18)
(1.40606 -1.14737 -1.06415e-17)
(1.33331 -1.20271 0)
(1.25115 -1.2046 2.16975e-17)
(1.17267 -1.15362 0)
(1.25021 -0.089283 1.12199e-18)
(1.2765 -0.202468 -4.68369e-18)
(1.3026 -0.326075 4.88845e-18)
(1.32798 -0.459467 2.56247e-18)
(1.34589 -0.599871 -5.31126e-18)
(1.34992 -0.738789 2.7069e-18)
(1.33493 -0.864794 0)
(1.29821 -0.964839 5.56499e-18)
(1.24085 -1.0269 5.7579e-18)
(1.16893 -1.04331 5.99505e-18)
(1.09569 -1.01203 -3.10891e-17)
(1.04293 -0.947047 0)
(1.08628 -0.0999087 -2.24161e-18)
(1.1137 -0.208599 7.02097e-18)
(1.1388 -0.325677 0)
(1.16013 -0.449371 -1.02857e-17)
(1.17169 -0.574527 0)
(1.16835 -0.691442 -5.62646e-18)
(1.14638 -0.788307 -5.80793e-18)
(1.10423 -0.852905 3.03165e-17)
(1.04297 -0.875747 1.04391e-20)
(0.966615 -0.854386 -7.10053e-18)
(0.884849 -0.790942 3.25612e-17)
(0.862876 -0.722487 -3.14366e-17)
(1.22505 -1.28 0)
(1.11495 -1.24126 -1.01129e-17)
(1.04942 -1.21871 0)
(0.981663 -1.20477 4.71496e-18)
(0.917037 -1.21343 4.62815e-18)
(0.845481 -1.2453 2.23087e-17)
(0.759915 -1.30212 6.53154e-18)
(0.650584 -1.3782 -2.11875e-18)
(0.516339 -1.46754 4.16563e-18)
(0.353434 -1.54517 -3.41075e-20)
(0.193318 -1.61218 2.01581e-18)
(0.0187176 -1.62545 0)
(1.08241 -1.02491 5.38244e-18)
(0.950268 -0.990798 -9.89476e-18)
(0.898156 -0.978661 4.66717e-18)
(0.845531 -0.975813 0)
(0.794904 -0.998534 8.80529e-18)
(0.736354 -1.0441 -8.52338e-18)
(0.663108 -1.1114 -1.67182e-17)
(0.567498 -1.19297 0)
(0.448818 -1.27904 -4.05129e-18)
(0.307853 -1.35066 -3.81984e-20)
(0.168855 -1.40354 -5.117e-19)
(0.0239172 -1.42087 5.31614e-19)
(0.984387 -0.778783 0)
(0.821462 -0.771681 -8.84267e-20)
(0.778973 -0.782466 -1.85e-17)
(0.738781 -0.794276 1.77665e-17)
(0.696113 -0.828571 -8.58836e-18)
(0.643361 -0.881691 -4.19906e-18)
(0.57556 -0.951433 1.02902e-17)
(0.487708 -1.02999 8.18595e-18)
(0.380562 -1.1076 2.03426e-18)
(0.257701 -1.17024 4.05983e-18)
(0.136837 -1.21477 0)
(0.0136735 -1.23653 1.07426e-18)
(0.890371 -0.539589 -3.27744e-17)
(0.691041 -0.574512 1.6074e-17)
(0.664857 -0.61643 4.24543e-17)
(0.64086 -0.643503 -2.21774e-17)
(0.606658 -0.685669 -1.29181e-17)
(0.559229 -0.741462 -1.26214e-17)
(0.496497 -0.808807 -4.12688e-18)
(0.416052 -0.880624 -8.15995e-18)
(0.319917 -0.948634 0)
(0.212579 -1.00286 1.02283e-18)
(0.106552 -1.04186 -1.04203e-18)
(-0.00134485 -1.06609 -2.15379e-18)
(-0.0859283 -1.60185 2.17912e-18)
(-0.199942 -1.60101 2.28152e-18)
(-0.327481 -1.60327 -4.78252e-18)
(-0.465432 -1.60991 0)
(-0.617838 -1.6166 2.5309e-18)
(-0.780106 -1.6173 7.73363e-18)
(-0.944308 -1.60678 0)
(-1.09968 -1.5807 1.03322e-17)
(-1.23304 -1.53672 0)
(-1.33021 -1.47494 2.58388e-17)
(-1.37715 -1.39907 -1.03095e-17)
(-1.36506 -1.3166 2.56165e-17)
(-0.0822175 -1.42003 -5.54761e-19)
(-0.197099 -1.43747 2.92323e-18)
(-0.323688 -1.45657 -4.90284e-18)
(-0.461616 -1.47813 -7.7029e-18)
(-0.61128 -1.49572 -1.05795e-20)
(-0.766073 -1.50235 -1.30535e-17)
(-0.91584 -1.49193 -1.58753e-17)
(-1.04768 -1.46025 -1.58802e-17)
(-1.14744 -1.40612 -2.14183e-17)
(-1.2028 -1.33337 -2.1515e-17)
(-1.20469 -1.25122 0)
(-1.1537 -1.17274 0)
(-0.0892494 -1.25017 2.24386e-18)
(-0.202441 -1.27648 -3.50363e-18)
(-0.326054 -1.3026 6.11753e-18)
(-0.459456 -1.328 -6.88068e-20)
(-0.599875 -1.34592 1.06491e-17)
(-0.738812 -1.34997 5.43705e-18)
(-0.864841 -1.335 1.64489e-17)
(-0.964911 -1.29829 3.92289e-17)
(-1.027 -1.24093 1.72312e-17)
(-1.04342 -1.16902 -2.39185e-17)
(-1.01214 -1.09578 0)
(-0.947151 -1.04302 0)
(-0.0998836 -1.08627 -4.48302e-18)
(-0.208582 -1.1137 1.16737e-18)
(-0.325671 -1.13882 -1.22602e-18)
(-0.449377 -1.16017 1.28014e-17)
(-0.574551 -1.17174 -1.34766e-17)
(-0.691487 -1.16842 -5.55333e-18)
(-0.788376 -1.14647 1.63566e-20)
(-0.852996 -1.10432 6.10614e-18)
(-0.875856 -1.04306 -2.58641e-17)
(-0.854502 -0.966705 2.84268e-17)
(-0.79105 -0.884934 -3.24693e-17)
(-0.722592 -0.862969 0)
(-1.28005 -1.22508 -2.05927e-17)
(-1.24132 -1.11498 -5.02295e-18)
(-1.21879 -1.04944 4.9312e-18)
(-1.20487 -0.981682 -4.85531e-18)
(-1.21355 -0.917045 -4.54461e-18)
(-1.24543 -0.845475 -9.68684e-20)
(-1.30227 -0.759892 1.07786e-17)
(-1.37836 -0.650544 -2.11849e-18)
(-1.4677 -0.516287 0)
(-1.54531 -0.353376 0)
(-1.61231 -0.193255 2.01559e-18)
(-1.62558 -0.0186498 2.09571e-18)
(-1.02499 -1.08248 4.30865e-17)
(-0.990886 -0.950316 0)
(-0.978769 -0.898196 0)
(-0.97594 -0.845562 9.03261e-18)
(-0.998675 -0.794922 -4.41727e-18)
(-1.04425 -0.736356 4.24078e-18)
(-1.11156 -0.663092 0)
(-1.19313 -0.567465 -6.20586e-18)
(-1.27919 -0.44877 -2.0406e-18)
(-1.35079 -0.307798 4.08233e-18)
(-1.40366 -0.168796 -2.56661e-18)
(-1.42098 -0.0238549 -5.2659e-19)
(-0.778865 -0.984474 -2.41759e-17)
(-0.771781 -0.821517 1.47885e-17)
(-0.782588 -0.779017 4.60715e-18)
(-0.794411 -0.738815 4.43162e-18)
(-0.828716 -0.696133 4.28255e-18)
(-0.881841 -0.643365 0)
(-0.951582 -0.575546 2.06029e-18)
(-1.03014 -0.487678 4.05094e-18)
(-1.10773 -0.380519 2.034e-18)
(-1.17036 -0.257652 -4.05936e-18)
(-1.21487 -0.136785 2.0576e-18)
(-1.23662 -0.0136201 -1.07416e-18)
(-0.539665 -0.89047 3.27714e-17)
(-0.574612 -0.691093 -2.1456e-17)
(-0.616552 -0.664897 -4.71652e-18)
(-0.643634 -0.64089 5.73843e-22)
(-0.685806 -0.606676 -1.2916e-17)
(-0.741599 -0.559231 -4.19388e-18)
(-0.80894 -0.496484 1.23876e-17)
(-0.880748 -0.416024 0)
(-0.948742 -0.319879 8.17814e-18)
(-1.00295 -0.212537 0)
(-1.04194 -0.106508 -4.16802e-18)
(-1.06614 0.00138801 2.1536e-18)
(-1.60196 0.0859997 1.10848e-18)
(-1.60111 0.200014 0)
(-1.60336 0.327554 4.83077e-18)
(-1.60999 0.465504 4.96609e-18)
(-1.61666 0.617902 -1.00916e-17)
(-1.61735 0.780155 5.18353e-18)
(-1.60681 0.944332 1.03393e-17)
(-1.58072 1.09967 5.18874e-20)
(-1.53672 1.23299 5.19914e-18)
(-1.47492 1.33013 -1.54785e-17)
(-1.39905 1.37704 -5.12486e-18)
(-1.31657 1.36495 2.05045e-17)
(-1.42012 0.0822812 -1.65948e-18)
(-1.43755 0.197161 -5.84015e-19)
(-1.45662 0.323746 -4.86016e-18)
(-1.47816 0.461665 0)
(-1.49573 0.611314 -1.30142e-17)
(-1.50233 0.766081 -7.79923e-18)
(-1.49189 0.915814 9.99699e-20)
(-1.46019 1.04762 5.30758e-18)
(-1.40605 1.14734 -1.59759e-17)
(-1.3333 1.20267 2.15163e-17)
(-1.25115 1.20455 0)
(-1.17266 1.15356 2.16994e-17)
(-1.25024 0.0893013 -2.80218e-18)
(-1.27652 0.202487 5.86823e-19)
(-1.30261 0.326092 0)
(-1.32798 0.459479 -1.02987e-17)
(-1.34588 0.599875 1.32273e-17)
(-1.3499 0.73878 1.35223e-17)
(-1.33491 0.864772 -1.64491e-17)
(-1.29819 0.964804 -2.24497e-17)
(-1.24083 1.02686 -2.30679e-17)
(-1.16891 1.04326 2.99154e-17)
(-1.09568 1.01197 -6.2003e-18)
(-1.04292 0.946991 -5.09782e-17)
(-1.0863 0.0999219 3.92317e-18)
(-1.1137 0.208611 5.85914e-19)
(-1.13879 0.325686 0)
(-1.16012 0.449374 1.28009e-17)
(-1.17167 0.57452 -1.16042e-20)
(-1.16832 0.691422 -2.7674e-18)
(-1.14635 0.788275 0)
(-1.1042 0.852863 6.02672e-18)
(-1.04294 0.875699 1.9389e-17)
(-0.966595 0.854334 -3.41458e-20)
(-0.884836 0.790886 3.24723e-17)
(-0.862855 0.722436 6.3208e-17)
(-1.22505 1.27996 2.04549e-17)
(-1.11496 1.24124 5.02327e-18)
(-1.04943 1.21871 -4.93165e-18)
(-0.981677 1.20479 9.48504e-18)
(-0.917047 1.21347 0)
(-0.845485 1.24536 1.34323e-17)
(-0.75991 1.3022 -1.95152e-17)
(-0.650569 1.37829 -1.05258e-17)
(-0.516314 1.46764 0)
(-0.353404 1.54527 4.07949e-18)
(-0.193287 1.61227 0)
(-0.0186937 1.62552 -1.04549e-18)
(-1.08241 1.02489 0)
(-0.950276 0.990794 0)
(-0.898169 0.978678 0)
(-0.845546 0.975852 -4.52143e-18)
(-0.794917 0.998593 8.06354e-21)
(-0.736361 1.04418 -4.24129e-18)
(-0.663106 1.1115 8.32572e-18)
(-0.567487 1.19307 -8.26209e-18)
(-0.448797 1.27915 0)
(-0.307828 1.35076 3.0673e-18)
(-0.168832 1.40362 1.53726e-18)
(-0.0239029 1.42093 -5.316e-19)
(-0.984372 0.778769 0)
(-0.821463 0.771692 1.47904e-17)
(-0.778982 0.782498 -8.69085e-21)
(-0.738793 0.794328 6.44896e-22)
(-0.696122 0.828641 4.30515e-18)
(-0.643364 0.881777 4.22437e-18)
(-0.575556 0.951531 6.18879e-18)
(-0.487696 1.0301 4.05138e-18)
(-0.380544 1.1077 2.0342e-18)
(-0.257681 1.17033 -4.05972e-18)
(-0.136823 1.21484 -2.07005e-18)
(-0.0136695 1.23659 0)
(-0.890346 0.539593 8.04418e-18)
(-0.691035 0.574537 -5.21417e-18)
(-0.66486 0.616473 0)
(-0.640865 0.643561 0)
(-0.606661 0.685743 -4.29536e-18)
(-0.559227 0.741548 1.75909e-20)
(-0.496489 0.808901 -1.23892e-17)
(-0.416039 0.88072 0)
(-0.319901 0.948724 -8.179e-18)
(-0.212565 1.00294 0)
(-0.106546 1.04193 -2.09254e-18)
(0.00133894 1.06613 0)
(0.109906 0.926184 -1.12305e-18)
(0.211563 0.949155 -4.6526e-18)
(0.318845 0.967518 0)
(0.428701 0.979566 -1.02091e-17)
(0.534219 0.98047 -2.69984e-18)
(0.6248 0.966713 -1.4402e-17)
(0.688232 0.935841 6.18055e-18)
(0.711977 0.886611 0)
(0.684631 0.817865 0)
(0.59737 0.728137 9.02313e-18)
(0.418851 0.595453 3.83244e-17)
(0.17195 0.457369 0)
(0.116901 0.770442 1.12286e-18)
(0.209327 0.785431 0)
(0.304288 0.793589 -9.67221e-18)
(0.397531 0.793504 2.53458e-18)
(0.480841 0.781781 -2.70886e-18)
(0.542939 0.756786 1.74583e-17)
(0.571141 0.717666 1.27947e-17)
(0.552017 0.664217 -7.28413e-18)
(0.471462 0.595476 0)
(0.315935 0.514184 0)
(0.0371453 0.396028 0)
(-0.278806 0.372136 0)
(0.119671 0.620844 -1.132e-18)
(0.201237 0.626057 -5.80974e-18)
(0.282239 0.622576 1.08302e-17)
(0.357468 0.609638 0)
(0.417916 0.585552 0)
(0.452095 0.550879 -5.23591e-17)
(0.447516 0.507267 3.23181e-17)
(0.391507 0.457375 0)
(0.272687 0.404081 -9.12645e-18)
(0.0871432 0.358344 2.44931e-17)
(-0.15465 0.315728 -2.08109e-17)
(-0.342333 0.339725 0)
(0.117869 0.479484 1.14582e-18)
(0.187576 0.474447 4.6805e-18)
(0.253867 0.459416 -9.64286e-18)
(0.310952 0.434442 7.57548e-18)
(0.349611 0.399765 -8.02753e-18)
(0.358866 0.35836 -5.754e-18)
(0.327631 0.315036 -4.52208e-17)
(0.246308 0.276188 -7.47584e-18)
(0.111454 0.249085 9.15114e-18)
(-0.0649677 0.249307 4.76084e-17)
(-0.244835 0.277298 0)
(-0.363692 0.33544 0)
(0.111733 0.348338 0)
(0.169161 0.333452 0)
(0.220764 0.307868 9.74369e-18)
(0.260567 0.272492 -1.01511e-17)
(0.279732 0.229546 -1.33986e-17)
(0.268502 0.184369 5.50447e-17)
(0.218208 0.144941 1.28928e-17)
(0.123526 0.120834 3.71706e-17)
(-0.0103116 0.121716 0)
(-0.162482 0.161651 -4.60367e-17)
(-0.298814 0.232163 -7.13107e-17)
(-0.374121 0.304973 0)
(0.101805 0.228973 0)
(0.147023 0.205179 1.22106e-18)
(0.184531 0.17042 -1.24998e-18)
(0.20856 0.1265 2.57322e-18)
(0.211107 0.0774014 4.07509e-17)
(0.184168 0.0305288 -2.91871e-17)
(0.121891 -0.00351302 6.48295e-18)
(0.0229363 -0.0131993 -2.96594e-17)
(-0.101211 0.0112998 -8.89998e-18)
(-0.22847 0.081124 1.14485e-17)
(-0.333495 0.179561 6.96728e-17)
(-0.365215 0.269862 0)
(0.0887779 0.122409 0)
(0.122195 0.0909275 1.28107e-18)
(0.146556 0.048446 -1.30499e-18)
(0.15661 -0.00232387 0)
(0.145463 -0.0560276 -2.52135e-17)
(0.107133 -0.103679 -2.96303e-18)
(0.0384354 -0.132787 -1.3193e-17)
(-0.0591524 -0.130985 -3.77758e-17)
(-0.170266 -0.089529 3.63071e-17)
(-0.27445 0.00110811 0)
(-0.352077 0.119824 1.44552e-16)
(-0.343958 0.223082 0)
(0.073361 0.0290431 0)
(0.0955687 -0.00880467 1.38768e-18)
(0.107882 -0.0576307 9.81831e-18)
(0.105781 -0.113892 2.8622e-18)
(0.0835765 -0.171264 2.09021e-17)
(0.0373071 -0.219821 -6.3362e-18)
(-0.0339334 -0.245751 3.49065e-17)
(-0.127065 -0.236473 6.39238e-17)
(-0.223935 -0.184635 3.87934e-17)
(-0.30614 -0.080411 1.28884e-17)
(-0.356941 0.0546416 -1.95716e-17)
(-0.309495 0.172659 0)
(0.056167 -0.0514165 0)
(0.0677795 -0.0943481 0)
(0.0691128 -0.14829 -1.28333e-17)
(0.0564747 -0.209023 0)
(0.0253227 -0.269738 1.44901e-20)
(-0.0263305 -0.319949 -7.14904e-18)
(-0.0975634 -0.345069 7.86775e-18)
(-0.184729 -0.332475 -3.6125e-17)
(-0.266638 -0.275967 -1.09963e-17)
(-0.326725 -0.163986 1.329e-16)
(-0.349197 -0.0147705 -1.84742e-16)
(-0.265238 0.118676 2.9352e-16)
(0.0379663 -0.120217 0)
(0.0395637 -0.16712 8.33338e-18)
(0.0308471 -0.225176 -1.66438e-17)
(0.00892718 -0.28968 4.20518e-18)
(-0.0297564 -0.35395 -4.35783e-17)
(-0.0851206 -0.406781 3.22859e-17)
(-0.154982 -0.433523 -3.89333e-17)
(-0.235485 -0.421325 1.09619e-17)
(-0.301789 -0.364208 -1.06479e-16)
(-0.338743 -0.248664 -1.26528e-16)
(-0.33058 -0.0861764 -3.00369e-17)
(-0.21068 0.061946 -3.71124e-16)
(0.0206692 -0.180948 0)
(0.0129156 -0.230847 -4.37464e-17)
(-0.00504502 -0.292323 2.83579e-17)
(-0.0354925 -0.360169 0)
(-0.0813622 -0.428553 -6.78991e-18)
(-0.139853 -0.484466 -3.42745e-17)
(-0.209346 -0.515222 -5.69195e-17)
(-0.280927 -0.505948 -3.10178e-17)
(-0.331243 -0.448405 1.84804e-16)
(-0.34177 -0.332239 1.70673e-16)
(-0.296131 -0.166314 0)
(-0.151202 -0.000674626 0)
(0.0076813 -0.241169 -1.94054e-17)
(-0.00767926 -0.2917 -3.71144e-20)
(-0.0326091 -0.35542 0)
(-0.0685688 -0.425281 1.49771e-17)
(-0.118501 -0.499086 -1.40928e-17)
(-0.176374 -0.555897 -1.33936e-16)
(-0.241006 -0.601304 4.49535e-16)
(-0.306557 -0.579252 0)
(-0.322884 -0.512192 -2.32456e-16)
(-0.305887 -0.402288 -2.70389e-16)
(-0.251621 -0.241143 -4.18821e-16)
(-0.125236 -0.0366959 1.17871e-15)
(0.274396 0.554785 8.53118e-17)
(0.418524 0.52154 2.49063e-17)
(0.473294 0.544129 -1.93903e-17)
(0.514436 0.545496 0)
(0.560721 0.522824 -2.17202e-17)
(0.615996 0.481915 -1.27418e-17)
(0.678596 0.424943 1.03967e-17)
(0.742526 0.352108 6.20604e-18)
(0.801268 0.266455 0)
(0.847859 0.172528 1.03356e-18)
(0.882002 0.0789872 3.14129e-18)
(0.905706 -0.017058 2.16115e-18)
(0.315547 0.169967 1.38904e-16)
(0.327885 0.354252 -7.03865e-18)
(0.361456 0.428556 2.51739e-17)
(0.403126 0.453398 0)
(0.449325 0.444011 0)
(0.501658 0.41075 2.1615e-17)
(0.558534 0.360255 1.27366e-17)
(0.614627 0.295129 -1.04913e-17)
(0.664852 0.219257 2.09725e-18)
(0.704374 0.137021 9.46173e-18)
(0.73342 0.0544053 -1.06505e-18)
(0.753979 -0.0312579 1.091e-18)
(0.342726 -0.0208349 -1.41043e-16)
(0.262886 0.20813 0)
(0.27363 0.325062 0)
(0.306198 0.366987 0)
(0.348768 0.370269 0)
(0.396681 0.345269 2.22943e-17)
(0.447656 0.301776 -4.13746e-17)
(0.496495 0.244391 1.07635e-17)
(0.539102 0.177688 0)
(0.571948 0.105867 -8.56861e-18)
(0.595419 0.0332182 -3.7902e-18)
(0.610946 -0.0425969 -1.65561e-18)
(0.352062 -0.144332 1.22258e-16)
(0.209086 0.0946847 4.26579e-17)
(0.199727 0.23396 -2.86745e-17)
(0.220085 0.287772 2.01579e-17)
(0.256816 0.301581 0)
(0.299921 0.284972 4.6533e-18)
(0.345371 0.248828 1.57876e-17)
(0.387825 0.199222 -1.3327e-17)
(0.423772 0.141249 2.20588e-18)
(0.450391 0.0789923 -1.09891e-18)
(0.46797 0.0157463 5.53817e-18)
(0.477346 -0.0503673 0)
(0.344551 -0.223951 -3.4555e-19)
(0.158589 0.0061983 -3.7775e-17)
(0.133037 0.153257 3.12751e-17)
(0.141471 0.215416 -4.82126e-17)
(0.171672 0.237538 2.02053e-17)
(0.210548 0.229192 1.48695e-20)
(0.251262 0.200686 -2.36486e-18)
(0.288378 0.158938 2.32026e-17)
(0.318639 0.109414 -2.29459e-18)
(0.339632 0.0562023 0)
(0.351378 0.00205956 5.70863e-19)
(0.354216 -0.0543887 -2.88883e-18)
(0.321081 -0.272443 -1.1347e-16)
(0.107152 -0.064699 0)
(0.0692981 0.0805494 0)
(0.0673916 0.148402 2.91464e-17)
(0.0924319 0.177576 -4.88127e-17)
(0.127907 0.177157 -2.60508e-17)
(0.164998 0.156604 2.524e-18)
(0.197922 0.122859 -1.96514e-17)
(0.223515 0.081639 2.4207e-18)
(0.23962 0.03717 -1.19642e-18)
(0.245952 -0.00802771 1.79458e-18)
(0.242471 -0.0548472 -6.02044e-19)
(0.281402 -0.296897 -2.34998e-16)
(0.0529656 -0.122634 -1.10855e-16)
(0.00572077 0.0136533 1.5712e-17)
(-0.00387358 0.0850798 1.95121e-17)
(0.0180318 0.120613 4.78059e-17)
(0.0514217 0.128021 5.68736e-18)
(0.0862342 0.115799 -5.48127e-18)
(0.116183 0.0903015 0)
(0.138184 0.0573693 0)
(0.150246 0.0214698 8.99204e-18)
(0.151835 -0.0148815 1.27726e-18)
(0.142685 -0.052159 2.54794e-18)
(0.224195 -0.301023 2.5409e-16)
(-0.00354379 -0.169293 -1.33087e-19)
(-0.0594678 -0.048998 -7.3393e-17)
(-0.0732774 0.0240001 -8.93766e-17)
(-0.0524891 0.065266 -2.71852e-17)
(-0.0194651 0.0807688 6.42897e-18)
(0.0145174 0.0773982 -9.25124e-18)
(0.0427636 0.0605418 2.98121e-18)
(0.0622848 0.0360099 2.31985e-17)
(0.0712176 0.00861125 -2.4178e-17)
(0.0688922 -0.0189753 2.10839e-18)
(0.0549815 -0.0468543 -3.49017e-18)
(0.153864 -0.289215 -2.58026e-16)
(-0.0619479 -0.204471 1.30336e-16)
(-0.127114 -0.10804 9.02429e-17)
(-0.141426 -0.0358881 -3.01283e-20)
(-0.119939 0.0102908 0)
(-0.0855218 0.0342683 3.09842e-17)
(-0.0509147 0.0404084 3.69392e-18)
(-0.0230358 0.0327502 -7.73494e-21)
(-0.00485805 0.0168961 -5.83439e-17)
(0.00186666 -0.00195096 1.33784e-17)
(-0.00347737 -0.0208399 0)
(-0.0210705 -0.0394896 3.24127e-18)
(0.0652717 -0.264717 7.58593e-16)
(-0.12018 -0.229553 0)
(-0.196694 -0.163221 1.53218e-17)
(-0.209193 -0.0951615 1.82735e-16)
(-0.18587 -0.0450795 1.01126e-16)
(-0.148748 -0.0125324 -2.58267e-20)
(-0.112014 0.00375304 -1.51772e-17)
(-0.0828529 0.00597849 4.33437e-17)
(-0.0646773 -0.000744073 3.68905e-17)
(-0.0592051 -0.0109307 1.54489e-17)
(-0.066687 -0.021154 2.13959e-18)
(-0.086732 -0.0307845 0)
(-0.00855965 -0.21525 -4.88988e-16)
(-0.185438 -0.239008 0)
(-0.265235 -0.213191 0)
(-0.278374 -0.153965 -1.62491e-16)
(-0.254253 -0.10191 -1.57928e-16)
(-0.214598 -0.061179 -7.70879e-17)
(-0.174233 -0.0339848 -7.31068e-17)
(-0.141098 -0.0208112 -1.30059e-16)
(-0.120846 -0.0178117 -8.27034e-18)
(-0.115281 -0.01919 -3.46426e-17)
(-0.124038 -0.0212254 3.62694e-18)
(-0.145392 -0.0224335 0)
(-0.0520132 -0.15904 -6.95528e-16)
(-0.215169 -0.238856 0)
(-0.325412 -0.254529 0)
(-0.340288 -0.214071 3.9809e-17)
(-0.321673 -0.165478 -3.85702e-17)
(-0.286837 -0.119441 3.89235e-17)
(-0.244365 -0.0788844 -4.21905e-17)
(-0.204256 -0.0506738 1.86902e-16)
(-0.180392 -0.0365362 0)
(-0.173657 -0.0291034 -1.04242e-16)
(-0.182369 -0.0235146 -7.75779e-17)
(-0.204658 -0.0172353 2.08912e-17)
(0.926166 -0.109925 -3.24345e-21)
(0.949133 -0.211557 -4.6521e-18)
(0.967493 -0.318832 0)
(0.979539 -0.428688 7.65766e-18)
(0.980444 -0.53421 1.35435e-17)
(0.966691 -0.624799 5.77318e-18)
(0.935824 -0.688243 6.18003e-18)
(0.886599 -0.711998 -2.66416e-17)
(0.817861 -0.68466 0)
(0.72814 -0.597404 -2.69223e-17)
(0.595464 -0.418886 3.80234e-17)
(0.457385 -0.171972 7.70138e-17)
(0.770421 -0.11692 2.24761e-18)
(0.785407 -0.20932 0)
(0.793564 -0.304275 9.6711e-18)
(0.793477 -0.397518 0)
(0.781756 -0.480835 6.26591e-21)
(0.756763 -0.542942 2.32563e-17)
(0.717647 -0.571155 6.38026e-18)
(0.664204 -0.552042 -3.63128e-17)
(0.595471 -0.471495 0)
(0.514185 -0.31597 3.38772e-17)
(0.396041 -0.0371725 -5.48563e-17)
(0.372154 0.278817 0)
(0.620821 -0.119689 -1.13059e-18)
(0.626032 -0.20123 4.64963e-18)
(0.622552 -0.282226 -9.62283e-18)
(0.609614 -0.357458 1.26288e-17)
(0.585529 -0.417912 -5.38223e-18)
(0.550859 -0.452101 -1.45674e-17)
(0.507249 -0.447533 -3.87595e-17)
(0.457361 -0.391535 3.73645e-17)
(0.404072 -0.27272 0)
(0.358341 -0.0871729 -3.66489e-17)
(0.315734 0.154639 -2.08076e-17)
(0.339742 0.342354 0)
(0.47946 -0.117889 -5.71907e-19)
(0.474422 -0.18757 -5.26114e-18)
(0.459395 -0.253856 1.20817e-18)
(0.434421 -0.310943 -2.92909e-21)
(0.399746 -0.34961 -1.0723e-17)
(0.358342 -0.358875 0)
(0.315018 -0.327651 3.23136e-17)
(0.276171 -0.246336 -7.50891e-18)
(0.24907 -0.111484 0)
(0.249297 0.0649484 9.52477e-17)
(0.277298 0.244838 0)
(0.335457 0.363718 0)
(0.348314 -0.111754 -2.34261e-18)
(0.333429 -0.169156 0)
(0.30785 -0.220755 7.31266e-18)
(0.272475 -0.26056 -1.01338e-17)
(0.22953 -0.279732 1.90388e-20)
(0.184353 -0.268513 2.60742e-17)
(0.144924 -0.218228 -6.42033e-18)
(0.120815 -0.123553 -2.22616e-17)
(0.121697 0.0102878 8.9747e-18)
(0.161635 0.162472 -4.60089e-17)
(0.232159 0.298826 -3.56325e-17)
(0.304988 0.374151 2.55311e-17)
(0.228951 -0.101826 2.42345e-18)
(0.205158 -0.14702 0)
(0.170405 -0.184525 -9.97349e-18)
(0.126487 -0.208555 2.57293e-18)
(0.0773891 -0.211109 -2.72646e-18)
(0.0305155 -0.184179 -2.91837e-17)
(-0.00352959 -0.121912 2.58717e-17)
(-0.0132199 -0.0229599 3.70875e-17)
(0.0112768 0.101194 0)
(0.0811044 0.228468 1.14741e-17)
(0.179554 0.333512 -1.73909e-17)
(0.269874 0.365245 0)
(0.122388 -0.0887994 6.37549e-19)
(0.0909085 -0.122194 -5.78111e-18)
(0.0484333 -0.146552 0)
(-0.00233334 -0.156608 0)
(-0.0560365 -0.145467 0)
(-0.103689 -0.107145 -5.96922e-18)
(-0.132803 -0.0384541 -1.97753e-17)
(-0.131006 0.0591325 -3.02029e-17)
(-0.0895534 0.170253 9.07806e-18)
(0.00108694 0.274453 3.45005e-20)
(0.119814 0.352098 -1.62537e-16)
(0.223091 0.343986 -2.21696e-16)
(0.0290248 -0.0733823 2.78348e-18)
(-0.00882204 -0.0955693 6.95273e-18)
(-0.0576413 -0.10788 -1.4067e-18)
(-0.113899 -0.10578 2.86189e-18)
(-0.17127 -0.0835814 1.79242e-17)
(-0.219829 -0.0373185 2.22886e-17)
(-0.245765 0.0339169 -2.78712e-17)
(-0.236494 0.127049 7.19235e-17)
(-0.184659 0.223928 0)
(-0.080433 0.306147 0)
(0.0546305 0.356963 1.39062e-16)
(0.172664 0.30952 3.0429e-17)
(-0.0514322 -0.0561862 -3.21375e-18)
(-0.094365 -0.0677819 -1.59435e-18)
(-0.1483 -0.0691118 1.60851e-18)
(-0.209026 -0.0564752 0)
(-0.269741 -0.0253279 -5.41569e-17)
(-0.319955 0.0263202 -3.58321e-17)
(-0.34508 0.0975498 3.13973e-17)
(-0.332494 0.184717 -3.60943e-17)
(-0.275991 0.266635 1.10801e-17)
(-0.164009 0.326735 1.47965e-17)
(-0.0147835 0.349219 -2.30502e-17)
(0.118678 0.265259 2.93041e-16)
(-0.12023 -0.0379813 -4.19396e-18)
(-0.167139 -0.0395677 0)
(-0.225186 -0.0308453 -1.66421e-17)
(-0.289682 -0.00892805 4.20478e-18)
(-0.353951 0.0297518 2.61398e-17)
(-0.406785 0.0851121 -4.55349e-18)
(-0.433533 0.154972 -1.94928e-17)
(-0.421342 0.235477 7.65904e-17)
(-0.364231 0.30179 -9.32295e-17)
(-0.248688 0.338756 6.884e-20)
(-0.0861913 0.330601 -3.0032e-17)
(0.0619443 0.210695 0)
(-0.180958 -0.0206809 5.47603e-18)
(-0.23087 -0.0129181 -2.37106e-17)
(-0.292336 0.00504912 5.31924e-17)
(-0.360171 0.0354935 0)
(-0.428552 0.0813595 -6.78944e-18)
(-0.484467 0.139848 6.88384e-18)
(-0.515229 0.20934 4.25052e-17)
(-0.505964 0.280925 -2.32424e-16)
(-0.448427 0.33125 1.47678e-16)
(-0.332264 0.341787 0)
(-0.16633 0.296152 0)
(-0.000678699 0.151215 0)
(-0.241178 -0.00768869 3.8807e-17)
(-0.29173 0.00767846 7.12081e-17)
(-0.355439 0.0326164 -1.30364e-16)
(-0.425286 0.0685736 1.49765e-17)
(-0.499085 0.118502 -2.80865e-17)
(-0.555898 0.176374 -6.70519e-17)
(-0.601309 0.241006 -5.29188e-17)
(-0.579272 0.306565 3.72353e-17)
(-0.512218 0.322899 -2.03458e-16)
(-0.402313 0.305906 -3.37743e-17)
(-0.241162 0.25164 0)
(-0.0367018 0.125252 -1.17851e-15)
(0.554793 -0.274373 8.53079e-17)
(0.521553 -0.41849 2.51215e-17)
(0.544139 -0.473252 -1.9318e-17)
(0.545509 -0.514387 -2.26368e-17)
(0.52284 -0.560667 2.17216e-17)
(0.481935 -0.615939 2.11745e-17)
(0.424967 -0.678541 -2.08617e-18)
(0.352136 -0.742475 -4.13096e-18)
(0.266484 -0.801224 2.06449e-18)
(0.172558 -0.847824 0)
(0.0790148 -0.881978 0)
(-0.0170345 -0.905695 -2.86937e-21)
(0.169976 -0.315519 0)
(0.354269 -0.327849 6.57614e-20)
(0.428571 -0.361416 0)
(0.453414 -0.403082 1.84063e-17)
(0.444031 -0.449279 -4.44986e-18)
(0.410773 -0.501613 8.65396e-18)
(0.360281 -0.558491 -2.33414e-17)
(0.295157 -0.61459 2.1021e-18)
(0.219285 -0.664824 0)
(0.137047 -0.704356 -8.4121e-18)
(0.0544281 -0.733414 0)
(-0.0312409 -0.753986 2.17994e-18)
(-0.0208173 -0.342694 0)
(0.208151 -0.262852 -3.88917e-17)
(0.32508 -0.273594 5.33691e-18)
(0.367007 -0.306162 0)
(0.370293 -0.348732 1.84239e-17)
(0.345296 -0.396648 4.45446e-18)
(0.301805 -0.447629 1.52247e-17)
(0.24442 -0.496475 -1.2912e-17)
(0.177715 -0.539091 2.14252e-18)
(0.105891 -0.571947 1.71467e-17)
(0.0332367 -0.595429 4.33017e-18)
(-0.0425858 -0.610969 -1.10284e-18)
(-0.144308 -0.352028 -1.22268e-16)
(0.0947093 -0.209056 0)
(0.233982 -0.199697 0)
(0.287797 -0.220058 2.5192e-17)
(0.301609 -0.256792 -2.40396e-17)
(0.285002 -0.299902 4.63319e-18)
(0.248858 -0.345359 -4.51715e-18)
(0.199251 -0.387821 8.88274e-18)
(0.141275 -0.423777 8.81663e-18)
(0.0790136 -0.450407 6.5361e-21)
(0.015761 -0.467997 -4.42854e-18)
(-0.0503611 -0.477383 1.12456e-18)
(-0.223923 -0.344517 1.14579e-16)
(0.00622674 -0.158565 0)
(0.153282 -0.133016 6.25233e-18)
(0.215444 -0.141455 -4.82088e-17)
(0.237569 -0.171661 0)
(0.229225 -0.210543 -2.43943e-17)
(0.200718 -0.251265 2.60389e-17)
(0.158968 -0.28839 -2.08837e-17)
(0.109439 -0.318661 -6.87591e-18)
(0.0562216 -0.339664 -2.05332e-17)
(0.00207109 -0.35142 0)
(-0.0543865 -0.354266 -2.30985e-18)
(-0.272412 -0.32105 2.82465e-17)
(-0.0646675 -0.107135 -5.31797e-17)
(0.0805784 -0.0692855 0)
(0.148433 -0.0673864 -1.44309e-20)
(0.17761 -0.0924342 0)
(0.177193 -0.127917 5.19724e-18)
(0.156639 -0.165016 -2.51822e-17)
(0.122889 -0.197949 1.72002e-17)
(0.0816636 -0.223552 1.20927e-17)
(0.0371878 -0.239666 9.58405e-18)
(-0.00801857 -0.246007 -4.78335e-18)
(-0.054848 -0.242532 1.20117e-18)
(-0.296865 -0.281375 0)
(-0.122601 -0.0529559 1.47782e-16)
(0.0136854 -0.00571762 7.07217e-17)
(0.0851132 0.0038671 1.94957e-17)
(0.120649 -0.0180471 0)
(0.128058 -0.051445 2.84441e-17)
(0.115835 -0.0862663 -2.74474e-18)
(0.0903325 -0.116225 -5.55027e-21)
(0.0573936 -0.138236 -1.30211e-17)
(0.0214866 -0.150307 0)
(-0.0148741 -0.151903 -4.86524e-22)
(-0.0521619 -0.142756 3.7892e-26)
(-0.300993 -0.224175 -2.54214e-16)
(-0.169259 0.00354654 -2.51263e-16)
(-0.0489638 0.0594613 -6.41711e-17)
(0.0240354 0.0732596 -5.95887e-17)
(0.0653045 0.0524614 0)
(0.0808082 0.0194288 6.42841e-18)
(0.077435 -0.0145627 -9.2505e-18)
(0.0605732 -0.0428184 6.40853e-21)
(0.0360339 -0.0623493 2.90305e-18)
(0.00862749 -0.0712903 0)
(-0.0189691 -0.0689699 5.61929e-18)
(-0.0468583 -0.0550617 2.79105e-18)
(-0.28919 -0.153851 -2.6572e-19)
(-0.20444 0.0619443 1.48996e-16)
(-0.108005 0.127099 0)
(-0.0358519 0.141397 8.9422e-18)
(0.0103303 0.119899 -8.13771e-21)
(0.0343088 0.0854739 -3.09916e-17)
(0.0404463 0.0508578 2.58697e-17)
(0.0327818 0.0229691 -3.19458e-17)
(0.01692 0.0047821 0)
(-0.00193507 -0.00195017 -1.3378e-17)
(-0.0208341 0.0033906 0)
(-0.0394942 0.0209836 -6.48284e-18)
(-0.264696 -0.065268 3.79108e-16)
(-0.229526 0.120171 -2.44591e-17)
(-0.163187 0.196671 1.53377e-16)
(-0.0951257 0.209156 8.52506e-17)
(-0.0450399 0.185821 -7.86575e-17)
(-0.012492 0.14869 4.25574e-17)
(0.00379128 0.111948 -1.01338e-17)
(0.00600984 0.0827758 3.37181e-17)
(-0.000720174 0.0645914 4.61635e-18)
(-0.0109148 0.0591123 3.30989e-17)
(-0.0211483 0.066593 -6.40727e-18)
(-0.0307885 0.0866399 4.21701e-18)
(-0.215238 0.00856036 0)
(-0.238987 0.185421 0)
(-0.213161 0.265205 -1.89019e-16)
(-0.153932 0.278332 0)
(-0.101873 0.254199 1.7765e-16)
(-0.0611407 0.214535 -1.92653e-16)
(-0.0339476 0.17416 -4.57051e-17)
(-0.0207801 0.141012 6.06688e-17)
(-0.0177875 0.120751 0)
(-0.0191739 0.115181 1.70648e-21)
(-0.0212194 0.123939 4.34659e-17)
(-0.0224348 0.145296 0)
(-0.159027 0.0520059 -6.08738e-16)
(-0.238848 0.215157 -5.5857e-16)
(-0.254488 0.32539 5.7765e-17)
(-0.214049 0.340246 0)
(-0.16545 0.321624 -3.8508e-17)
(-0.119406 0.286777 3.8958e-16)
(-0.0788463 0.24429 -4.22201e-17)
(-0.0506389 0.204162 -2.10285e-16)
(-0.0365098 0.180293 2.37023e-17)
(-0.0290852 0.173553 -9.26801e-17)
(-0.0235067 0.182269 -1.77358e-16)
(-0.017233 0.204564 2.0893e-17)
(-0.109909 -0.926171 1.11641e-18)
(-0.21155 -0.949154 -1.16269e-18)
(-0.318839 -0.967531 1.21861e-18)
(-0.42871 -0.979593 1.02338e-17)
(-0.534251 -0.980514 1.08307e-17)
(-0.624861 -0.966773 -1.15335e-17)
(-0.688324 -0.935914 -6.15546e-18)
(-0.712096 -0.886691 -1.99691e-17)
(-0.684765 -0.817946 5.97874e-17)
(-0.597501 -0.728212 0)
(-0.418954 -0.595514 5.10111e-17)
(-0.172009 -0.457416 0)
(-0.116912 -0.770442 1.1227e-18)
(-0.209323 -0.785442 0)
(-0.304292 -0.793614 0)
(-0.397552 -0.793542 1.1689e-20)
(-0.480887 -0.781832 -1.07987e-17)
(-0.543011 -0.756847 -2.90561e-17)
(-0.57124 -0.717733 -1.91461e-17)
(-0.552133 -0.664286 0)
(-0.47158 -0.59554 -3.45055e-17)
(-0.316033 -0.514237 1.12754e-17)
(-0.0371888 -0.396064 3.63419e-17)
(0.278827 -0.372173 1.77009e-16)
(-0.119688 -0.620856 -1.13183e-18)
(-0.201241 -0.626079 1.15942e-18)
(-0.282252 -0.622611 8.4226e-18)
(-0.357499 -0.609682 -1.76949e-17)
(-0.41797 -0.585604 -1.61334e-17)
(-0.452172 -0.550936 -2.8584e-18)
(-0.447613 -0.507325 3.88037e-17)
(-0.391613 -0.457429 2.23322e-17)
(-0.272783 -0.404125 -3.6479e-17)
(-0.0872063 -0.358378 0)
(0.154639 -0.315753 -8.3483e-17)
(0.342364 -0.339758 -4.41351e-20)
(-0.117894 -0.479508 2.29197e-18)
(-0.187587 -0.474479 0)
(-0.253888 -0.459459 -9.64036e-18)
(-0.310988 -0.43449 2.51768e-18)
(-0.34967 -0.399816 1.07047e-17)
(-0.358943 -0.35841 4.92826e-17)
(-0.327722 -0.315081 -3.23133e-17)
(-0.246398 -0.276225 -3.74555e-17)
(-0.111527 -0.249111 8.225e-17)
(0.064931 -0.249328 -4.76025e-17)
(0.244841 -0.277321 0)
(0.363727 -0.335474 -1.04152e-16)
(-0.111763 -0.348372 -2.34221e-18)
(-0.169177 -0.333492 0)
(-0.22079 -0.307917 0)
(-0.260607 -0.272542 7.62126e-18)
(-0.279791 -0.229594 2.68288e-17)
(-0.268575 -0.184412 -2.60976e-17)
(-0.21829 -0.144973 2.57733e-17)
(-0.1236 -0.120857 -2.97135e-17)
(0.0102583 -0.12173 -7.18024e-17)
(0.162462 -0.161664 -8.79636e-22)
(0.298828 -0.232184 7.13008e-17)
(0.374159 -0.305005 0)
(-0.101838 -0.229018 1.21167e-18)
(-0.147043 -0.205227 -4.89612e-18)
(-0.18456 -0.170473 0)
(-0.2086 -0.126551 0)
(-0.211164 -0.0774472 -2.44485e-17)
(-0.184233 -0.0305648 -2.04186e-17)
(-0.121963 0.003491 0)
(-0.0229955 0.0131869 2.96551e-17)
(0.101174 -0.011303 2.66819e-17)
(0.228462 -0.0811303 5.72447e-17)
(0.333516 -0.179579 -1.39416e-16)
(0.365255 -0.269891 2.08424e-16)
(-0.088813 -0.122463 -3.8161e-26)
(-0.122217 -0.0909821 6.41834e-18)
(-0.146587 -0.0485035 -1.30477e-18)
(-0.156649 0.00227145 -2.66965e-18)
(-0.145517 0.0559845 5.60274e-18)
(-0.10719 0.103648 2.09597e-17)
(-0.0384957 0.132774 0)
(0.0591066 0.130981 0)
(0.170241 0.0895341 3.63016e-17)
(0.274451 -0.0011088 0)
(0.352103 -0.119837 5.40576e-17)
(0.343996 -0.223106 -1.9366e-16)
(-0.0733966 -0.0291067 2.78334e-18)
(-0.0955914 0.00874432 5.56532e-18)
(-0.107912 0.0575701 1.12233e-17)
(-0.105816 0.113839 0)
(-0.083625 0.171223 2.97546e-18)
(-0.037355 0.219794 -9.52557e-18)
(0.0338835 0.245745 1.39592e-17)
(0.127032 0.236475 -4.79571e-17)
(0.223921 0.184647 -2.90209e-17)
(0.306149 0.0804164 0)
(0.356971 -0.0546502 1.59273e-16)
(0.309531 -0.172676 2.47602e-16)
(-0.0561993 0.0513445 -6.42802e-18)
(-0.0678027 0.0942836 -6.39391e-18)
(-0.0691391 0.148227 -1.28312e-17)
(-0.0565072 0.20897 3.25647e-18)
(-0.0253624 0.269699 -2.45344e-20)
(0.0262898 0.319926 -3.59923e-18)
(0.0975267 0.345067 0)
(0.184705 0.332483 -3.33783e-20)
(0.266634 0.275987 -1.10848e-17)
(0.326739 0.163998 1.32879e-16)
(0.349227 0.0147686 -1.84714e-16)
(0.265272 -0.118688 -2.93024e-16)
(-0.0379913 0.120138 4.19137e-18)
(-0.0395867 0.167054 -8.33207e-18)
(-0.0308667 0.225111 1.66411e-17)
(-0.00895792 0.289628 0)
(0.0297281 0.353911 0)
(0.0850858 0.406763 -2.76628e-17)
(0.15496 0.433525 2.92098e-17)
(0.23547 0.421338 1.31272e-16)
(0.301796 0.364233 1.06556e-16)
(0.338764 0.248683 1.82716e-17)
(0.330609 0.0861828 -3.00321e-17)
(0.210706 -0.0619535 0)
(-0.0206877 0.180863 0)
(-0.0129338 0.230782 1.45702e-17)
(0.00503033 0.29226 -2.8355e-17)
(0.0354679 0.360118 6.87849e-18)
(0.0813421 0.428516 -6.83782e-18)
(0.139828 0.48445 5.48234e-17)
(0.209335 0.515227 -5.66419e-17)
(0.280923 0.505968 -1.23899e-16)
(0.33126 0.448438 -1.47671e-16)
(0.341797 0.332267 -1.94832e-16)
(0.296158 0.166328 3.54052e-16)
(0.15122 0.00067475 -6.72947e-17)
(-0.00769043 0.241082 3.88102e-17)
(0.00766732 0.291642 -7.12494e-17)
(0.0326021 0.355363 0)
(0.0685525 0.425237 -1.20212e-16)
(0.118492 0.499056 -1.1236e-16)
(0.176361 0.555887 0)
(0.241008 0.601316 2.63786e-17)
(0.30657 0.579287 -7.46775e-17)
(0.322909 0.512235 -2.69741e-21)
(0.305915 0.402324 3.37727e-17)
(0.251645 0.241166 -8.37413e-16)
(0.125254 0.0366992 0)
(-0.274422 -0.554858 -8.52995e-17)
(-0.418586 -0.521591 -3.13614e-17)
(-0.473365 -0.544171 2.42404e-17)
(-0.514507 -0.545532 0)
(-0.560788 -0.522852 1.7368e-17)
(-0.616058 -0.481935 4.23785e-18)
(-0.678652 -0.424953 -1.24804e-17)
(-0.742574 -0.35211 -6.20827e-18)
(-0.801308 -0.26645 -1.02987e-17)
(-0.84789 -0.172521 0)
(-0.882024 -0.0789788 4.19228e-18)
(-0.905721 0.0170669 -1.08043e-18)
(-0.315585 -0.169993 0)
(-0.32794 -0.354288 3.52326e-17)
(-0.361516 -0.42859 -2.51674e-17)
(-0.403185 -0.453429 0)
(-0.44938 -0.444037 1.33693e-17)
(-0.501709 -0.410769 4.32822e-18)
(-0.558578 -0.360266 -1.69765e-17)
(-0.614664 -0.295132 -1.7229e-20)
(-0.664882 -0.219255 0)
(-0.704395 -0.137016 0)
(-0.733434 -0.0544 0)
(-0.753986 0.031263 -1.09085e-18)
(-0.34277 0.0208336 0)
(-0.262935 -0.208151 2.33419e-17)
(-0.273679 -0.325087 2.66251e-17)
(-0.306244 -0.367012 0)
(-0.348811 -0.370292 -1.37931e-17)
(-0.396719 -0.345287 8.92357e-18)
(-0.447689 -0.301787 2.39362e-17)
(-0.496522 -0.244396 -4.31342e-18)
(-0.539122 -0.177688 -6.42265e-18)
(-0.57196 -0.105865 0)
(-0.595425 -0.0332157 -4.32971e-18)
(-0.610946 0.0425986 1.10273e-18)
(-0.35211 0.144349 0)
(-0.209127 -0.0946918 -3.41709e-17)
(-0.199764 -0.233977 -4.58333e-17)
(-0.220119 -0.287792 0)
(-0.256846 -0.3016 -4.80731e-18)
(-0.299947 -0.284988 -1.38914e-17)
(-0.345393 -0.248838 1.80632e-17)
(-0.387842 -0.199227 8.88147e-18)
(-0.423783 -0.14125 -7.3521e-21)
(-0.450396 -0.0789918 1.09872e-18)
(-0.46797 -0.0157461 3.87171e-18)
(-0.477341 0.0503662 -5.6301e-19)
(-0.344598 0.22398 2.84691e-17)
(-0.158622 -0.00619435 -1.89021e-17)
(-0.133063 -0.153265 2.50256e-17)
(-0.141494 -0.215429 5.35925e-18)
(-0.17169 -0.237552 2.52457e-17)
(-0.210563 -0.229205 -4.87909e-18)
(-0.251274 -0.200695 -3.54928e-17)
(-0.288386 -0.158943 -4.42932e-21)
(-0.318642 -0.109415 9.15825e-18)
(-0.339631 -0.0562029 -1.14093e-17)
(-0.351373 -0.00206085 0)
(-0.354208 0.0543857 2.31001e-18)
(-0.321125 0.27248 0)
(-0.107176 0.0647121 -1.06226e-17)
(-0.0693133 -0.0805492 6.93806e-18)
(-0.0674024 -0.148409 0)
(-0.092439 -0.177585 -1.6261e-17)
(-0.127912 -0.177168 -2.08525e-17)
(-0.165001 -0.156613 1.50995e-17)
(-0.197922 -0.122863 -2.45429e-18)
(-0.223512 -0.0816411 2.42021e-18)
(-0.239613 -0.0371713 9.58288e-18)
(-0.245943 0.00802555 0)
(-0.24246 0.0548431 -2.40212e-18)
(-0.28144 0.296938 2.34964e-16)
(-0.0529803 0.122655 8.62097e-17)
(-0.00572543 -0.0136453 6.35966e-21)
(0.00387388 -0.0850802 6.50489e-18)
(-0.0180282 -0.120617 2.39014e-17)
(-0.051417 -0.128027 2.84387e-17)
(-0.0862285 -0.115805 -5.47985e-18)
(-0.116176 -0.0903053 0)
(-0.138176 -0.0573712 0)
(-0.150236 -0.0214712 0)
(-0.151824 0.014879 4.46405e-18)
(-0.142672 0.0521545 6.38017e-19)
(-0.224225 0.301066 -2.22367e-16)
(0.00353905 0.169319 -1.32963e-16)
(0.0594733 0.0490133 0)
(0.0732883 -0.0239939 0)
(0.0525028 -0.0652653 -4.75706e-17)
(0.0194789 -0.0807708 2.57205e-17)
(-0.0145039 -0.0774014 -2.77506e-17)
(-0.0427501 -0.0605439 -2.97764e-17)
(-0.0622709 -0.0360111 2.90266e-18)
(-0.0712029 -0.00861225 -1.41993e-18)
(-0.0688772 0.018973 -4.21184e-18)
(-0.0549667 0.0468499 -2.79082e-18)
(-0.153883 0.289257 0)
(0.0619535 0.204503 -1.86191e-17)
(0.12713 0.108062 1.12889e-17)
(0.141447 0.0359007 8.97041e-18)
(0.119962 -0.010284 3.27592e-17)
(0.0855445 -0.0342656 -3.09858e-17)
(0.0509358 -0.0404081 2.21732e-17)
(0.0230557 -0.0327502 5.67782e-17)
(0.00487722 -0.0168959 0)
(-0.0018476 0.00195081 1.6695e-18)
(0.00349572 0.0208383 -1.64421e-18)
(0.0210876 0.039486 3.24085e-18)
(-0.0652773 0.264756 0)
(0.120196 0.229588 -2.44536e-17)
(0.196719 0.16325 3.22444e-20)
(0.209224 0.0951804 1.09636e-16)
(0.185903 0.0450929 -1.01097e-16)
(0.14878 0.0125404 6.38301e-17)
(0.112043 -0.00374826 -5.06914e-18)
(0.0828797 -0.00597571 -4.81515e-17)
(0.0647022 0.000746303 4.61577e-18)
(0.0592292 0.0109318 1.76493e-17)
(0.0667097 0.0211536 0)
(0.0867527 0.0307819 4.21822e-18)
(0.0085585 0.215277 0)
(0.185465 0.239046 0)
(0.265269 0.213224 0)
(0.278416 0.153991 -1.62448e-16)
(0.254296 0.10193 3.35466e-16)
(0.214639 0.061193 -9.63446e-17)
(0.17427 0.0339944 9.12927e-18)
(0.141132 0.0208175 -8.67605e-18)
(0.120877 0.0178164 0)
(0.115311 0.0191928 -6.54321e-17)
(0.124066 0.0212261 3.44104e-17)
(0.145417 0.0224322 -8.99931e-18)
(0.0520199 0.159059 6.9544e-16)
(0.215197 0.238885 0)
(0.325456 0.254572 -5.75045e-17)
(0.340344 0.214103 3.5867e-16)
(0.321727 0.165505 -2.69697e-16)
(0.286888 0.119462 -7.78885e-17)
(0.244411 0.0789005 2.31968e-16)
(0.204298 0.0506848 -4.67058e-17)
(0.180429 0.036544 2.36952e-17)
(0.173691 0.0291083 1.85311e-16)
(0.182401 0.023517 -8.86527e-17)
(0.204686 0.0172355 -4.17775e-17)
(-0.926173 0.109933 -1.11633e-18)
(-0.949131 0.211562 -1.16261e-18)
(-0.967481 0.318834 1.21855e-18)
(-0.979517 0.428683 0)
(-0.980415 0.534195 -1.35296e-17)
(-0.966656 0.624773 -8.63936e-18)
(-0.935787 0.688206 3.08111e-17)
(-0.886564 0.711955 1.99697e-17)
(-0.81783 0.684613 0)
(-0.728119 0.597354 -1.55662e-19)
(-0.595456 0.418835 -5.10156e-17)
(-0.457377 0.171926 -7.70169e-17)
(-0.770419 0.116923 -2.24733e-18)
(-0.785397 0.20932 -1.15876e-18)
(-0.793545 0.30427 -8.45957e-18)
(-0.793451 0.397507 2.53411e-18)
(-0.781724 0.480814 8.08993e-18)
(-0.756728 0.542912 -2.9055e-17)
(-0.717612 0.571117 -1.91748e-17)
(-0.66417 0.552 0)
(-0.595442 0.471453 0)
(-0.514167 0.315931 -3.38773e-17)
(-0.396039 0.0371417 -1.81868e-17)
(-0.372151 -0.278825 -1.41598e-16)
(-0.620813 0.119689 5.65909e-19)
(-0.626017 0.201225 5.23122e-18)
(-0.622531 0.282217 9.62204e-18)
(-0.609587 0.357442 0)
(-0.585498 0.417889 -8.0737e-18)
(-0.550827 0.45207 3.78298e-17)
(-0.507218 0.447498 -1.9345e-17)
(-0.457332 0.391499 0)
(-0.404048 0.272687 0)
(-0.358326 0.0871457 0)
(-0.315732 -0.154656 0)
(-0.339742 -0.342362 1.2389e-16)
(-0.47945 0.117885 0)
(-0.474406 0.187562 -3.51201e-18)
(-0.459374 0.253844 -1.20807e-18)
(-0.434396 0.310926 2.5147e-18)
(-0.399719 0.349586 5.36369e-18)
(-0.358316 0.358846 -2.60897e-17)
(-0.314995 0.32762 6.52572e-18)
(-0.27615 0.246307 0)
(-0.249053 0.11146 -3.65197e-17)
(-0.249285 -0.0649659 3.56804e-17)
(-0.277292 -0.24485 -5.75757e-17)
(-0.335453 -0.363723 -1.04188e-16)
(-0.348302 0.111747 1.75802e-18)
(-0.333413 0.169146 5.95892e-19)
(-0.307831 0.220741 0)
(-0.272454 0.260543 -2.52814e-18)
(-0.229509 0.27971 -1.6095e-17)
(-0.184334 0.268487 -2.90768e-18)
(-0.144908 0.218203 2.9691e-20)
(-0.120802 0.123531 -2.97125e-17)
(-0.121686 -0.0103037 2.69354e-17)
(-0.161627 -0.162483 -3.45256e-17)
(-0.232153 -0.298833 7.12577e-17)
(-0.304982 -0.37415 -1.05124e-19)
(-0.228938 0.101819 -3.02761e-18)
(-0.205144 0.147009 1.83413e-18)
(-0.170389 0.18451 -1.24973e-18)
(-0.126471 0.208539 2.57277e-18)
(-0.0773746 0.21109 2.17219e-17)
(-0.030504 0.184158 2.88721e-18)
(0.00353753 0.121891 1.93634e-17)
(0.0132253 0.0229445 5.18985e-17)
(-0.0112726 -0.101203 8.90533e-18)
(-0.0811002 -0.228473 0)
(-0.17955 -0.333514 0)
(-0.269867 -0.365242 1.04058e-16)
(-0.122375 0.0887918 -1.9079e-26)
(-0.0908958 0.122183 -3.85612e-18)
(-0.0484214 0.146539 -1.1714e-17)
(0.0023442 0.156592 0)
(0.0560449 0.145451 0)
(0.103694 0.107128 -5.96896e-18)
(0.132804 0.0384394 6.6213e-18)
(0.131005 -0.0591421 -6.03954e-17)
(0.089552 -0.170257 -4.53791e-17)
(-0.00108709 -0.274454 2.37029e-17)
(-0.119813 -0.352095 1.26514e-16)
(-0.223084 -0.34398 2.21703e-16)
(-0.029011 0.073375 2.08901e-18)
(0.00883371 0.0955589 7.64919e-18)
(0.0576505 0.107868 2.10388e-17)
(0.113905 0.105767 -2.2978e-17)
(0.171273 0.0835681 -2.09207e-17)
(0.219828 0.0373058 -9.52571e-18)
(0.24576 -0.0339268 6.99989e-18)
(0.236487 -0.127054 3.19463e-17)
(0.184653 -0.223928 1.1621e-16)
(0.0804284 -0.306145 1.02915e-16)
(-0.0546321 -0.356957 2.76586e-19)
(-0.172659 -0.309512 4.35085e-19)
(0.0514473 0.0561799 -3.21338e-18)
(0.0943767 0.0677728 -6.39572e-18)
(0.148308 0.069101 -1.2831e-17)
(0.20903 0.0564643 4.90389e-17)
(0.269741 0.0253177 2.70946e-17)
(0.31995 -0.0263291 3.59931e-18)
(0.345072 -0.0975555 -3.13751e-17)
(0.332483 -0.184718 0)
(0.27598 -0.266631 9.01696e-20)
(0.164 -0.326729 -2.36129e-16)
(0.0147785 -0.349211 -2.07866e-16)
(-0.118674 -0.26525 3.7047e-17)
(0.120248 0.0379763 0)
(0.167152 0.0395602 1.04019e-17)
(0.225194 0.0308365 -1.87255e-17)
(0.289685 0.0089196 -3.37424e-17)
(0.353949 -0.0297591 -3.05538e-17)
(0.406778 -0.0851175 -1.37891e-17)
(0.433521 -0.154974 9.91594e-21)
(0.421328 -0.235475 -7.65903e-17)
(0.364216 -0.301784 -2.26359e-16)
(0.248676 -0.338747 1.6272e-16)
(0.086183 -0.330592 0)
(-0.0619433 -0.210686 -7.42667e-16)
(0.18098 0.0206773 0)
(0.230886 0.0129123 -2.55348e-17)
(0.292346 -0.00505592 2.47987e-17)
(0.360175 -0.0354996 -6.87851e-18)
(0.42855 -0.0813641 1.15876e-16)
(0.484459 -0.13985 5.49202e-17)
(0.515216 -0.209339 5.66447e-17)
(0.505948 -0.280919 1.23906e-16)
(0.448411 -0.331241 1.4768e-16)
(0.332249 -0.341776 0)
(0.16632 -0.296141 0)
(0.000674912 -0.151206 5.39302e-16)
(0.241204 0.00768683 -1.94017e-17)
(0.29175 -0.00768225 1.51328e-16)
(0.355452 -0.0326209 5.7032e-17)
(0.425292 -0.0685773 1.2021e-16)
(0.499084 -0.118504 -1.12256e-16)
(0.55589 -0.176374 -2.66093e-17)
(0.601295 -0.241003 2.65395e-17)
(0.579253 -0.306556 -3.72736e-17)
(0.5122 -0.322888 2.90992e-17)
(0.402297 -0.305896 0)
(0.241149 -0.25163 0)
(0.0366939 -0.125241 1.17856e-15)
(-0.554778 0.274414 0)
(-0.521543 0.418528 -3.11503e-17)
(-0.544138 0.4733 4.85565e-18)
(-0.545507 0.514447 0)
(-0.522835 0.560738 0)
(-0.481926 0.616018 4.23856e-18)
(-0.424954 0.678624 6.22894e-18)
(-0.35212 0.742557 -2.06718e-18)
(-0.266469 0.801299 8.23536e-18)
(-0.172548 0.847888 0)
(-0.0790168 0.882026 4.19258e-18)
(0.0170194 0.905724 1.08336e-18)
(-0.169958 0.315565 0)
(-0.354254 0.32789 0)
(-0.428563 0.361463 -2.0165e-17)
(-0.453406 0.403138 0)
(-0.444019 0.449341 -4.44996e-18)
(-0.410758 0.50168 8.65407e-18)
(-0.360263 0.55856 -2.12224e-17)
(-0.295139 0.614655 -2.09856e-18)
(-0.21927 0.664881 2.0971e-18)
(-0.137041 0.704402 8.41197e-18)
(-0.0544362 0.733445 0)
(0.0312179 0.754002 -1.08893e-18)
(0.0208454 0.342742 0)
(-0.20813 0.262892 -7.75805e-18)
(-0.325066 0.273638 3.19155e-17)
(-0.366992 0.306209 -4.77387e-18)
(-0.370274 0.348783 0)
(-0.345273 0.3967 -1.33839e-17)
(-0.301781 0.447679 3.04806e-17)
(-0.244398 0.496519 0)
(-0.1777 0.539127 0)
(-0.105887 0.571972 -7.49785e-18)
(-0.0332491 0.595442 3.24641e-18)
(0.0425563 0.610972 1.10404e-18)
(0.144344 0.352078 0)
(-0.0946826 0.209092 0)
(-0.233961 0.199734 -2.2932e-17)
(-0.287774 0.220095 5.03591e-18)
(-0.301583 0.256828 -4.81142e-18)
(-0.284973 0.299936 4.17167e-17)
(-0.248829 0.345389 -4.49902e-18)
(-0.199226 0.387844 1.11106e-17)
(-0.141259 0.423792 -1.10223e-17)
(-0.07901 0.450411 8.80638e-18)
(-0.0157758 0.467992 -4.42839e-18)
(0.0503271 0.477374 -1.12377e-18)
(0.223964 0.344565 0)
(-0.00619448 0.158594 3.77414e-17)
(-0.153256 0.133043 2.50214e-17)
(-0.215415 0.141479 0)
(-0.237536 0.171681 -1.51569e-17)
(-0.229189 0.210559 -2.92605e-17)
(-0.200684 0.251274 -3.07635e-17)
(-0.158939 0.288391 6.96492e-18)
(-0.10942 0.318653 9.16483e-18)
(-0.0562173 0.339648 -9.12231e-18)
(-0.0020866 0.351397 0)
(0.0543498 0.354243 0)
(0.272456 0.321094 0)
(0.0647045 0.107157 -4.25286e-17)
(-0.0805464 0.0693021 6.93259e-18)
(-0.148399 0.0673962 -5.83479e-18)
(-0.177571 0.0924371 2.16865e-17)
(-0.177152 0.127913 5.20867e-18)
(-0.156599 0.165004 1.51025e-17)
(-0.122856 0.197928 -4.17718e-17)
(-0.0816424 0.223522 2.42051e-18)
(-0.0371819 0.23963 -1.1963e-18)
(0.00800384 0.245966 1.19755e-18)
(0.0548105 0.242494 0)
(0.296909 0.281412 0)
(0.122642 0.0529686 -9.85412e-17)
(-0.0136484 0.00572247 0)
(-0.0850746 -0.00387204 -2.60182e-17)
(-0.120606 0.0180326 1.79345e-17)
(-0.128012 0.0514215 3.4147e-17)
(-0.115791 0.0862331 -2.74481e-18)
(-0.090296 0.116182 1.86103e-17)
(-0.0573692 0.138184 0)
(-0.021478 0.150251 -1.28215e-18)
(0.0148614 0.151845 1.27713e-18)
(0.0521253 0.142703 0)
(0.301034 0.224203 0)
(0.169301 -0.00354298 -1.49068e-17)
(0.0490047 -0.0594688 9.1746e-18)
(-0.0239933 -0.0732793 -2.98119e-17)
(-0.0652578 -0.0524929 -5.43772e-17)
(-0.0807584 -0.0194712 -1.93002e-17)
(-0.0773872 0.0145093 -6.17055e-18)
(-0.060533 0.0427546 -2.68002e-17)
(-0.0360063 0.0622764 2.90302e-18)
(-0.00861539 0.0712134 -1.27981e-17)
(0.0189597 0.0688936 1.40699e-18)
(0.0468244 0.0549942 0)
(0.289226 0.15387 -2.94779e-16)
(0.204481 -0.06195 1.49006e-16)
(0.108049 -0.127119 -7.9022e-17)
(0.035896 -0.141431 -9.01261e-18)
(-0.0102811 -0.119947 3.27758e-17)
(-0.0342564 -0.0855341 7.74063e-18)
(-0.0403953 -0.0509303 -7.39997e-18)
(-0.0327387 -0.0230535 9.41364e-22)
(-0.016889 -0.00487613 0)
(0.001951 0.00185228 1.33772e-17)
(0.0208297 -0.0034858 0)
(0.0394646 -0.0210645 0)
(0.264727 0.0652748 3.79072e-16)
(0.229564 -0.120185 -2.20525e-16)
(0.163232 -0.196702 1.37979e-16)
(0.0951703 -0.209203 9.74485e-17)
(0.0450903 -0.185883 1.1231e-17)
(0.0125452 -0.148766 4.25463e-17)
(-0.00373839 -0.112037 -4.55256e-17)
(-0.00596483 -0.0828802 2.88975e-17)
(0.00075411 -0.0647063 4.61627e-18)
(0.0109346 -0.0592314 1.76507e-17)
(0.0211495 -0.0667076 -8.54628e-18)
(0.0307649 -0.086735 0)
(0.215258 -0.00855898 0)
(0.23902 -0.185446 2.78911e-16)
(0.213204 -0.265247 -2.12767e-16)
(0.153976 -0.278389 4.063e-17)
(0.101923 -0.25427 -3.94777e-17)
(0.061193 -0.214622 -7.70571e-17)
(0.0340007 -0.174264 1.00549e-16)
(0.0208268 -0.141136 -8.67717e-18)
(0.0178237 -0.120887 0)
(0.0191968 -0.115321 -3.07953e-17)
(0.0212248 -0.124073 4.34627e-17)
(0.022418 -0.145406 0)
(0.159049 -0.0520158 -6.95484e-16)
(0.238867 -0.215176 4.46845e-16)
(0.254541 -0.32543 4.60797e-16)
(0.214088 -0.340308 0)
(0.165494 -0.321696 -3.0823e-16)
(0.119457 -0.286867 -2.72673e-16)
(0.0789027 -0.244403 1.26504e-16)
(0.0506932 -0.204306 -2.33305e-17)
(0.0365507 -0.180446 2.36958e-17)
(0.0291129 -0.17371 0)
(0.023518 -0.182421 1.12312e-20)
(0.0172245 -0.204684 2.08906e-17)
)
;

boundaryField
{
    rotor
    {
        type            fixedValue;
        value           nonuniform List<vector> 
192
(
(0.0684902 2.09216 -0)
(0.205177 2.0832 -0)
(0.340986 2.06532 -0)
(0.475334 2.0386 -0)
(0.607647 2.00314 -0)
(0.737357 1.95911 -0)
(0.863911 1.90669 -0)
(0.986765 1.84611 -0)
(1.10539 1.77762 -0)
(1.21929 1.70151 -0)
(1.32796 1.61813 -0)
(1.43095 1.52781 -0)
(1.52781 1.43095 -0)
(1.61813 1.32796 -0)
(1.70151 1.21929 -0)
(1.77762 1.10539 -0)
(1.84611 0.986765 -0)
(1.90669 0.863911 -0)
(1.95911 0.737358 -0)
(2.00314 0.607647 -0)
(2.0386 0.475334 -0)
(2.06532 0.340986 -0)
(2.0832 0.205177 -0)
(2.09216 0.0684902 -0)
(2.09216 -0.0684902 0)
(2.0832 -0.205177 0)
(2.06532 -0.340986 0)
(2.0386 -0.475334 0)
(2.00314 -0.607647 0)
(1.95911 -0.737357 0)
(1.90669 -0.863911 0)
(1.84611 -0.986765 0)
(1.77762 -1.10539 0)
(1.70151 -1.21929 0)
(1.61813 -1.32796 0)
(1.52781 -1.43095 0)
(1.43095 -1.52781 0)
(1.32796 -1.61813 0)
(1.21929 -1.70151 0)
(1.10539 -1.77762 0)
(0.986765 -1.84611 0)
(0.863911 -1.90669 0)
(0.737357 -1.95911 0)
(0.607647 -2.00314 0)
(0.475334 -2.0386 0)
(0.340986 -2.06532 0)
(0.205177 -2.0832 0)
(0.0684901 -2.09216 0)
(-0.0684902 -2.09216 0)
(-0.205177 -2.0832 0)
(-0.340986 -2.06532 0)
(-0.475334 -2.0386 0)
(-0.607647 -2.00314 0)
(-0.737358 -1.95911 0)
(-0.863911 -1.90669 0)
(-0.986765 -1.84611 0)
(-1.10539 -1.77762 0)
(-1.21929 -1.70151 0)
(-1.32796 -1.61813 0)
(-1.43095 -1.52781 0)
(-1.52781 -1.43095 0)
(-1.61813 -1.32796 0)
(-1.70151 -1.21929 0)
(-1.77762 -1.10539 0)
(-1.84611 -0.986765 0)
(-1.90669 -0.863911 0)
(-1.95911 -0.737357 0)
(-2.00314 -0.607647 0)
(-2.0386 -0.475334 0)
(-2.06532 -0.340986 0)
(-2.0832 -0.205177 0)
(-2.09216 -0.0684902 0)
(-2.09216 0.0684902 0)
(-2.0832 0.205177 0)
(-2.06532 0.340986 0)
(-2.0386 0.475334 0)
(-2.00314 0.607647 0)
(-1.95911 0.737358 0)
(-1.90669 0.863911 0)
(-1.84611 0.986765 0)
(-1.77762 1.10539 0)
(-1.70151 1.21929 0)
(-1.61813 1.32796 0)
(-1.52781 1.43095 0)
(-1.43095 1.52781 0)
(-1.32796 1.61813 0)
(-1.21929 1.70151 0)
(-1.10539 1.77762 0)
(-0.986765 1.84611 0)
(-0.863911 1.90669 0)
(-0.737357 1.95911 0)
(-0.607647 2.00314 0)
(-0.475334 2.0386 0)
(-0.340986 2.06532 0)
(-0.205177 2.0832 0)
(-0.0684902 2.09216 0)
(0 2.2253 0)
(0 2.4871 0)
(0 2.7489 0)
(0 3.0107 0)
(0 3.2725 0)
(0 3.5343 0)
(0 3.7961 0)
(0 4.0579 0)
(0 4.3197 0)
(0 4.5815 0)
(0 4.8433 0)
(0 5.1051 0)
(0 2.2253 0)
(0 2.4871 0)
(0 2.7489 0)
(0 3.0107 0)
(0 3.2725 0)
(0 3.5343 0)
(0 3.7961 0)
(0 4.0579 0)
(0 4.3197 0)
(0 4.5815 0)
(0 4.8433 0)
(0 5.1051 0)
(2.2253 3.99418e-09 -0)
(2.4871 4.46409e-09 -0)
(2.7489 4.93399e-09 -0)
(3.0107 5.4039e-09 -0)
(3.2725 5.8738e-09 -0)
(3.5343 6.3437e-09 -0)
(3.7961 6.81361e-09 -0)
(4.0579 7.28351e-09 -0)
(4.3197 7.75342e-09 -0)
(4.5815 8.22332e-09 -0)
(4.8433 8.69322e-09 -0)
(5.1051 9.16313e-09 -0)
(2.2253 3.99418e-09 -0)
(2.4871 4.46409e-09 -0)
(2.7489 4.93399e-09 -0)
(3.0107 5.4039e-09 -0)
(3.2725 5.8738e-09 -0)
(3.5343 6.3437e-09 -0)
(3.7961 6.81361e-09 -0)
(4.0579 7.28351e-09 -0)
(4.3197 7.75342e-09 -0)
(4.5815 8.22332e-09 -0)
(4.8433 8.69322e-09 -0)
(5.1051 9.16313e-09 -0)
(-7.98837e-09 -2.2253 0)
(-8.92818e-09 -2.4871 0)
(-9.86798e-09 -2.7489 0)
(-1.08078e-08 -3.0107 0)
(-1.17476e-08 -3.2725 0)
(-1.26874e-08 -3.5343 0)
(-1.36272e-08 -3.7961 0)
(-1.4567e-08 -4.0579 0)
(-1.55068e-08 -4.3197 0)
(-1.64466e-08 -4.5815 0)
(-1.73864e-08 -4.8433 0)
(-1.83263e-08 -5.1051 0)
(-7.98837e-09 -2.2253 0)
(-8.92818e-09 -2.4871 0)
(-9.86798e-09 -2.7489 0)
(-1.08078e-08 -3.0107 0)
(-1.17476e-08 -3.2725 0)
(-1.26874e-08 -3.5343 0)
(-1.36272e-08 -3.7961 0)
(-1.4567e-08 -4.0579 0)
(-1.55068e-08 -4.3197 0)
(-1.64466e-08 -4.5815 0)
(-1.73864e-08 -4.8433 0)
(-1.83263e-08 -5.1051 0)
(-2.2253 3.99418e-09 0)
(-2.4871 4.46409e-09 0)
(-2.7489 4.93399e-09 0)
(-3.0107 5.4039e-09 0)
(-3.2725 5.8738e-09 0)
(-3.5343 6.3437e-09 0)
(-3.7961 6.81361e-09 0)
(-4.0579 7.28351e-09 0)
(-4.3197 7.75342e-09 0)
(-4.5815 8.22332e-09 0)
(-4.8433 8.69322e-09 0)
(-5.1051 9.16313e-09 0)
(-2.2253 3.99418e-09 0)
(-2.4871 4.46409e-09 0)
(-2.7489 4.93399e-09 0)
(-3.0107 5.4039e-09 0)
(-3.2725 5.8738e-09 0)
(-3.5343 6.3437e-09 0)
(-3.7961 6.81361e-09 0)
(-4.0579 7.28351e-09 0)
(-4.3197 7.75342e-09 0)
(-4.5815 8.22332e-09 0)
(-4.8433 8.69322e-09 0)
(-5.1051 9.16313e-09 0)
)
;
    }
    stator
    {
        type            noSlip;
    }
    front
    {
        type            empty;
    }
    back
    {
        type            empty;
    }
}


// ************************************************************************* //
