/*--------------------------------*- C++ -*----------------------------------*\
  =========                 |
  \\      /  F ield         | OpenFOAM: The Open Source CFD Toolbox
   \\    /   O peration     | Website:  https://openfoam.org
    \\  /    A nd           | Version:  6
     \\/     M anipulation  |
\*---------------------------------------------------------------------------*/
FoamFile
{
    version     2.0;
    format      ascii;
    class       surfaceScalarField;
    location    "500";
    object      phi;
}
// * * * * * * * * * * * * * * * * * * * * * * * * * * * * * * * * * * * * * //

dimensions      [0 3 -1 0 0 0 0];

internalField   nonuniform List<scalar> 
5952
(
5.21696e-06
-5.21289e-06
8.80769e-06
-3.59057e-06
1.15074e-05
-2.69981e-06
1.29639e-05
-1.45634e-06
1.30948e-05
-1.30936e-07
1.16205e-05
1.47433e-06
7.53938e-06
4.08096e-06
1.44131e-06
6.09798e-06
-1.10412e-05
1.24824e-05
-2.55319e-05
1.44907e-05
-3.65928e-05
1.10608e-05
8.56795e-06
-4.51608e-05
1.424e-06
-6.63672e-06
3.69019e-06
-5.85666e-06
4.06219e-06
-3.07167e-06
2.5682e-06
3.7794e-08
-1.163e-06
3.6004e-06
-8.50717e-06
8.81855e-06
-1.98091e-05
1.53829e-05
-3.19882e-05
1.82771e-05
-3.81972e-05
1.86913e-05
-4.06627e-05
1.69562e-05
-4.30179e-05
1.34159e-05
1.05534e-05
-4.50033e-05
1.37558e-06
-8.01215e-06
1.20065e-06
-5.68155e-06
-9.45699e-07
-9.25142e-07
-5.81994e-06
4.91222e-06
-1.42089e-05
1.19894e-05
-2.37375e-05
1.83472e-05
-2.97615e-05
2.1407e-05
-3.29245e-05
2.14401e-05
-3.42303e-05
1.99971e-05
-3.4669e-05
1.73949e-05
-3.53952e-05
1.41421e-05
1.1206e-05
-3.60478e-05
-1.62886e-06
-6.38315e-06
-4.43213e-06
-2.87807e-06
-9.01385e-06
3.65679e-06
-1.54035e-05
1.13021e-05
-2.15709e-05
1.81568e-05
-2.54159e-05
2.21923e-05
-2.69812e-05
2.29723e-05
-2.739e-05
2.18489e-05
-2.73248e-05
1.99319e-05
-2.71678e-05
1.72379e-05
-2.72142e-05
1.41885e-05
1.12504e-05
-2.72586e-05
-3.59653e-06
-2.78635e-06
-8.4132e-06
1.93883e-06
-1.346e-05
8.70382e-06
-1.78958e-05
1.5738e-05
-2.05674e-05
2.08286e-05
-2.12233e-05
2.28483e-05
-2.08368e-05
2.25858e-05
-2.01184e-05
2.11306e-05
-1.92228e-05
1.90363e-05
-1.84834e-05
1.64985e-05
-1.80115e-05
1.37166e-05
1.09174e-05
-1.76785e-05
-4.84667e-06
2.06067e-06
-9.80658e-06
6.89901e-06
-1.37055e-05
1.2603e-05
-1.58258e-05
1.78585e-05
-1.60492e-05
2.10522e-05
-1.50711e-05
2.18704e-05
-1.36567e-05
2.11714e-05
-1.21943e-05
1.96682e-05
-1.08585e-05
1.77005e-05
-9.77509e-06
1.54151e-05
-8.98222e-06
1.29238e-05
1.03437e-05
-8.40855e-06
-5.28514e-06
7.34626e-06
-9.48586e-06
1.11e-05
-1.18167e-05
1.49342e-05
-1.20158e-05
1.80578e-05
-1.06299e-05
1.96664e-05
-8.56927e-06
1.98099e-05
-6.40722e-06
1.90094e-05
-4.40098e-06
1.7662e-05
-2.66668e-06
1.59662e-05
-1.25919e-06
1.40076e-05
-1.81733e-07
1.18463e-05
9.5451e-06
6.16856e-07
-5.29968e-06
1.26461e-05
-8.39708e-06
1.41976e-05
-9.06902e-06
1.56063e-05
-7.67996e-06
1.66689e-05
-5.11397e-06
1.71005e-05
-2.18421e-06
1.68802e-05
6.54447e-07
1.61708e-05
3.19524e-06
1.51213e-05
5.35567e-06
1.38058e-05
7.114e-06
1.22493e-05
8.48926e-06
1.0471e-05
8.50411e-06
9.53025e-06
-4.69231e-06
1.73386e-05
-6.50885e-06
1.60142e-05
-5.43735e-06
1.45348e-05
-2.64938e-06
1.38809e-05
9.50175e-07
1.3501e-05
4.66303e-06
1.31674e-05
8.11182e-06
1.2722e-05
1.11341e-05
1.2099e-05
1.3678e-05
1.12619e-05
1.57476e-05
1.01798e-05
1.73826e-05
8.83601e-06
7.24833e-06
1.86384e-05
-4.05834e-06
2.13968e-05
-3.1018e-06
1.50577e-05
4.68845e-07
1.09641e-05
4.75255e-06
9.59721e-06
9.23492e-06
9.01863e-06
1.34783e-05
8.924e-06
1.72496e-05
8.9507e-06
2.04719e-05
8.87672e-06
2.31462e-05
8.58758e-06
2.53096e-05
8.01646e-06
2.70248e-05
7.12075e-06
5.9181e-06
2.8355e-05
6.21812e-07
2.07749e-05
6.14115e-06
9.53824e-06
1.20036e-05
5.1016e-06
1.73336e-05
4.26722e-06
2.2014e-05
4.33822e-06
2.60351e-05
4.90293e-06
2.94359e-05
5.5499e-06
3.22628e-05
6.0498e-06
3.45722e-05
6.27815e-06
3.64241e-05
6.16458e-06
3.78947e-05
5.65018e-06
4.76799e-06
3.90448e-05
2.04678e-05
3.06937e-07
2.87799e-05
1.22605e-06
3.38457e-05
3.56895e-08
3.77004e-05
4.12524e-07
4.0668e-05
1.37055e-06
4.31019e-05
2.46907e-06
4.51416e-05
3.5102e-06
4.68292e-05
4.36214e-06
4.81963e-05
4.91108e-06
4.92764e-05
5.08451e-06
5.01346e-05
4.79193e-06
5.08153e-05
4.08729e-06
-5.11772e-05
6.01642e-06
-5.52211e-05
4.04392e-06
-5.71048e-05
1.88365e-06
-5.72034e-05
9.85594e-08
-5.54786e-05
-1.72481e-06
-5.20373e-05
-3.44127e-06
-4.66152e-05
-5.42213e-06
-3.92489e-05
-7.3663e-06
-2.97435e-05
-9.50539e-06
-1.83375e-05
-1.1406e-05
-6.97777e-06
-1.13598e-05
-6.97778e-06
-4.66737e-05
7.68683e-06
-4.75076e-05
4.8778e-06
-4.78311e-05
2.20715e-06
-4.74342e-05
-2.98327e-07
-4.63604e-05
-2.79865e-06
-4.43308e-05
-5.47091e-06
-4.1339e-05
-8.41389e-06
-3.70059e-05
-1.16995e-05
-3.11682e-05
-1.5343e-05
-2.35175e-05
-1.90568e-05
-1.31079e-05
-2.17694e-05
-2.00857e-05
-3.66185e-05
8.25752e-06
-3.70803e-05
5.33957e-06
-3.73224e-05
2.44925e-06
-3.71529e-05
-4.67884e-07
-3.64173e-05
-3.53426e-06
-3.50459e-05
-6.84232e-06
-3.29339e-05
-1.05259e-05
-2.99499e-05
-1.46834e-05
-2.60068e-05
-1.92862e-05
-2.0625e-05
-2.44386e-05
-1.27858e-05
-2.96086e-05
-3.28715e-05
-2.72916e-05
8.29047e-06
-2.72688e-05
5.31675e-06
-2.71242e-05
2.30465e-06
-2.67837e-05
-8.08447e-07
-2.61854e-05
-4.13249e-06
-2.52555e-05
-7.77229e-06
-2.39003e-05
-1.18811e-05
-2.19909e-05
-1.65928e-05
-1.9311e-05
-2.19661e-05
-1.53687e-05
-2.83809e-05
-9.39965e-06
-3.55777e-05
-4.22711e-05
-1.74533e-05
8.06523e-06
-1.72899e-05
5.15337e-06
-1.71337e-05
2.1484e-06
-1.69277e-05
-1.01437e-06
-1.66275e-05
-4.43269e-06
-1.61817e-05
-8.21812e-06
-1.5531e-05
-1.25318e-05
-1.46107e-05
-1.75131e-05
-1.32156e-05
-2.33611e-05
-1.11225e-05
-3.0474e-05
-7.43976e-06
-3.92605e-05
-4.97109e-05
-8.01485e-06
7.67153e-06
-7.75984e-06
4.89835e-06
-7.60285e-06
1.99141e-06
-7.50894e-06
-1.10829e-06
-7.45368e-06
-4.48795e-06
-7.4143e-06
-8.25752e-06
-7.38499e-06
-1.25611e-05
-7.32615e-06
-1.7572e-05
-7.12133e-06
-2.3566e-05
-6.58419e-06
-3.10112e-05
-4.87581e-06
-4.09688e-05
-5.45867e-05
1.17813e-06
7.11025e-06
1.53784e-06
4.53864e-06
1.72384e-06
1.80539e-06
1.75204e-06
-1.13649e-06
1.62377e-06
-4.3597e-06
1.32724e-06
-7.96101e-06
8.35464e-07
-1.20694e-05
1.32038e-07
-1.68686e-05
-7.57025e-07
-2.26769e-05
-1.70767e-06
-3.00605e-05
-2.24783e-06
-4.04287e-05
-5.68346e-05
1.02835e-05
6.35703e-06
1.07822e-05
4.03985e-06
1.10467e-05
1.54096e-06
1.10789e-05
-1.16877e-06
1.08616e-05
-4.14235e-06
1.03536e-05
-7.45302e-06
9.48178e-06
-1.11976e-05
8.15359e-06
-1.55404e-05
6.27614e-06
-2.07995e-05
3.83503e-06
-2.76195e-05
1.22181e-06
-3.78155e-05
-5.56128e-05
1.95715e-05
5.42387e-06
2.02168e-05
3.39452e-06
2.05927e-05
1.16507e-06
2.06927e-05
-1.26877e-06
2.04853e-05
-3.93497e-06
1.99055e-05
-6.87328e-06
1.88311e-05
-1.01233e-05
1.70836e-05
-1.37929e-05
1.44169e-05
-1.81329e-05
1.05776e-05
-2.37803e-05
5.66889e-06
-3.29069e-05
-4.9944e-05
2.93702e-05
4.40874e-06
3.01046e-05
2.66013e-06
3.05792e-05
6.90465e-07
3.07833e-05
-1.47296e-06
3.06745e-05
-3.82618e-06
3.01688e-05
-6.36754e-06
2.91015e-05
-9.05596e-06
2.7216e-05
-1.19075e-05
2.41012e-05
-1.50181e-05
1.92517e-05
-1.89308e-05
1.1854e-05
-2.55093e-05
-3.80901e-05
3.9959e-05
3.49451e-06
4.06609e-05
1.95826e-06
4.11747e-05
1.7662e-07
4.14878e-05
-1.78603e-06
4.1548e-05
-3.88637e-06
4.12576e-05
-6.07711e-06
4.04247e-05
-8.22308e-06
3.87492e-05
-1.0232e-05
3.56841e-05
-1.1953e-05
3.04897e-05
-1.37365e-05
2.06395e-05
-1.56591e-05
-1.74507e-05
5.14264e-05
2.88341e-06
5.19649e-05
1.4198e-06
5.24567e-05
-3.15223e-07
5.28804e-05
-2.20965e-06
5.31686e-05
-4.17456e-06
5.3212e-05
-6.1205e-06
5.28165e-05
-7.82766e-06
5.17119e-05
-9.12736e-06
4.9375e-05
-9.6162e-06
4.48731e-05
-9.23453e-06
3.45538e-05
-5.33982e-06
1.71031e-05
5.21555e-06
-5.21558e-06
8.8066e-06
-3.59096e-06
1.15068e-05
-2.70022e-06
1.29634e-05
-1.45647e-06
1.30943e-05
-1.309e-07
1.16205e-05
1.47392e-06
7.54006e-06
4.08031e-06
1.44202e-06
6.09805e-06
-1.10403e-05
1.24821e-05
-2.55317e-05
1.44914e-05
-3.65935e-05
1.10618e-05
8.56844e-06
-4.5162e-05
1.42299e-06
-6.6385e-06
3.68984e-06
-5.85776e-06
4.06214e-06
-3.07238e-06
2.56849e-06
3.73101e-08
-1.16201e-06
3.59975e-06
-8.50539e-06
8.81736e-06
-1.98073e-05
1.53822e-05
-3.19872e-05
1.8278e-05
-3.81977e-05
1.86925e-05
-4.06638e-05
1.69575e-05
-4.30192e-05
1.34172e-05
1.0554e-05
-4.50049e-05
1.37535e-06
-8.01369e-06
1.20092e-06
-5.68316e-06
-9.44707e-07
-9.26588e-07
-5.81776e-06
4.91054e-06
-1.42059e-05
1.19879e-05
-2.37355e-05
1.8347e-05
-2.97614e-05
2.14082e-05
-3.29255e-05
2.1442e-05
-3.4232e-05
1.9999e-05
-3.4671e-05
1.73965e-05
-3.53969e-05
1.4143e-05
1.12066e-05
-3.60495e-05
-1.62859e-06
-6.38486e-06
-4.43127e-06
-2.88026e-06
-9.01221e-06
3.65458e-06
-1.54018e-05
1.13003e-05
-2.15702e-05
1.81563e-05
-2.54165e-05
2.21935e-05
-2.69826e-05
2.29742e-05
-2.73917e-05
2.18511e-05
-2.73265e-05
1.99337e-05
-2.71694e-05
1.72394e-05
-2.72157e-05
1.41893e-05
1.12509e-05
-2.72601e-05
-3.59629e-06
-2.78817e-06
-8.41269e-06
1.93648e-06
-1.34596e-05
8.70177e-06
-1.7896e-05
1.57369e-05
-2.05686e-05
2.0829e-05
-2.1225e-05
2.28499e-05
-2.08385e-05
2.25878e-05
-2.012e-05
2.11326e-05
-1.92242e-05
1.90379e-05
-1.84846e-05
1.64997e-05
-1.80127e-05
1.37173e-05
1.09177e-05
-1.76796e-05
-4.84647e-06
2.05911e-06
-9.80684e-06
6.89725e-06
-1.37064e-05
1.26016e-05
-1.58272e-05
1.7858e-05
-1.60509e-05
2.10528e-05
-1.50727e-05
2.18719e-05
-1.36582e-05
2.11731e-05
-1.21955e-05
1.96699e-05
-1.08595e-05
1.77019e-05
-9.77592e-06
1.54161e-05
-8.98298e-06
1.29243e-05
1.0344e-05
-8.40921e-06
-5.28554e-06
7.345e-06
-9.48673e-06
1.10988e-05
-1.18181e-05
1.49332e-05
-1.20174e-05
1.80575e-05
-1.06315e-05
1.9667e-05
-8.57067e-06
1.98111e-05
-6.40832e-06
1.90109e-05
-4.40183e-06
1.76634e-05
-2.66731e-06
1.59673e-05
-1.25968e-06
1.40084e-05
-1.82113e-07
1.18467e-05
9.54527e-06
6.16553e-07
-5.30021e-06
1.26455e-05
-8.39815e-06
1.41968e-05
-9.07039e-06
1.56057e-05
-7.68145e-06
1.66687e-05
-5.11533e-06
1.7101e-05
-2.1853e-06
1.68812e-05
6.5365e-07
1.61719e-05
3.1947e-06
1.51224e-05
5.35534e-06
1.38067e-05
7.11382e-06
1.22499e-05
8.48919e-06
1.04714e-05
8.50417e-06
9.53026e-06
-4.69294e-06
1.73384e-05
-6.50974e-06
1.60137e-05
-5.43845e-06
1.45344e-05
-2.65054e-06
1.38809e-05
9.49124e-07
1.35014e-05
4.66222e-06
1.31681e-05
8.11127e-06
1.27229e-05
1.11338e-05
1.20998e-05
1.36779e-05
1.12626e-05
1.57476e-05
1.01802e-05
1.73828e-05
8.8362e-06
7.24828e-06
1.86386e-05
-4.05853e-06
2.13971e-05
-3.10223e-06
1.50574e-05
4.68186e-07
1.0964e-05
4.75177e-06
9.59726e-06
9.2342e-06
9.01893e-06
1.34778e-05
8.92453e-06
1.72493e-05
8.95134e-06
2.04718e-05
8.87734e-06
2.31463e-05
8.58806e-06
2.53098e-05
8.01673e-06
2.70252e-05
7.1208e-06
5.91794e-06
2.83555e-05
6.21938e-07
2.07751e-05
6.14104e-06
9.53831e-06
1.20033e-05
5.1017e-06
1.73331e-05
4.26741e-06
2.20135e-05
4.33854e-06
2.60346e-05
4.90336e-06
2.94356e-05
5.55037e-06
3.22627e-05
6.05021e-06
3.45723e-05
6.27843e-06
3.64244e-05
6.16467e-06
3.78951e-05
5.65007e-06
4.76771e-06
3.90453e-05
2.04678e-05
3.07294e-07
2.87796e-05
1.22637e-06
3.38453e-05
3.6057e-08
3.76998e-05
4.12873e-07
4.06674e-05
1.37089e-06
4.31013e-05
2.4694e-06
4.51412e-05
3.51049e-06
4.68291e-05
4.36234e-06
4.81963e-05
4.91113e-06
4.92766e-05
5.08439e-06
5.0135e-05
4.79165e-06
5.08159e-05
4.08687e-06
-5.11789e-05
6.0168e-06
-5.52231e-05
4.04416e-06
-5.71069e-05
1.88376e-06
-5.72054e-05
9.8587e-08
-5.54806e-05
-1.72488e-06
-5.20392e-05
-3.44138e-06
-4.6617e-05
-5.42228e-06
-3.92505e-05
-7.36647e-06
-2.97449e-05
-9.50561e-06
-1.83386e-05
-1.14063e-05
-6.97855e-06
-1.13602e-05
-6.97856e-06
-4.66754e-05
7.68734e-06
-4.75093e-05
4.87807e-06
-4.78329e-05
2.20724e-06
-4.74359e-05
-2.98367e-07
-4.6362e-05
-2.7988e-06
-4.43322e-05
-5.47115e-06
-4.13403e-05
-8.41421e-06
-3.7007e-05
-1.16998e-05
-3.11691e-05
-1.53435e-05
-2.35181e-05
-1.90573e-05
-1.31083e-05
-2.177e-05
-2.00868e-05
-3.66201e-05
8.25792e-06
-3.70818e-05
5.33975e-06
-3.73238e-05
2.44926e-06
-3.71542e-05
-4.68032e-07
-3.64185e-05
-3.53454e-06
-3.50469e-05
-6.8427e-06
-3.29348e-05
-1.05263e-05
-2.99507e-05
-1.4684e-05
-2.60073e-05
-1.92868e-05
-2.06253e-05
-2.44394e-05
-1.27858e-05
-2.96095e-05
-3.28727e-05
-2.72929e-05
8.29074e-06
-2.727e-05
5.31682e-06
-2.71253e-05
2.30454e-06
-2.67846e-05
-8.08708e-07
-2.61863e-05
-4.13288e-06
-2.52562e-05
-7.77279e-06
-2.39009e-05
-1.18817e-05
-2.19914e-05
-1.65935e-05
-1.93114e-05
-2.19669e-05
-1.53691e-05
-2.83818e-05
-9.39984e-06
-3.55788e-05
-4.22725e-05
-1.74542e-05
8.06539e-06
-1.72907e-05
5.15331e-06
-1.71344e-05
2.14818e-06
-1.69284e-05
-1.01473e-06
-1.66281e-05
-4.43317e-06
-1.61822e-05
-8.2187e-06
-1.55314e-05
-1.25325e-05
-1.4611e-05
-1.75139e-05
-1.32159e-05
-2.3362e-05
-1.11227e-05
-3.0475e-05
-7.4398e-06
-3.92616e-05
-4.97123e-05
-8.01542e-06
7.67156e-06
-7.76031e-06
4.8982e-06
-7.60325e-06
1.99109e-06
-7.50926e-06
-1.10873e-06
-7.45396e-06
-4.4885e-06
-7.41451e-06
-8.25815e-06
-7.38517e-06
-1.25619e-05
-7.32628e-06
-1.75728e-05
-7.12145e-06
-2.35669e-05
-6.58426e-06
-3.10122e-05
-4.87589e-06
-4.097e-05
-5.45882e-05
1.17791e-06
7.11018e-06
1.53769e-06
4.53839e-06
1.72376e-06
1.80501e-06
1.752e-06
-1.137e-06
1.62378e-06
-4.36029e-06
1.32728e-06
-7.96168e-06
8.35518e-07
-1.20701e-05
1.32083e-07
-1.68694e-05
-7.56969e-07
-2.26778e-05
-1.70764e-06
-3.00616e-05
-2.24779e-06
-4.04299e-05
-5.6836e-05
1.02836e-05
6.35687e-06
1.07824e-05
4.03953e-06
1.10469e-05
1.5405e-06
1.10792e-05
-1.16932e-06
1.08618e-05
-4.14298e-06
1.03538e-05
-7.4537e-06
9.48203e-06
-1.11984e-05
8.15382e-06
-1.55412e-05
6.27631e-06
-2.08004e-05
3.83517e-06
-2.76205e-05
1.22187e-06
-3.78166e-05
-5.56142e-05
1.95718e-05
5.42363e-06
2.02172e-05
3.39413e-06
2.05931e-05
1.16456e-06
2.06931e-05
-1.26935e-06
2.04857e-05
-3.9356e-06
1.9906e-05
-6.87396e-06
1.88316e-05
-1.0124e-05
1.7084e-05
-1.37937e-05
1.44172e-05
-1.81337e-05
1.05779e-05
-2.37812e-05
5.66903e-06
-3.2908e-05
-4.99453e-05
2.93707e-05
4.4084e-06
3.01052e-05
2.65967e-06
3.05798e-05
6.89917e-07
3.0784e-05
-1.47357e-06
3.06752e-05
-3.82681e-06
3.01694e-05
-6.3682e-06
2.9102e-05
-9.05665e-06
2.72165e-05
-1.19082e-05
2.41016e-05
-1.50188e-05
1.9252e-05
-1.89317e-05
1.18542e-05
-2.55102e-05
-3.80912e-05
3.99597e-05
3.49408e-06
4.06616e-05
1.95774e-06
4.11755e-05
1.76042e-07
4.14885e-05
-1.78664e-06
4.15487e-05
-3.887e-06
4.12583e-05
-6.07775e-06
4.04253e-05
-8.22373e-06
3.87498e-05
-1.02327e-05
3.56847e-05
-1.19538e-05
3.04902e-05
-1.37372e-05
2.06398e-05
-1.56599e-05
-1.74515e-05
5.14271e-05
2.88289e-06
5.19656e-05
1.41923e-06
5.24575e-05
-3.15818e-07
5.28811e-05
-2.21026e-06
5.31693e-05
-4.17516e-06
5.32127e-05
-6.1211e-06
5.28172e-05
-7.82828e-06
5.17125e-05
-9.128e-06
4.93756e-05
-9.61687e-06
4.48736e-05
-9.23526e-06
3.45542e-05
-5.3405e-06
1.71026e-05
5.21561e-06
-5.21548e-06
8.80652e-06
-3.5907e-06
1.15067e-05
-2.70013e-06
1.29634e-05
-1.45642e-06
1.30944e-05
-1.3086e-07
1.16192e-05
1.47534e-06
7.53717e-06
4.08215e-06
1.43885e-06
6.09844e-06
-1.10453e-05
1.24842e-05
-2.55359e-05
1.44906e-05
-3.65955e-05
1.10596e-05
8.56737e-06
-4.51629e-05
1.42275e-06
-6.63808e-06
3.689e-06
-5.85685e-06
4.06049e-06
-3.07141e-06
2.56578e-06
3.85137e-08
-1.16665e-06
3.60182e-06
-8.51249e-06
8.82129e-06
-1.98154e-05
1.53851e-05
-3.19938e-05
1.82769e-05
-3.82001e-05
1.86905e-05
-4.06643e-05
1.69549e-05
-4.3019e-05
1.34142e-05
1.05525e-05
-4.50041e-05
1.37433e-06
-8.01231e-06
1.19833e-06
-5.68071e-06
-9.49372e-07
-9.23523e-07
-5.82563e-06
4.91496e-06
-1.4216e-05
1.19923e-05
-2.37432e-05
1.83485e-05
-2.97644e-05
2.14063e-05
-3.29259e-05
2.14383e-05
-3.42305e-05
1.99951e-05
-3.46684e-05
1.73928e-05
-3.53953e-05
1.4141e-05
1.12051e-05
-3.60479e-05
-1.63027e-06
-6.38189e-06
-4.43515e-06
-2.87564e-06
-9.01837e-06
3.6599e-06
-1.54083e-05
1.13051e-05
-2.15743e-05
1.81584e-05
-2.54175e-05
2.21917e-05
-2.69816e-05
2.29705e-05
-2.739e-05
2.18467e-05
-2.73246e-05
1.99296e-05
-2.71678e-05
1.7236e-05
-2.72141e-05
1.41873e-05
1.12495e-05
-2.72585e-05
-3.59771e-06
-2.7839e-06
-8.41537e-06
1.94228e-06
-1.34624e-05
8.70718e-06
-1.78973e-05
1.57402e-05
-2.05677e-05
2.08289e-05
-2.12229e-05
2.2847e-05
-2.08362e-05
2.25838e-05
-2.01179e-05
2.11284e-05
-1.92225e-05
1.90342e-05
-1.84833e-05
1.64968e-05
-1.80115e-05
1.37155e-05
1.09164e-05
-1.76784e-05
-4.84745e-06
2.06403e-06
-9.80723e-06
6.90236e-06
-1.37056e-05
1.26059e-05
-1.58253e-05
1.786e-05
-1.60481e-05
2.1052e-05
-1.50701e-05
2.18691e-05
-1.36559e-05
2.11696e-05
-1.21938e-05
1.96663e-05
-1.08582e-05
1.76987e-05
-9.77504e-06
1.54136e-05
-8.98218e-06
1.29226e-05
1.03427e-05
-8.40847e-06
-5.28489e-06
7.3494e-06
-9.48524e-06
1.11031e-05
-1.18156e-05
1.49365e-05
-1.20143e-05
1.8059e-05
-1.06285e-05
1.96663e-05
-8.56821e-06
1.9809e-05
-6.40652e-06
1.9008e-05
-4.40061e-06
1.76605e-05
-2.66655e-06
1.59647e-05
-1.25919e-06
1.40062e-05
-1.81732e-07
1.18451e-05
9.54409e-06
6.16899e-07
-5.29906e-06
1.26487e-05
-8.39583e-06
1.42e-05
-9.06734e-06
1.56082e-05
-7.6782e-06
1.667e-05
-5.11247e-06
1.71007e-05
-2.18312e-06
1.68797e-05
6.55145e-07
1.61698e-05
3.19562e-06
1.512e-05
5.35582e-06
1.38045e-05
7.11405e-06
1.2248e-05
8.48931e-06
1.04699e-05
8.50305e-06
9.53034e-06
-4.69141e-06
1.73403e-05
-6.50731e-06
1.6016e-05
-5.43547e-06
1.45364e-05
-2.64748e-06
1.3882e-05
9.51818e-07
1.35014e-05
4.66431e-06
1.31672e-05
8.11273e-06
1.27214e-05
1.11347e-05
1.2098e-05
1.36784e-05
1.12608e-05
1.57478e-05
1.01786e-05
1.73828e-05
8.83486e-06
7.24725e-06
1.86386e-05
-4.0574e-06
2.13976e-05
-3.10038e-06
1.5059e-05
4.70636e-07
1.09654e-05
4.75445e-06
9.59818e-06
9.2367e-06
9.01915e-06
1.34799e-05
8.92403e-06
1.72509e-05
8.95032e-06
2.04729e-05
8.87602e-06
2.3147e-05
8.58666e-06
2.53102e-05
8.01542e-06
2.70254e-05
7.11967e-06
5.91705e-06
2.83556e-05
6.22363e-07
2.07752e-05
6.14234e-06
9.53893e-06
1.20052e-05
5.10243e-06
1.73354e-05
4.26797e-06
2.20158e-05
4.33869e-06
2.60368e-05
4.90303e-06
2.94374e-05
5.54965e-06
3.22642e-05
6.04925e-06
3.45735e-05
6.27739e-06
3.64252e-05
6.16367e-06
3.78957e-05
5.6492e-06
4.76702e-06
3.90457e-05
2.04684e-05
3.06652e-07
2.87809e-05
1.22633e-06
3.3847e-05
3.62251e-08
3.77019e-05
4.13021e-07
4.06697e-05
1.37084e-06
4.31036e-05
2.46909e-06
4.51433e-05
3.50994e-06
4.68309e-05
4.36164e-06
4.81978e-05
4.9104e-06
4.92778e-05
5.08371e-06
5.01359e-05
4.79108e-06
5.08165e-05
4.08644e-06
-5.11788e-05
6.01586e-06
-5.52223e-05
4.04351e-06
-5.71057e-05
1.88337e-06
-5.72041e-05
9.83342e-08
-5.54791e-05
-1.72496e-06
-5.20377e-05
-3.44137e-06
-4.66156e-05
-5.42217e-06
-3.92493e-05
-7.3663e-06
-2.97439e-05
-9.50535e-06
-1.8338e-05
-1.1406e-05
-6.97823e-06
-1.13598e-05
-6.97825e-06
-4.66743e-05
7.68601e-06
-4.7508e-05
4.87724e-06
-4.78314e-05
2.20673e-06
-4.74344e-05
-2.98641e-07
-4.63606e-05
-2.79885e-06
-4.43309e-05
-5.47105e-06
-4.13391e-05
-8.41396e-06
-3.70059e-05
-1.16995e-05
-3.11683e-05
-1.5343e-05
-2.35175e-05
-1.90567e-05
-1.31079e-05
-2.17694e-05
-2.00862e-05
-3.66187e-05
8.25675e-06
-3.70804e-05
5.33896e-06
-3.73225e-05
2.44877e-06
-3.71529e-05
-4.68243e-07
-3.64172e-05
-3.5345e-06
-3.50458e-05
-6.84246e-06
-3.29338e-05
-1.05259e-05
-2.99499e-05
-1.46835e-05
-2.60067e-05
-1.92862e-05
-2.06249e-05
-2.44386e-05
-1.27856e-05
-2.96087e-05
-3.28718e-05
-2.72915e-05
8.2897e-06
-2.72687e-05
5.31613e-06
-2.71241e-05
2.30417e-06
-2.67835e-05
-8.08799e-07
-2.61853e-05
-4.13273e-06
-2.52553e-05
-7.77243e-06
-2.39002e-05
-1.18811e-05
-2.19908e-05
-1.65928e-05
-1.9311e-05
-2.19661e-05
-1.53687e-05
-2.83809e-05
-9.39966e-06
-3.55778e-05
-4.22715e-05
-1.74531e-05
8.06445e-06
-1.72897e-05
5.15273e-06
-1.71335e-05
2.1479e-06
-1.69275e-05
-1.01474e-06
-1.66273e-05
-4.43294e-06
-1.61815e-05
-8.21826e-06
-1.55308e-05
-1.25319e-05
-1.46105e-05
-1.75131e-05
-1.32155e-05
-2.33611e-05
-1.11224e-05
-3.0474e-05
-7.43969e-06
-3.92605e-05
-4.97112e-05
-8.01473e-06
7.67071e-06
-7.75968e-06
4.89767e-06
-7.60265e-06
1.99087e-06
-7.50869e-06
-1.1087e-06
-7.45341e-06
-4.48823e-06
-7.41402e-06
-8.25767e-06
-7.38472e-06
-1.25612e-05
-7.32591e-06
-1.75719e-05
-7.12115e-06
-2.35658e-05
-6.58409e-06
-3.10111e-05
-4.87578e-06
-4.09688e-05
-5.4587e-05
1.17824e-06
7.10937e-06
1.53801e-06
4.53789e-06
1.72407e-06
1.80479e-06
1.75232e-06
-1.13696e-06
1.6241e-06
-4.36002e-06
1.3276e-06
-7.96119e-06
8.35817e-07
-1.20694e-05
1.32355e-07
-1.68685e-05
-7.56776e-07
-2.26767e-05
-1.70751e-06
-3.00603e-05
-2.24774e-06
-4.04286e-05
-5.68347e-05
1.02836e-05
6.35608e-06
1.07825e-05
4.03903e-06
1.1047e-05
1.54028e-06
1.10793e-05
-1.1693e-06
1.0862e-05
-4.14273e-06
1.0354e-05
-7.45323e-06
9.48221e-06
-1.11976e-05
8.15399e-06
-1.55403e-05
6.27646e-06
-2.07992e-05
3.83524e-06
-2.76192e-05
1.22191e-06
-3.78153e-05
-5.56129e-05
1.95718e-05
5.42288e-06
2.02172e-05
3.39365e-06
2.05931e-05
1.16434e-06
2.06932e-05
-1.26934e-06
2.04858e-05
-3.93537e-06
1.9906e-05
-6.8735e-06
1.88317e-05
-1.01233e-05
1.70841e-05
-1.37927e-05
1.44173e-05
-1.81325e-05
1.05779e-05
-2.37798e-05
5.66905e-06
-3.29066e-05
-4.99439e-05
2.93708e-05
4.40775e-06
3.01051e-05
2.65925e-06
3.05798e-05
6.89726e-07
3.07839e-05
-1.47354e-06
3.06751e-05
-3.82659e-06
3.01694e-05
-6.36776e-06
2.9102e-05
-9.05598e-06
2.72166e-05
-1.19073e-05
2.41017e-05
-1.50177e-05
1.92521e-05
-1.89303e-05
1.18542e-05
-2.55088e-05
-3.80898e-05
3.99599e-05
3.49359e-06
4.06617e-05
1.95743e-06
4.11755e-05
1.75925e-07
4.14885e-05
-1.78657e-06
4.15487e-05
-3.88675e-06
4.12582e-05
-6.0773e-06
4.04253e-05
-8.22306e-06
3.87498e-05
-1.02318e-05
3.56847e-05
-1.19526e-05
3.04902e-05
-1.37359e-05
2.06398e-05
-1.56584e-05
-1.74501e-05
5.14275e-05
2.8826e-06
5.19659e-05
1.41907e-06
5.24576e-05
-3.15826e-07
5.28812e-05
-2.21011e-06
5.31693e-05
-4.17486e-06
5.32126e-05
-6.12062e-06
5.28172e-05
-7.82759e-06
5.17124e-05
-9.12705e-06
4.93755e-05
-9.61569e-06
4.48735e-05
-9.2339e-06
3.45542e-05
-5.33904e-06
1.7104e-05
5.21587e-06
-5.21589e-06
8.80697e-06
-3.59101e-06
1.15073e-05
-2.70037e-06
1.2964e-05
-1.45651e-06
1.30948e-05
-1.30895e-07
1.16202e-05
1.47479e-06
7.53856e-06
4.08147e-06
1.43992e-06
6.09862e-06
-1.10442e-05
1.2484e-05
-2.55356e-05
1.44915e-05
-3.65963e-05
1.10606e-05
8.56791e-06
-4.51642e-05
1.42308e-06
-6.63891e-06
3.68979e-06
-5.85766e-06
4.06165e-06
-3.07208e-06
2.5673e-06
3.798e-08
-1.16465e-06
3.6012e-06
-8.50997e-06
8.82015e-06
-1.9813e-05
1.53845e-05
-3.19924e-05
1.8278e-05
-3.82003e-05
1.86919e-05
-4.06652e-05
1.69563e-05
-4.30203e-05
1.34155e-05
1.05532e-05
-4.50056e-05
1.37476e-06
-8.01352e-06
1.19944e-06
-5.68217e-06
-9.4749e-07
-9.24984e-07
-5.82258e-06
4.91324e-06
-1.42122e-05
1.19909e-05
-2.37406e-05
1.83486e-05
-2.97641e-05
2.1408e-05
-3.29266e-05
2.14405e-05
-3.42319e-05
1.99971e-05
-3.46703e-05
1.73946e-05
-3.53969e-05
1.41421e-05
1.12059e-05
-3.60495e-05
-1.62966e-06
-6.38362e-06
-4.43362e-06
-2.87798e-06
-9.01586e-06
3.65748e-06
-1.54057e-05
1.13033e-05
-2.15729e-05
1.81582e-05
-2.54177e-05
2.21934e-05
-2.69827e-05
2.2973e-05
-2.73914e-05
2.18492e-05
-2.73261e-05
1.99318e-05
-2.71693e-05
1.72377e-05
-2.72156e-05
1.41884e-05
1.12502e-05
-2.726e-05
-3.59715e-06
-2.78608e-06
-8.41423e-06
1.93944e-06
-1.34613e-05
8.7048e-06
-1.7897e-05
1.57392e-05
-2.05686e-05
2.08299e-05
-2.12243e-05
2.28492e-05
-2.08377e-05
2.25864e-05
-2.01194e-05
2.11308e-05
-1.92238e-05
1.90362e-05
-1.84845e-05
1.64983e-05
-1.80126e-05
1.37165e-05
1.09171e-05
-1.76795e-05
-4.84698e-06
2.06172e-06
-9.80711e-06
6.89996e-06
-1.37062e-05
1.26042e-05
-1.58265e-05
1.78598e-05
-1.60498e-05
2.10533e-05
-1.50716e-05
2.18712e-05
-1.36572e-05
2.11719e-05
-1.21948e-05
1.96685e-05
-1.08592e-05
1.77005e-05
-9.7758e-06
1.5415e-05
-8.98291e-06
1.29235e-05
1.03433e-05
-8.40916e-06
-5.28523e-06
7.34729e-06
-9.48608e-06
1.11012e-05
-1.1817e-05
1.49353e-05
-1.2016e-05
1.8059e-05
-1.063e-05
1.96674e-05
-8.56943e-06
1.98107e-05
-6.4074e-06
1.90099e-05
-4.40124e-06
1.76623e-05
-2.66699e-06
1.59662e-05
-1.25952e-06
1.40075e-05
-1.82016e-07
1.1846e-05
9.54465e-06
6.16626e-07
-5.29965e-06
1.26472e-05
-8.39712e-06
1.41987e-05
-9.06898e-06
1.56074e-05
-7.67984e-06
1.66699e-05
-5.11379e-06
1.71015e-05
-2.18402e-06
1.6881e-05
6.54613e-07
1.61713e-05
3.19536e-06
1.51216e-05
5.35575e-06
1.38058e-05
7.11408e-06
1.22491e-05
8.48938e-06
1.04707e-05
8.50359e-06
9.53043e-06
-4.6923e-06
1.73396e-05
-6.50865e-06
1.60152e-05
-5.43702e-06
1.45357e-05
-2.64894e-06
1.38819e-05
9.50679e-07
1.35019e-05
4.66356e-06
1.31682e-05
8.11234e-06
1.27226e-05
1.11346e-05
1.20993e-05
1.36785e-05
1.12619e-05
1.5748e-05
1.01796e-05
1.73831e-05
8.8356e-06
7.24775e-06
1.86389e-05
-4.05805e-06
2.13977e-05
-3.10138e-06
1.50585e-05
4.69413e-07
1.0965e-05
4.75321e-06
9.59808e-06
9.23566e-06
9.01946e-06
1.34791e-05
8.92471e-06
1.72504e-05
8.95122e-06
2.04727e-05
8.877e-06
2.3147e-05
8.5876e-06
2.53104e-05
8.01623e-06
2.70257e-05
7.1203e-06
5.91747e-06
2.83559e-05
6.22147e-07
2.07755e-05
6.14169e-06
9.53895e-06
1.20042e-05
5.10237e-06
1.73343e-05
4.26803e-06
2.20147e-05
4.33899e-06
2.60358e-05
4.90359e-06
2.94367e-05
5.55036e-06
3.22637e-05
6.05002e-06
3.45731e-05
6.27811e-06
3.64251e-05
6.16428e-06
3.78957e-05
5.64966e-06
4.7673e-06
3.90459e-05
2.0468e-05
3.07495e-07
2.87801e-05
1.22678e-06
3.3846e-05
3.65357e-08
3.77006e-05
4.13342e-07
4.06683e-05
1.37126e-06
4.31022e-05
2.46962e-06
4.51421e-05
3.51054e-06
4.68298e-05
4.36223e-06
4.8197e-05
4.9109e-06
4.92772e-05
5.08408e-06
5.01356e-05
4.7913e-06
5.08164e-05
4.0865e-06
-5.11805e-05
6.01624e-06
-5.52243e-05
4.04374e-06
-5.71077e-05
1.88344e-06
-5.72061e-05
9.83344e-08
-5.5481e-05
-1.72505e-06
-5.20395e-05
-3.44151e-06
-4.66172e-05
-5.42235e-06
-3.92507e-05
-7.36651e-06
-2.97451e-05
-9.50561e-06
-1.83389e-05
-1.14062e-05
-6.97878e-06
-1.13602e-05
-6.9788e-06
-4.6676e-05
7.68655e-06
-4.75097e-05
4.87751e-06
-4.78331e-05
2.20682e-06
-4.74361e-05
-2.98696e-07
-4.63622e-05
-2.79903e-06
-4.43323e-05
-5.47132e-06
-4.13404e-05
-8.41432e-06
-3.7007e-05
-1.16999e-05
-3.11691e-05
-1.53435e-05
-2.35181e-05
-1.90573e-05
-1.31083e-05
-2.177e-05
-2.00871e-05
-3.66203e-05
8.25725e-06
-3.7082e-05
5.3392e-06
-3.7324e-05
2.44881e-06
-3.71543e-05
-4.68386e-07
-3.64185e-05
-3.5348e-06
-3.5047e-05
-6.8429e-06
-3.29348e-05
-1.05265e-05
-2.99507e-05
-1.46841e-05
-2.60073e-05
-1.92869e-05
-2.06252e-05
-2.44394e-05
-1.27857e-05
-2.96095e-05
-3.28728e-05
-2.72929e-05
8.29013e-06
-2.727e-05
5.31631e-06
-2.71253e-05
2.30412e-06
-2.67847e-05
-8.09043e-07
-2.61863e-05
-4.13314e-06
-2.52563e-05
-7.773e-06
-2.39009e-05
-1.18818e-05
-2.19914e-05
-1.65936e-05
-1.93114e-05
-2.19669e-05
-1.5369e-05
-2.83818e-05
-9.39983e-06
-3.55788e-05
-4.22726e-05
-1.74542e-05
8.06482e-06
-1.72907e-05
5.15284e-06
-1.71344e-05
2.14778e-06
-1.69284e-05
-1.01507e-06
-1.66281e-05
-4.43344e-06
-1.61822e-05
-8.21893e-06
-1.55314e-05
-1.25327e-05
-1.4611e-05
-1.7514e-05
-1.32158e-05
-2.33621e-05
-1.11226e-05
-3.04751e-05
-7.43973e-06
-3.92616e-05
-4.97124e-05
-8.0154e-06
7.67103e-06
-7.7603e-06
4.89774e-06
-7.60325e-06
1.9907e-06
-7.50924e-06
-1.10907e-06
-7.45392e-06
-4.48879e-06
-7.41445e-06
-8.2584e-06
-7.3851e-06
-1.2562e-05
-7.32619e-06
-1.75729e-05
-7.12137e-06
-2.35669e-05
-6.58418e-06
-3.10122e-05
-4.87584e-06
-4.097e-05
-5.45882e-05
1.17798e-06
7.10966e-06
1.53775e-06
4.53794e-06
1.72383e-06
1.80461e-06
1.75208e-06
-1.13735e-06
1.62388e-06
-4.36061e-06
1.3274e-06
-7.96195e-06
8.3566e-07
-1.20703e-05
1.32234e-07
-1.68695e-05
-7.56824e-07
-2.26779e-05
-1.70752e-06
-3.00616e-05
-2.24769e-06
-4.04298e-05
-5.68359e-05
1.02837e-05
6.35637e-06
1.07825e-05
4.03908e-06
1.1047e-05
1.5401e-06
1.10793e-05
-1.16969e-06
1.0862e-05
-4.14331e-06
1.0354e-05
-7.45399e-06
9.48225e-06
-1.11986e-05
8.15404e-06
-1.55414e-05
6.27652e-06
-2.08004e-05
3.83534e-06
-2.76204e-05
1.22198e-06
-3.78165e-05
-5.5614e-05
1.95721e-05
5.42315e-06
2.02175e-05
3.39369e-06
2.05934e-05
1.16416e-06
2.06934e-05
-1.26972e-06
2.0486e-05
-3.93594e-06
1.99063e-05
-6.87425e-06
1.88319e-05
-1.01242e-05
1.70843e-05
-1.37938e-05
1.44175e-05
-1.81337e-05
1.05781e-05
-2.37811e-05
5.66918e-06
-3.29078e-05
-4.99449e-05
2.93711e-05
4.40796e-06
3.01055e-05
2.65925e-06
3.05802e-05
6.89531e-07
3.07844e-05
-1.47393e-06
3.06755e-05
-3.82715e-06
3.01698e-05
-6.3685e-06
2.91024e-05
-9.05687e-06
2.72169e-05
-1.19083e-05
2.41019e-05
-1.50188e-05
1.92523e-05
-1.89315e-05
1.18544e-05
-2.55099e-05
-3.80907e-05
3.99602e-05
3.49368e-06
4.06621e-05
1.95736e-06
4.11759e-05
1.7567e-07
4.1489e-05
-1.787e-06
4.15492e-05
-3.88733e-06
4.12587e-05
-6.07803e-06
4.04257e-05
-8.22393e-06
3.87502e-05
-1.02328e-05
3.5685e-05
-1.19537e-05
3.04905e-05
-1.3737e-05
2.06399e-05
-1.56595e-05
-1.74508e-05
5.14276e-05
2.88251e-06
5.19661e-05
1.41885e-06
5.2458e-05
-3.16193e-07
5.28816e-05
-2.21061e-06
5.31698e-05
-4.17549e-06
5.32131e-05
-6.12136e-06
5.28176e-05
-7.82844e-06
5.17128e-05
-9.128e-06
4.93759e-05
-9.61672e-06
4.48738e-05
-9.23497e-06
3.45543e-05
-5.34001e-06
1.71034e-05
6.55522e-05
4.03826e-06
-6.92836e-05
6.49118e-05
1.8664e-06
6.36141e-05
1.3333e-06
6.29013e-05
1.12525e-06
6.26833e-05
1.5885e-06
6.2754e-05
2.3984e-06
6.2942e-05
3.32212e-06
6.31288e-05
4.17532e-06
6.32525e-05
4.78742e-06
6.32986e-05
5.0384e-06
6.33196e-05
4.77097e-06
4.05454e-06
6.33523e-05
8.40517e-05
3.13307e-06
-8.31466e-05
8.37489e-05
2.16914e-06
8.31102e-05
1.972e-06
8.22743e-05
1.9611e-06
8.1448e-05
2.41473e-06
8.06478e-05
3.19859e-06
7.98436e-05
4.12624e-06
7.90072e-05
5.01176e-06
7.81396e-05
5.65504e-06
7.7281e-05
5.89698e-06
7.65361e-05
5.51585e-06
4.59313e-06
7.59975e-05
9.69681e-05
2.09957e-06
-9.59347e-05
9.73096e-05
1.82754e-06
9.72772e-05
2.00441e-06
9.68737e-05
2.36451e-06
9.61844e-05
3.10397e-06
9.52489e-05
4.13404e-06
9.40961e-05
5.27907e-06
9.27719e-05
6.33597e-06
9.13578e-05
7.06905e-06
8.99884e-05
7.26638e-06
8.88516e-05
6.65266e-06
5.26941e-06
8.81753e-05
0.000108733
-0.000108091
1.457e-06
0.000109024
1.5366e-06
0.000108978
2.05058e-06
0.000108553
2.78993e-06
0.00010776
3.89684e-06
0.000106638
5.25541e-06
0.000105252
6.66504e-06
0.000103708
7.88047e-06
0.000102163
8.61412e-06
0.00010085
8.57942e-06
0.000100037
7.46478e-06
0.000100168
5.13865e-06
6.3562e-05
2.67376e-06
6.38988e-05
1.083e-06
6.43856e-05
-8.01961e-07
6.49715e-05
-2.7956e-06
6.55586e-05
-4.76158e-06
6.60113e-05
-6.57316e-06
6.61511e-05
-7.96753e-06
6.57761e-05
-8.75234e-06
6.46661e-05
-8.50619e-06
6.25747e-05
-7.1431e-06
6.09471e-05
-3.71217e-06
8.76728e-06
6.92829e-05
7.59547e-05
2.71662e-06
7.62602e-05
7.77476e-07
7.69129e-05
-1.45458e-06
7.77968e-05
-3.67951e-06
7.87673e-05
-5.73205e-06
7.96431e-05
-7.44895e-06
8.02403e-05
-8.5647e-06
8.03714e-05
-8.88344e-06
7.99792e-05
-8.11395e-06
7.89582e-05
-6.12205e-06
7.86922e-05
-3.44616e-06
4.31321e-06
8.31463e-05
8.83929e-05
2.49908e-06
8.90879e-05
8.25537e-08
9.02023e-05
-2.56894e-06
9.15294e-05
-5.00655e-06
9.28846e-05
-7.08726e-06
9.40551e-05
-8.61943e-06
9.48692e-05
-9.37876e-06
9.51562e-05
-9.17043e-06
9.49389e-05
-7.89663e-06
9.42297e-05
-5.41278e-06
9.37614e-05
-2.97789e-06
2.13998e-06
9.59346e-05
0.00010154
1.1269e-06
0.00010307
-1.44714e-06
0.000104766
-4.26457e-06
0.000106408
-6.64842e-06
0.00010784
-8.5199e-06
0.000108893
-9.67238e-06
0.000109462
-9.94724e-06
0.000109457
-9.16581e-06
0.000108968
-7.40758e-06
0.000108176
-4.62042e-06
0.000107331
-2.13321e-06
0.000108091
1.38024e-06
6.55515e-05
4.03864e-06
6.4911e-05
1.86688e-06
6.36132e-05
1.33372e-06
6.29005e-05
1.12562e-06
6.26825e-05
1.58879e-06
6.27533e-05
2.39859e-06
6.29416e-05
3.32222e-06
6.31286e-05
4.17529e-06
6.32525e-05
4.78724e-06
6.32988e-05
5.03806e-06
6.33199e-05
4.77051e-06
4.05397e-06
6.33529e-05
8.40513e-05
3.13362e-06
8.37483e-05
2.16976e-06
8.31095e-05
1.97254e-06
8.22735e-05
1.9615e-06
8.14473e-05
2.41497e-06
8.06472e-05
3.19867e-06
7.98432e-05
4.12618e-06
7.9007e-05
5.01153e-06
7.81395e-05
5.65465e-06
7.72811e-05
5.89644e-06
7.65365e-05
5.51522e-06
4.59244e-06
7.5998e-05
9.69679e-05
2.10035e-06
9.73093e-05
1.82833e-06
9.72767e-05
2.00502e-06
9.68733e-05
2.36493e-06
9.6184e-05
3.10418e-06
9.52486e-05
4.13404e-06
9.40959e-05
5.27887e-06
9.27718e-05
6.33559e-06
9.13579e-05
7.06851e-06
8.99886e-05
7.26569e-06
8.8852e-05
6.6519e-06
5.26861e-06
8.81758e-05
0.000108733
1.45802e-06
0.000109024
1.53751e-06
0.000108978
2.05122e-06
0.000108552
2.79031e-06
0.00010776
3.89698e-06
0.000106638
5.25532e-06
0.000105252
6.66474e-06
0.000103708
7.87998e-06
0.000102163
8.61346e-06
0.00010085
8.57863e-06
0.000100038
7.46392e-06
0.000100169
5.13784e-06
6.35626e-05
2.67316e-06
6.38995e-05
1.0824e-06
6.43863e-05
-8.02556e-07
6.49722e-05
-2.79618e-06
6.55593e-05
-4.76215e-06
6.60119e-05
-6.57373e-06
6.61518e-05
-7.96812e-06
6.57767e-05
-8.75296e-06
6.46667e-05
-8.50686e-06
6.25753e-05
-7.14382e-06
6.09477e-05
-3.71288e-06
8.76661e-06
6.92837e-05
7.59553e-05
2.71594e-06
7.62609e-05
7.76857e-07
7.69135e-05
-1.45515e-06
7.77974e-05
-3.68006e-06
7.87679e-05
-5.73258e-06
7.96436e-05
-7.44948e-06
8.02408e-05
-8.56526e-06
8.03719e-05
-8.88406e-06
7.99797e-05
-8.11463e-06
7.89588e-05
-6.12282e-06
7.86928e-05
-3.44695e-06
4.31242e-06
8.3147e-05
8.83935e-05
2.49838e-06
8.90884e-05
8.1978e-08
9.02028e-05
-2.56945e-06
9.15298e-05
-5.00703e-06
9.2885e-05
-7.08775e-06
9.40555e-05
-8.61994e-06
9.48696e-05
-9.37933e-06
9.51566e-05
-9.17108e-06
9.49394e-05
-7.89737e-06
9.42302e-05
-5.41363e-06
9.37621e-05
-2.97879e-06
2.13906e-06
9.59354e-05
0.000101541
1.1263e-06
0.000103071
-1.44762e-06
0.000104766
-4.26499e-06
0.000106408
-6.64885e-06
0.000107841
-8.52037e-06
0.000108894
-9.67291e-06
0.000109462
-9.94786e-06
0.000109458
-9.16653e-06
0.000108969
-7.40841e-06
0.000108177
-4.62137e-06
0.000107332
-2.13422e-06
0.000108092
1.37921e-06
6.55523e-05
4.03795e-06
6.49121e-05
1.86647e-06
6.36148e-05
1.33349e-06
6.29023e-05
1.1254e-06
6.26846e-05
1.5885e-06
6.27555e-05
2.3982e-06
6.29437e-05
3.32173e-06
6.31305e-05
4.17477e-06
6.32541e-05
4.78677e-06
6.33002e-05
5.03769e-06
6.3321e-05
4.77024e-06
4.05383e-06
6.33536e-05
8.40521e-05
3.13281e-06
8.37493e-05
2.16914e-06
8.31107e-05
1.97202e-06
8.22751e-05
1.961e-06
8.14491e-05
2.41447e-06
8.06491e-05
3.19815e-06
7.98451e-05
4.12567e-06
7.90087e-05
5.01111e-06
7.81411e-05
5.65438e-06
7.72825e-05
5.89634e-06
7.65375e-05
5.51525e-06
4.59259e-06
7.59987e-05
9.69687e-05
2.09945e-06
9.73102e-05
1.82756e-06
9.72778e-05
2.00434e-06
9.68745e-05
2.36427e-06
9.61854e-05
3.10353e-06
9.52501e-05
4.13344e-06
9.40974e-05
5.27837e-06
9.27732e-05
6.33528e-06
9.13591e-05
7.06843e-06
8.99896e-05
7.26585e-06
8.88526e-05
6.65222e-06
5.26903e-06
8.81762e-05
0.000108734
1.45705e-06
0.000109025
1.53666e-06
0.000108979
2.05046e-06
0.000108553
2.78959e-06
0.000107761
3.8963e-06
0.000106639
5.25473e-06
0.000105253
6.66432e-06
0.000103709
7.87984e-06
0.000102163
8.61365e-06
0.00010085
8.5791e-06
0.000100038
7.46454e-06
0.000100169
5.13841e-06
6.35631e-05
2.67309e-06
6.38998e-05
1.08241e-06
6.43865e-05
-8.02443e-07
6.49723e-05
-2.79595e-06
6.55593e-05
-4.76178e-06
6.60119e-05
-6.57318e-06
6.61517e-05
-7.96735e-06
6.57766e-05
-8.75193e-06
6.46665e-05
-8.50559e-06
6.2575e-05
-7.14243e-06
6.09474e-05
-3.71139e-06
8.7681e-06
6.92833e-05
7.59557e-05
2.71609e-06
7.62611e-05
7.7702e-07
7.69137e-05
-1.45493e-06
7.77975e-05
-3.67974e-06
7.87679e-05
-5.73212e-06
7.96435e-05
-7.44883e-06
8.02406e-05
-8.56437e-06
8.03716e-05
-8.8829e-06
7.99792e-05
-8.11323e-06
7.89581e-05
-6.12134e-06
7.86922e-05
-3.4454e-06
4.31396e-06
8.31463e-05
8.83936e-05
2.49866e-06
8.90885e-05
8.22096e-08
9.02028e-05
-2.56917e-06
9.15297e-05
-5.00663e-06
9.28848e-05
-7.08717e-06
9.40551e-05
-8.61913e-06
9.4869e-05
-9.37825e-06
9.51559e-05
-9.16973e-06
9.49385e-05
-7.8958e-06
9.42292e-05
-5.41204e-06
9.3761e-05
-2.9772e-06
2.14062e-06
9.59343e-05
0.000101541
1.12654e-06
0.00010307
-1.44738e-06
0.000104766
-4.26466e-06
0.000106408
-6.64834e-06
0.00010784
-8.51963e-06
0.000108893
-9.67191e-06
0.000109461
-9.94657e-06
0.000109456
-9.165e-06
0.000108967
-7.40672e-06
0.000108175
-4.61971e-06
0.000107331
-2.13264e-06
0.00010809
1.38073e-06
6.55517e-05
4.03911e-06
6.49111e-05
1.86733e-06
6.36134e-05
1.33415e-06
6.29007e-05
1.12599e-06
6.26829e-05
1.58907e-06
6.27537e-05
2.39877e-06
6.29419e-05
3.32225e-06
6.3129e-05
4.17519e-06
6.32528e-05
4.78704e-06
6.32991e-05
5.03777e-06
6.33203e-05
4.77016e-06
4.05358e-06
6.33532e-05
8.40512e-05
3.13417e-06
8.37482e-05
2.17028e-06
8.31093e-05
1.973e-06
8.22734e-05
1.96188e-06
8.14472e-05
2.41526e-06
8.06471e-05
3.19884e-06
7.98431e-05
4.1262e-06
7.90069e-05
5.01142e-06
7.81395e-05
5.65442e-06
7.72811e-05
5.89611e-06
7.65365e-05
5.51481e-06
4.59196e-06
7.59982e-05
9.69675e-05
2.1009e-06
9.73089e-05
1.82887e-06
9.72764e-05
2.00552e-06
9.68729e-05
2.36536e-06
9.61836e-05
3.1045e-06
9.52481e-05
4.13423e-06
9.40954e-05
5.2789e-06
9.27713e-05
6.33546e-06
9.13575e-05
7.06821e-06
8.99884e-05
7.26526e-06
8.88518e-05
6.65135e-06
5.26796e-06
8.81759e-05
0.000108733
1.45852e-06
0.000109024
1.53803e-06
0.000108977
2.05173e-06
0.000108552
2.79076e-06
0.000107759
3.89732e-06
0.000106638
5.25551e-06
0.000105252
6.66474e-06
0.000103707
7.87977e-06
0.000102163
8.61306e-06
0.00010085
8.57806e-06
0.000100038
7.46321e-06
0.000100169
5.13704e-06
6.3563e-05
2.67274e-06
6.38999e-05
1.08198e-06
6.43867e-05
-8.02967e-07
6.49727e-05
-2.79656e-06
6.55597e-05
-4.76247e-06
6.60123e-05
-6.57395e-06
6.61521e-05
-7.96819e-06
6.5777e-05
-8.75285e-06
6.46668e-05
-8.50655e-06
6.25753e-05
-7.1434e-06
6.09475e-05
-3.71231e-06
8.7673e-06
7.59555e-05
2.71542e-06
7.62612e-05
7.76344e-07
7.69139e-05
-1.45563e-06
7.77978e-05
-3.68046e-06
7.87683e-05
-5.73287e-06
7.9644e-05
-7.44962e-06
8.0241e-05
-8.5652e-06
8.03719e-05
-8.88378e-06
7.99795e-05
-8.11413e-06
7.89584e-05
-6.12224e-06
7.86924e-05
-3.44627e-06
4.31308e-06
8.83936e-05
2.4977e-06
8.90887e-05
8.13621e-08
9.02031e-05
-2.56997e-06
9.15301e-05
-5.00741e-06
9.28852e-05
-7.08795e-06
9.40556e-05
-8.61992e-06
9.48694e-05
-9.37907e-06
9.51563e-05
-9.17058e-06
9.49388e-05
-7.89666e-06
9.42295e-05
-5.41287e-06
9.37612e-05
-2.97802e-06
2.13964e-06
0.000101541
1.12551e-06
0.000103071
-1.44825e-06
0.000104766
-4.26544e-06
0.000106408
-6.64909e-06
0.000107841
-8.52039e-06
0.000108893
-9.67268e-06
0.000109462
-9.94737e-06
0.000109457
-9.16582e-06
0.000108968
-7.40753e-06
0.000108175
-4.62048e-06
0.000107331
-2.13344e-06
1.3796e-06
-4.02235e-05
1.33557e-06
4.03449e-05
-4.058e-05
1.89307e-06
-4.13264e-05
2.79685e-06
-4.24656e-05
3.92904e-06
-4.39126e-05
5.34378e-06
-4.55239e-05
6.86664e-06
-4.71112e-05
8.25232e-06
-4.84418e-05
9.21105e-06
-4.92549e-05
9.42718e-06
-4.92843e-05
8.60877e-06
-4.83115e-05
6.49194e-06
2.98366e-06
-4.61565e-05
-3.58815e-05
1.71936e-06
3.54976e-05
-3.67035e-05
2.71503e-06
-3.78871e-05
3.98038e-06
-3.93877e-05
5.42959e-06
-4.10607e-05
7.01674e-06
-4.27059e-05
8.51179e-06
-4.40831e-05
9.62951e-06
-4.49312e-05
1.00591e-05
-4.50208e-05
9.51674e-06
-4.42095e-05
7.79741e-06
-4.24423e-05
4.72477e-06
2.09666e-07
-3.96683e-05
-3.17483e-05
2.40739e-06
3.10602e-05
-3.28081e-05
3.7748e-06
-3.4165e-05
5.33722e-06
-3.57372e-05
7.00164e-06
-3.73536e-05
8.63317e-06
-3.87934e-05
9.95149e-06
-3.98087e-05
1.06448e-05
-4.01638e-05
1.04142e-05
-3.96985e-05
9.05136e-06
-3.84087e-05
6.5076e-06
-3.6455e-05
2.77104e-06
-2.39048e-06
-3.38549e-05
-2.76808e-05
2.6879e-05
3.20909e-06
-2.8774e-05
4.86801e-06
-3.00838e-05
6.64689e-06
-3.15074e-05
8.4252e-06
-3.28686e-05
9.99434e-06
-3.3946e-05
1.10289e-05
-3.44953e-05
1.11941e-05
-3.42905e-05
1.02094e-05
-3.31872e-05
7.94807e-06
-3.12419e-05
4.56235e-06
-2.87934e-05
3.22529e-07
-2.79667e-05
-3.21722e-06
-4.31017e-05
-1.92787e-06
-4.11666e-05
-3.38215e-06
-3.95666e-05
-5.86457e-06
-3.83541e-05
-7.86078e-06
-3.76159e-05
-9.2581e-06
-3.73913e-05
-9.89695e-06
-3.7669e-05
-9.66947e-06
-3.83548e-05
-8.48005e-06
-3.92883e-05
-6.47409e-06
-4.0109e-05
-3.79964e-06
-4.07335e-05
-1.50876e-06
9.91659e-07
-4.03449e-05
-3.58538e-05
-5.74235e-06
-3.39703e-05
-5.26562e-06
-3.27501e-05
-7.08479e-06
-3.19719e-05
-8.63893e-06
-3.16858e-05
-9.54421e-06
-3.1873e-05
-9.70973e-06
-3.24653e-05
-9.07711e-06
-3.33179e-05
-7.62748e-06
-3.42447e-05
-5.54724e-06
-3.49702e-05
-3.0742e-06
-3.54777e-05
-1.00123e-06
1.01154e-06
-3.54976e-05
-2.95229e-05
-1.00744e-05
-2.79992e-05
-6.78928e-06
-2.726e-05
-7.82392e-06
-2.68738e-05
-9.02518e-06
-2.6879e-05
-9.53894e-06
-2.72567e-05
-9.33206e-06
-2.79313e-05
-8.40241e-06
-2.8763e-05
-6.79576e-06
-2.95915e-05
-4.71874e-06
-3.0237e-05
-2.42877e-06
-3.07411e-05
-4.97131e-07
1.33062e-06
-3.10602e-05
-2.31341e-05
-1.49068e-05
-2.25632e-05
-7.36016e-06
-2.24795e-05
-7.90764e-06
-2.24933e-05
-9.01142e-06
-2.27113e-05
-9.32092e-06
-2.31728e-05
-8.8705e-06
-2.38315e-05
-7.74372e-06
-2.45794e-05
-6.04791e-06
-2.52973e-05
-4.00079e-06
-2.58793e-05
-1.84682e-06
-2.63947e-05
1.82695e-08
-2.68789e-05
1.81477e-06
-4.02236e-05
1.33671e-06
-4.05801e-05
1.89391e-06
-4.13263e-05
2.79739e-06
-4.24653e-05
3.92931e-06
-4.39122e-05
5.34382e-06
-4.55234e-05
6.86646e-06
-4.71107e-05
8.25196e-06
-4.84413e-05
9.21051e-06
-4.92543e-05
9.42648e-06
-4.92837e-05
8.60797e-06
-4.83109e-05
6.49114e-06
2.98299e-06
-4.61561e-05
-3.58814e-05
1.72051e-06
-3.67033e-05
2.71571e-06
-3.78867e-05
3.98075e-06
-3.93871e-05
5.42973e-06
-4.10601e-05
7.0167e-06
-4.27052e-05
8.51158e-06
-4.40824e-05
9.62914e-06
-4.49306e-05
1.00586e-05
-4.50202e-05
9.51608e-06
-4.42089e-05
7.79667e-06
-4.24419e-05
4.72404e-06
2.09147e-07
-3.96679e-05
-3.17482e-05
2.40849e-06
-3.28077e-05
3.77527e-06
-3.41644e-05
5.33741e-06
-3.57364e-05
7.00166e-06
-3.73528e-05
8.63307e-06
-3.87926e-05
9.95128e-06
-3.98079e-05
1.06444e-05
-4.01631e-05
1.04138e-05
-3.96979e-05
9.05078e-06
-3.84082e-05
6.50691e-06
-3.64545e-05
2.77035e-06
-2.391e-06
-3.38544e-05
-2.76805e-05
3.21007e-06
-2.87735e-05
4.86828e-06
-3.0083e-05
6.6469e-06
-3.15065e-05
8.42511e-06
-3.28677e-05
9.9942e-06
-3.39451e-05
1.10287e-05
-3.44946e-05
1.11939e-05
-3.42899e-05
1.02091e-05
-3.31867e-05
7.9476e-06
-3.12415e-05
4.56173e-06
-2.8793e-05
3.21809e-07
-2.7966e-05
-3.21796e-06
-4.31015e-05
-1.92823e-06
-4.11665e-05
-3.38253e-06
-3.95664e-05
-5.86498e-06
-3.83539e-05
-7.86126e-06
-3.76156e-05
-9.25865e-06
-3.73909e-05
-9.89759e-06
-3.76685e-05
-9.6702e-06
-3.83541e-05
-8.48088e-06
-3.92875e-05
-6.47501e-06
-4.01082e-05
-3.80065e-06
-4.07326e-05
-1.50982e-06
9.9061e-07
-4.0344e-05
-3.58536e-05
-5.74248e-06
-3.39701e-05
-5.26595e-06
-3.27498e-05
-7.08525e-06
-3.19716e-05
-8.6395e-06
-3.16853e-05
-9.54488e-06
-3.18724e-05
-9.71048e-06
-3.24647e-05
-9.07794e-06
-3.33172e-05
-7.62839e-06
-3.42439e-05
-5.54821e-06
-3.49694e-05
-3.07523e-06
-3.54769e-05
-1.00227e-06
1.01054e-06
-3.54969e-05
-2.95226e-05
-1.00742e-05
-2.7999e-05
-6.78958e-06
-2.72597e-05
-7.82445e-06
-2.68734e-05
-9.02586e-06
-2.68785e-05
-9.53972e-06
-2.7256e-05
-9.33291e-06
-2.79306e-05
-8.40332e-06
-2.87623e-05
-6.79672e-06
-2.95908e-05
-4.71973e-06
-3.02362e-05
-2.42977e-06
-3.07404e-05
-4.98113e-07
1.32972e-06
-3.10596e-05
-2.31339e-05
-1.49063e-05
-2.2563e-05
-7.3605e-06
-2.24792e-05
-7.90826e-06
-2.24928e-05
-9.01219e-06
-2.27108e-05
-9.32179e-06
-2.31722e-05
-8.87143e-06
-2.38309e-05
-7.74469e-06
-2.45787e-05
-6.04888e-06
-2.52967e-05
-4.00175e-06
-2.58787e-05
-1.84776e-06
-2.63942e-05
1.73975e-08
-2.68785e-05
1.81401e-06
-4.02228e-05
1.33575e-06
-4.05793e-05
1.89306e-06
-4.13255e-05
2.79664e-06
-4.24646e-05
3.92865e-06
-4.39117e-05
5.34326e-06
-4.55231e-05
6.86608e-06
-4.71106e-05
8.25183e-06
-4.84416e-05
9.21072e-06
-4.9255e-05
9.42704e-06
-4.92846e-05
8.60873e-06
-4.8312e-05
6.4919e-06
2.98352e-06
-4.61572e-05
-3.58808e-05
1.71962e-06
-3.67027e-05
2.71495e-06
-3.78863e-05
3.98012e-06
-3.93869e-05
5.42924e-06
-4.10601e-05
7.0164e-06
-4.27056e-05
8.51153e-06
-4.40832e-05
9.62941e-06
-4.49317e-05
1.00592e-05
-4.50217e-05
9.51696e-06
-4.42106e-05
7.79763e-06
-4.24436e-05
4.72488e-06
2.09555e-07
-3.96696e-05
-3.17477e-05
2.40772e-06
-3.28075e-05
3.77467e-06
-3.41644e-05
5.33698e-06
-3.57367e-05
7.00143e-06
-3.73534e-05
8.6331e-06
-3.87935e-05
9.95161e-06
-3.98093e-05
1.06451e-05
-4.01649e-05
1.04147e-05
-3.96998e-05
9.05192e-06
-3.84103e-05
6.50802e-06
-3.64566e-05
2.77123e-06
-2.39062e-06
-3.38565e-05
-2.76803e-05
3.20948e-06
-2.87736e-05
4.86788e-06
-3.00834e-05
6.64673e-06
-3.15071e-05
8.42519e-06
-3.28687e-05
9.99458e-06
-3.39465e-05
1.10294e-05
-3.44963e-05
1.11949e-05
-3.42918e-05
1.02103e-05
-3.31888e-05
7.94888e-06
-3.12436e-05
4.56288e-06
-2.87951e-05
3.22711e-07
-2.79684e-05
-3.21734e-06
-4.31024e-05
-1.9282e-06
-4.11674e-05
-3.38227e-06
-3.95675e-05
-5.86453e-06
-3.83552e-05
-7.8606e-06
-3.7617e-05
-9.25777e-06
-3.73924e-05
-9.89647e-06
-3.76701e-05
-9.66883e-06
-3.83558e-05
-8.47931e-06
-3.92891e-05
-6.47334e-06
-4.01098e-05
-3.79904e-06
-4.07341e-05
-1.5083e-06
9.9208e-07
-4.03455e-05
-3.5855e-05
-5.74277e-06
-3.39716e-05
-5.2657e-06
-3.27514e-05
-7.08469e-06
-3.19732e-05
-8.63874e-06
-3.16871e-05
-9.54392e-06
-3.18742e-05
-9.70932e-06
-3.24664e-05
-9.07658e-06
-3.33188e-05
-7.62688e-06
-3.42455e-05
-5.54664e-06
-3.49709e-05
-3.07372e-06
-3.54783e-05
-1.00086e-06
1.01189e-06
-3.54981e-05
-2.95243e-05
-1.0075e-05
-2.80006e-05
-6.78938e-06
-2.72615e-05
-7.8238e-06
-2.68751e-05
-9.02503e-06
-2.68803e-05
-9.53874e-06
-2.72578e-05
-9.33178e-06
-2.79323e-05
-8.40203e-06
-2.87639e-05
-6.79532e-06
-2.95922e-05
-4.7183e-06
-3.02375e-05
-2.42841e-06
-3.07415e-05
-4.96849e-07
1.33088e-06
-3.10606e-05
-2.31355e-05
-1.49078e-05
-2.25646e-05
-7.36026e-06
-2.24809e-05
-7.90754e-06
-2.24945e-05
-9.01133e-06
-2.27125e-05
-9.32083e-06
-2.31739e-05
-8.87037e-06
-2.38324e-05
-7.74351e-06
-2.45801e-05
-6.04763e-06
-2.52979e-05
-4.00049e-06
-2.58797e-05
-1.84658e-06
-2.6395e-05
1.84589e-08
-2.68791e-05
1.81494e-06
-4.02242e-05
1.33716e-06
-4.05805e-05
1.89437e-06
-4.13267e-05
2.79784e-06
-4.24657e-05
3.92971e-06
-4.39125e-05
5.3441e-06
-4.55237e-05
6.86658e-06
-4.71109e-05
8.25189e-06
-4.84414e-05
9.21022e-06
-4.92543e-05
9.42599e-06
-4.92836e-05
8.60732e-06
-4.83108e-05
6.49039e-06
2.9822e-06
-4.6156e-05
-3.58819e-05
1.72087e-06
-3.67036e-05
2.71607e-06
-3.78869e-05
3.98109e-06
-3.93873e-05
5.43002e-06
-4.10601e-05
7.01688e-06
-4.27052e-05
8.5116e-06
-4.40823e-05
9.62898e-06
-4.49304e-05
1.00583e-05
-4.502e-05
9.51558e-06
-4.42087e-05
7.79604e-06
-4.24417e-05
4.72334e-06
2.0848e-07
-3.96679e-05
-3.17484e-05
2.40875e-06
-3.28079e-05
3.77551e-06
-3.41645e-05
5.33763e-06
-3.57363e-05
7.00183e-06
-3.73526e-05
8.63314e-06
-3.87923e-05
9.95122e-06
-3.98076e-05
1.06442e-05
-4.01628e-05
1.04134e-05
-3.96976e-05
9.05032e-06
-3.8408e-05
6.50636e-06
-3.64544e-05
2.76977e-06
-2.39147e-06
-3.38545e-05
-2.76806e-05
3.21022e-06
-2.87735e-05
4.86839e-06
-3.00829e-05
6.64699e-06
-3.15063e-05
8.42517e-06
-3.28673e-05
9.99418e-06
-3.39447e-05
1.10286e-05
-3.44941e-05
1.11936e-05
-3.42894e-05
1.02087e-05
-3.31864e-05
7.94722e-06
-3.12413e-05
4.56131e-06
-2.8793e-05
3.2143e-07
-2.79663e-05
-3.21816e-06
-4.31015e-05
-1.9289e-06
-4.11666e-05
-3.38297e-06
-3.95668e-05
-5.86521e-06
-3.83545e-05
-7.86129e-06
-3.76164e-05
-9.25846e-06
-3.73919e-05
-9.89717e-06
-3.76697e-05
-9.66956e-06
-3.83554e-05
-8.48006e-06
-3.92888e-05
-6.4741e-06
-4.01095e-05
-3.79981e-06
-4.07337e-05
-1.5092e-06
9.90753e-07
-3.58538e-05
-5.74295e-06
-3.39706e-05
-5.26615e-06
-3.27505e-05
-7.08522e-06
-3.19725e-05
-8.63929e-06
-3.16865e-05
-9.54449e-06
-3.18737e-05
-9.7099e-06
-3.2466e-05
-9.07721e-06
-3.33185e-05
-7.62755e-06
-3.42453e-05
-5.54736e-06
-3.49706e-05
-3.07451e-06
-3.54779e-05
-1.00184e-06
1.01044e-06
-2.9523e-05
-1.00745e-05
-2.79996e-05
-6.78951e-06
-2.72606e-05
-7.82417e-06
-2.68744e-05
-9.02543e-06
-2.68797e-05
-9.53916e-06
-2.72574e-05
-9.33222e-06
-2.7932e-05
-8.40254e-06
-2.87637e-05
-6.7959e-06
-2.9592e-05
-4.71898e-06
-3.02373e-05
-2.4292e-06
-3.07413e-05
-4.9789e-07
1.3294e-06
-2.31343e-05
-1.49064e-05
-2.25636e-05
-7.36016e-06
-2.24801e-05
-7.90776e-06
-2.24939e-05
-9.0116e-06
-2.27119e-05
-9.3211e-06
-2.31735e-05
-8.87067e-06
-2.38321e-05
-7.74389e-06
-2.45799e-05
-6.04812e-06
-2.52978e-05
-4.00111e-06
-2.58796e-05
-1.84736e-06
-2.63949e-05
1.74117e-08
1.81349e-06
-2.36426e-05
3.97643e-06
2.28752e-05
-2.4613e-05
5.8384e-06
-2.57122e-05
7.74602e-06
-2.68303e-05
9.5433e-06
-2.77955e-05
1.09595e-05
-2.83891e-05
1.16224e-05
-2.83553e-05
1.11603e-05
-2.74081e-05
9.26225e-06
-2.52216e-05
5.76153e-06
-2.13342e-05
6.75015e-07
-1.45585e-05
-6.45322e-06
-1.77756e-05
-1.96659e-05
4.60571e-06
1.90366e-05
-2.04091e-05
6.58154e-06
-2.11945e-05
8.53134e-06
-2.19153e-05
1.02641e-05
-2.24128e-05
1.1457e-05
-2.248e-05
1.16896e-05
-2.18569e-05
1.05372e-05
-2.02195e-05
7.62483e-06
-1.71531e-05
2.69521e-06
-1.20392e-05
-4.43885e-06
-5.11764e-06
-1.33747e-05
-2.28932e-05
-1.58132e-05
5.03418e-06
1.53847e-05
-1.62722e-05
7.04051e-06
-1.66963e-05
8.95539e-06
-1.69916e-05
1.05594e-05
-1.70248e-05
1.14901e-05
-1.66233e-05
1.12882e-05
-1.55698e-05
9.48369e-06
-1.36056e-05
5.66062e-06
-1.05188e-05
-3.91506e-07
-6.36198e-06
-8.59561e-06
-2.1281e-06
-1.76084e-05
-2.50211e-05
-1.2152e-05
5.23212e-06
1.1954e-05
-1.23078e-05
7.19629e-06
-1.23665e-05
9.0141e-06
-1.22562e-05
1.04491e-05
-1.18825e-05
1.11164e-05
-1.11325e-05
1.05383e-05
-9.87685e-06
8.22804e-06
-7.99933e-06
3.78314e-06
-5.56242e-06
-2.82836e-06
-2.96585e-06
-1.11921e-05
-8.6388e-07
-1.97103e-05
-2.58849e-05
-8.74252e-06
5.19339e-06
8.78123e-06
-8.6016e-06
7.05535e-06
-8.31801e-06
8.7305e-06
-7.84811e-06
9.97919e-06
-7.14613e-06
1.04144e-05
-6.17366e-06
9.56586e-06
-4.90627e-06
6.96068e-06
-3.36654e-06
2.24346e-06
-1.76771e-06
-4.42714e-06
-4.49406e-07
-1.25103e-05
3.66086e-07
-2.05257e-05
-2.55187e-05
-5.63144e-06
4.92799e-06
5.89681e-06
-5.21508e-06
6.63898e-06
-4.62452e-06
8.13993e-06
-3.8479e-06
9.20258e-06
-2.8905e-06
9.45701e-06
-1.78966e-06
8.46505e-06
-6.16078e-07
5.78713e-06
5.15351e-07
1.11207e-06
1.34204e-06
-5.25379e-06
1.65882e-06
-1.28271e-05
1.41202e-06
-2.02788e-05
-2.41066e-05
-2.84886e-06
4.45641e-06
3.32042e-06
-2.18563e-06
5.97573e-06
-1.32595e-06
7.28026e-06
-2.89895e-07
8.16652e-06
8.69839e-07
8.29732e-06
2.04808e-06
7.28682e-06
3.10025e-06
4.73502e-06
3.86173e-06
3.5062e-07
4.05211e-06
-5.4441e-06
3.55017e-06
-1.23251e-05
2.39784e-06
-1.91264e-05
-2.17087e-05
-4.07294e-07
3.80511e-06
1.05856e-06
4.71897e-07
5.09654e-06
1.56574e-06
6.18642e-06
2.82442e-06
6.90786e-06
4.15622e-06
6.96553e-06
5.39962e-06
6.04346e-06
6.3533e-06
3.78136e-06
6.82625e-06
-1.2229e-07
6.50837e-06
-5.12619e-06
5.2888e-06
-1.11055e-05
3.24302e-06
-1.70806e-05
-1.84656e-05
1.69968e-06
3.00319e-06
-8.97745e-07
2.76508e-06
4.0311e-06
4.06363e-06
4.88792e-06
5.52064e-06
5.45075e-06
7.01444e-06
5.47187e-06
8.33625e-06
4.72151e-06
9.23951e-06
2.87829e-06
9.51455e-06
-3.97397e-07
8.7888e-06
-4.4003e-06
6.90352e-06
-9.22013e-06
3.96126e-06
-1.41383e-05
-1.45043e-05
3.50331e-06
2.07928e-06
-2.57946e-06
4.72896e-06
2.80543e-06
6.2097e-06
3.40717e-06
7.85327e-06
3.80715e-06
9.51427e-06
3.81087e-06
1.09423e-05
3.29351e-06
1.18468e-05
1.9738e-06
1.20042e-05
-5.54775e-07
1.09357e-05
-3.33162e-06
8.39684e-06
-6.68123e-06
4.50453e-06
-1.0246e-05
-9.99978e-06
5.09014e-06
1.06147e-06
-4.07246e-06
6.45268e-06
1.44283e-06
8.099e-06
1.76081e-06
9.92677e-06
1.9793e-06
1.17643e-05
1.97331e-06
1.33382e-05
1.71965e-06
1.42822e-05
1.02988e-06
1.4351e-05
-6.23529e-07
1.29247e-05
-1.90512e-06
9.7434e-06
-3.49985e-06
4.94816e-06
-5.45072e-06
-5.05164e-06
6.62503e-06
-5.56362e-06
8.06785e-06
9.82864e-06
1.18079e-05
1.37813e-05
1.55009e-05
1.65308e-05
1.59073e-05
1.40022e-05
1.05024e-05
5.05164e-06
-1.47033e-05
-2.03938e-07
-1.73693e-05
-4.69421e-06
-1.81512e-05
-7.12573e-06
-1.85834e-05
-8.57923e-06
-1.89732e-05
-8.93109e-06
-1.94696e-05
-8.37409e-06
-2.00759e-05
-7.13738e-06
-2.07248e-05
-5.39904e-06
-2.13369e-05
-3.38865e-06
-2.18549e-05
-1.32883e-06
-2.23504e-05
5.13749e-07
2.33929e-06
-2.28749e-05
-9.50513e-06
9.30143e-06
-1.30725e-05
-1.12686e-06
-1.43494e-05
-5.84874e-06
-1.50598e-05
-7.86884e-06
-1.55717e-05
-8.41921e-06
-1.60767e-05
-7.86916e-06
-1.66217e-05
-6.59239e-06
-1.71741e-05
-4.84666e-06
-1.76866e-05
-2.87614e-06
-1.8131e-05
-8.84435e-07
-1.85669e-05
9.49608e-07
2.80874e-06
-1.90363e-05
-6.53282e-06
1.58335e-05
-9.60926e-06
1.94962e-06
-1.10406e-05
-4.41734e-06
-1.18756e-05
-7.03375e-06
-1.2455e-05
-7.83979e-06
-1.29558e-05
-7.36841e-06
-1.34445e-05
-6.10372e-06
-1.39115e-05
-4.37969e-06
-1.43312e-05
-2.4564e-06
-1.46908e-05
-5.248e-07
-1.50335e-05
1.29223e-06
3.15964e-06
-1.53844e-05
-4.35818e-06
2.01921e-05
-6.75346e-06
4.34498e-06
-8.12474e-06
-3.04604e-06
-8.97572e-06
-6.18276e-06
-9.5831e-06
-7.23243e-06
-1.00807e-05
-6.87088e-06
-1.05272e-05
-5.65719e-06
-1.09254e-05
-3.98153e-06
-1.12621e-05
-2.11967e-06
-1.15305e-05
-2.56421e-07
-1.17577e-05
1.51943e-06
3.35555e-06
-1.19537e-05
-2.53628e-06
2.27281e-05
-4.26358e-06
6.07264e-06
-5.48577e-06
-1.82359e-06
-6.30031e-06
-5.36817e-06
-6.92118e-06
-6.61156e-06
-7.42971e-06
-6.36237e-06
-7.85548e-06
-5.23144e-06
-8.20529e-06
-3.63175e-06
-8.4727e-06
-1.85228e-06
-8.65148e-06
-7.76541e-08
-8.75473e-06
1.62266e-06
3.38162e-06
-8.78081e-06
-8.94018e-07
2.36224e-05
-1.98391e-06
7.1627e-06
-3.0203e-06
-7.87121e-07
-3.7953e-06
-4.59316e-06
-4.44299e-06
-5.9639e-06
-4.98407e-06
-5.82132e-06
-5.416e-06
-4.79954e-06
-5.74127e-06
-3.3065e-06
-5.95693e-06
-1.63664e-06
-6.05549e-06
2.08862e-08
-6.03843e-06
1.60558e-06
3.23957e-06
-5.89639e-06
6.64085e-07
2.29596e-05
1.82385e-07
7.64473e-06
-6.55714e-07
5.11448e-08
-1.41324e-06
-3.83555e-06
-2.11881e-06
-5.25836e-06
-2.72479e-06
-5.21536e-06
-3.19497e-06
-4.3294e-06
-3.52277e-06
-2.97872e-06
-3.7077e-06
-1.45174e-06
-3.74128e-06
5.44531e-08
-3.61668e-06
1.48095e-06
2.94289e-06
-3.32002e-06
2.16257e-06
2.07964e-05
2.28193e-06
7.52558e-06
1.65457e-06
6.78605e-07
8.84735e-07
-3.06577e-06
8.11297e-08
-4.4548e-06
-6.30801e-07
-4.5035e-06
-1.17553e-06
-3.7847e-06
-1.53593e-06
-2.61837e-06
-1.71394e-06
-1.27375e-06
-1.70175e-06
4.22298e-08
-1.48829e-06
1.26747e-06
2.51277e-06
-1.05818e-06
3.57642e-06
1.72232e-05
4.3297e-06
6.77106e-06
3.93572e-06
1.0723e-06
3.12784e-06
-2.25772e-06
2.18695e-06
-3.51409e-06
1.32568e-06
-3.64215e-06
6.67205e-07
-3.12635e-06
2.41075e-07
-2.1922e-06
4.3913e-08
-1.07666e-06
8.05235e-08
5.64199e-09
3.60521e-07
9.87451e-07
1.97518e-06
8.98087e-07
4.95943e-06
1.22634e-05
6.31318e-06
5.41588e-06
6.19489e-06
1.19e-06
5.34933e-06
-1.41232e-06
4.24787e-06
-2.41283e-06
3.20011e-06
-2.59446e-06
2.38455e-06
-2.31085e-06
1.85163e-06
-1.65931e-06
1.60418e-06
-8.2925e-07
1.64264e-06
-3.2816e-08
1.96407e-06
6.66012e-07
1.35947e-06
2.57975e-06
5.98282e-06
6.27981e-06
8.18568e-06
3.21103e-06
8.42851e-06
9.45931e-07
7.6179e-06
-6.02176e-07
6.38171e-06
-1.17703e-06
5.13271e-06
-1.34562e-06
4.10579e-06
-1.28408e-06
3.40176e-06
-9.55358e-07
3.05722e-06
-4.8481e-07
3.06932e-06
-4.49236e-08
3.40704e-06
3.28264e-07
6.93769e-07
4.07269e-06
6.27936e-06
9.49013e-06
1.0436e-05
9.83371e-06
8.65665e-06
7.311e-06
6.0269e-06
5.07152e-06
4.58671e-06
4.54178e-06
4.87003e-06
5.56379e-06
-2.36422e-05
3.97729e-06
-2.46124e-05
5.83848e-06
-2.57114e-05
7.74588e-06
-2.68294e-05
9.54312e-06
-2.77946e-05
1.09593e-05
-2.83882e-05
1.16223e-05
-2.83546e-05
1.11602e-05
-2.74076e-05
9.26207e-06
-2.52213e-05
5.76124e-06
-2.13341e-05
6.74554e-07
-1.45584e-05
-6.45385e-06
-1.77764e-05
-1.96655e-05
4.60644e-06
-2.04085e-05
6.58147e-06
-2.11937e-05
8.53107e-06
-2.19145e-05
1.02639e-05
-2.2412e-05
1.14568e-05
-2.24793e-05
1.16896e-05
-2.18563e-05
1.05372e-05
-2.02191e-05
7.62483e-06
-1.71529e-05
2.69513e-06
-1.20393e-05
-4.4391e-06
-5.11784e-06
-1.33752e-05
-2.28942e-05
-1.58128e-05
5.03482e-06
-1.62717e-05
7.04033e-06
-1.66956e-05
8.95504e-06
-1.69909e-05
1.05591e-05
-1.7024e-05
1.149e-05
-1.66227e-05
1.12883e-05
-1.55693e-05
9.48384e-06
-1.36053e-05
5.66081e-06
-1.05187e-05
-3.91389e-07
-6.36208e-06
-8.59571e-06
-2.12825e-06
-1.7609e-05
-2.50223e-05
-1.21515e-05
5.2327e-06
-1.23073e-05
7.19605e-06
-1.23659e-05
9.0137e-06
-1.22556e-05
1.04488e-05
-1.18819e-05
1.11163e-05
-1.1132e-05
1.05384e-05
-9.87646e-06
8.22832e-06
-7.9991e-06
3.78348e-06
-5.56235e-06
-2.8281e-06
-2.96587e-06
-1.11921e-05
-8.6391e-07
-1.97109e-05
-2.58862e-05
-8.74206e-06
5.19393e-06
-8.60111e-06
7.05509e-06
-8.31749e-06
8.73009e-06
-7.84759e-06
9.97889e-06
-7.14565e-06
1.04143e-05
-6.17324e-06
9.56604e-06
-4.90595e-06
6.96105e-06
-3.36634e-06
2.2439e-06
-1.76759e-06
-4.42682e-06
-4.49303e-07
-1.25104e-05
3.66187e-07
-2.05264e-05
-2.552e-05
-5.631e-06
4.92852e-06
-5.21464e-06
6.63874e-06
-4.62409e-06
8.13954e-06
-3.84748e-06
9.20229e-06
-2.89011e-06
9.45697e-06
-1.78931e-06
8.46526e-06
-6.15795e-07
5.78756e-06
5.15577e-07
1.11256e-06
1.34223e-06
-5.25344e-06
1.65903e-06
-1.28272e-05
1.4122e-06
-2.02795e-05
-2.41078e-05
-2.84844e-06
4.45693e-06
-2.18523e-06
5.97553e-06
-1.32559e-06
7.2799e-06
-2.89557e-07
8.16626e-06
8.70151e-07
8.2973e-06
2.04837e-06
7.28706e-06
3.10052e-06
4.73547e-06
3.86199e-06
3.5111e-07
4.05238e-06
-5.44379e-06
3.55045e-06
-1.23252e-05
2.39806e-06
-1.91271e-05
-2.17096e-05
-4.06897e-07
3.80563e-06
4.72254e-07
5.09637e-06
1.56604e-06
6.18611e-06
2.8247e-06
6.90762e-06
4.15647e-06
6.96553e-06
5.39988e-06
6.04368e-06
6.35356e-06
3.78179e-06
6.82655e-06
-1.21844e-07
6.50869e-06
-5.12591e-06
5.28913e-06
-1.11056e-05
3.24327e-06
-1.70812e-05
-1.84664e-05
1.70006e-06
3.00364e-06
2.76542e-06
4.031e-06
4.0639e-06
4.88765e-06
5.52087e-06
5.45057e-06
7.01465e-06
5.47185e-06
8.33649e-06
4.72173e-06
9.23978e-06
2.87863e-06
9.51488e-06
-3.96995e-07
8.78916e-06
-4.4001e-06
6.90388e-06
-9.22027e-06
3.9615e-06
-1.41388e-05
-1.45048e-05
3.5037e-06
2.07966e-06
4.72932e-06
2.80538e-06
6.20996e-06
3.40694e-06
7.85347e-06
3.807e-06
9.51445e-06
3.81086e-06
1.09425e-05
3.29367e-06
1.18471e-05
1.97405e-06
1.20046e-05
-5.54475e-07
1.09361e-05
-3.33148e-06
8.39723e-06
-6.68135e-06
4.50475e-06
-1.02464e-05
-1.00001e-05
5.09056e-06
1.06175e-06
6.45307e-06
1.44282e-06
8.09926e-06
1.76064e-06
9.92695e-06
1.97919e-06
1.17645e-05
1.97327e-06
1.33384e-05
1.71972e-06
1.42825e-05
1.03e-06
1.43514e-05
-6.23371e-07
1.29251e-05
-1.90508e-06
9.7438e-06
-3.49993e-06
4.94833e-06
-5.45092e-06
-5.05184e-06
6.62553e-06
8.06833e-06
9.82894e-06
1.18081e-05
1.37814e-05
1.55011e-05
1.65311e-05
1.59078e-05
1.40027e-05
1.05028e-05
5.05184e-06
-1.47032e-05
-2.03724e-07
-1.73691e-05
-4.6947e-06
-1.81508e-05
-7.12644e-06
-1.85829e-05
-8.58008e-06
-1.89727e-05
-8.93203e-06
-1.9469e-05
-8.37507e-06
-2.00754e-05
-7.13836e-06
-2.07242e-05
-5.4e-06
-2.13364e-05
-3.38956e-06
-2.18545e-05
-1.32967e-06
-2.23501e-05
5.13009e-07
2.3387e-06
-2.28748e-05
-9.50495e-06
9.30139e-06
-1.30722e-05
-1.12746e-06
-1.43491e-05
-5.84954e-06
-1.50595e-05
-7.86975e-06
-1.55713e-05
-8.42019e-06
-1.60762e-05
-7.87016e-06
-1.66212e-05
-6.59336e-06
-1.71737e-05
-4.84758e-06
-1.76863e-05
-2.87697e-06
-1.81308e-05
-8.85162e-07
-1.85668e-05
9.49013e-07
2.80831e-06
-1.90364e-05
-6.53263e-06
1.5833e-05
-9.60902e-06
1.94893e-06
-1.10403e-05
-4.41818e-06
-1.18754e-05
-7.03469e-06
-1.24548e-05
-7.84078e-06
-1.29555e-05
-7.36939e-06
-1.34442e-05
-6.10466e-06
-1.39113e-05
-4.38054e-06
-1.43311e-05
-2.45714e-06
-1.46909e-05
-5.25411e-07
-1.50336e-05
1.29177e-06
3.15938e-06
-1.53847e-05
-4.35803e-06
2.01914e-05
-6.75328e-06
4.34419e-06
-8.12456e-06
-3.04691e-06
-8.97556e-06
-6.1837e-06
-9.58296e-06
-7.2334e-06
-1.00805e-05
-6.87184e-06
-1.05271e-05
-5.65808e-06
-1.09254e-05
-3.98232e-06
-1.12622e-05
-2.12032e-06
-1.15307e-05
-2.56917e-07
-1.17581e-05
1.51911e-06
3.35543e-06
-1.19541e-05
-2.5362e-06
2.27272e-05
-4.26347e-06
6.0718e-06
-5.4857e-06
-1.82445e-06
-6.30029e-06
-5.36906e-06
-6.9212e-06
-6.61247e-06
-7.42977e-06
-6.36326e-06
-7.85561e-06
-5.23226e-06
-8.2055e-06
-3.63245e-06
-8.47301e-06
-1.85283e-06
-8.6519e-06
-7.80434e-08
-8.75525e-06
1.62245e-06
3.38162e-06
-8.78145e-06
-8.93994e-07
2.36212e-05
-1.98387e-06
7.16176e-06
-3.02033e-06
-7.87953e-07
-3.79541e-06
-4.59399e-06
-4.44317e-06
-5.96474e-06
-4.98432e-06
-5.82215e-06
-5.41632e-06
-4.80028e-06
-5.74168e-06
-3.30712e-06
-5.95743e-06
-1.63709e-06
-6.05609e-06
2.05898e-08
-6.03911e-06
1.60547e-06
3.23966e-06
-5.89717e-06
6.64047e-07
2.29583e-05
1.82362e-07
7.64383e-06
-6.55851e-07
5.03791e-08
-1.41348e-06
-3.83628e-06
-2.11914e-06
-5.2591e-06
-2.7252e-06
-5.21611e-06
-3.19548e-06
-4.33007e-06
-3.52336e-06
-2.97926e-06
-3.70839e-06
-1.45211e-06
-3.74205e-06
5.42398e-08
-3.61752e-06
1.48091e-06
2.94304e-06
-3.32091e-06
2.16249e-06
2.07954e-05
2.28187e-06
7.52473e-06
1.65434e-06
6.77957e-07
8.8438e-07
-3.06643e-06
8.06613e-08
-4.45543e-06
-6.31363e-07
-4.50415e-06
-1.1762e-06
-3.78526e-06
-1.53668e-06
-2.61883e-06
-1.7148e-06
-1.27403e-06
-1.70267e-06
4.20769e-08
-1.48925e-06
1.26749e-06
2.51295e-06
-1.05917e-06
3.57628e-06
1.72222e-05
4.32964e-06
6.77049e-06
3.93541e-06
1.07169e-06
3.1274e-06
-2.25816e-06
2.18637e-06
-3.51463e-06
1.325e-06
-3.64266e-06
6.66388e-07
-3.12685e-06
2.40182e-07
-2.19254e-06
4.29185e-08
-1.07687e-06
7.94791e-08
5.56169e-09
3.59454e-07
9.87499e-07
1.97537e-06
8.97019e-07
4.95934e-06
1.22629e-05
6.31314e-06
5.41565e-06
6.19457e-06
1.18954e-06
5.34882e-06
-1.41266e-06
4.24722e-06
-2.41321e-06
3.19934e-06
-2.59484e-06
2.38362e-06
-2.31126e-06
1.85062e-06
-1.65956e-06
1.60307e-06
-8.29395e-07
1.64149e-06
-3.28533e-08
1.96292e-06
6.6608e-07
1.35963e-06
2.57862e-06
5.98285e-06
6.27995e-06
8.18573e-06
3.21122e-06
8.42824e-06
9.45561e-07
7.61742e-06
-6.02432e-07
6.38108e-06
-1.17725e-06
5.13191e-06
-1.34583e-06
4.10479e-06
-1.2844e-06
3.40065e-06
-9.55511e-07
3.05601e-06
-4.84918e-07
3.06808e-06
-4.49286e-08
3.40584e-06
3.28335e-07
6.9384e-07
4.07152e-06
6.27962e-06
9.49053e-06
1.0436e-05
9.83345e-06
8.65618e-06
7.31029e-06
6.02588e-06
5.07033e-06
4.58541e-06
4.54048e-06
4.8688e-06
5.56261e-06
-2.36423e-05
3.97689e-06
-2.46127e-05
5.83831e-06
-2.5712e-05
7.74596e-06
-2.68303e-05
9.54349e-06
-2.77958e-05
1.096e-05
-2.83898e-05
1.16233e-05
-2.83564e-05
1.11614e-05
-2.74095e-05
9.26341e-06
-2.52231e-05
5.76248e-06
-2.13357e-05
6.75456e-07
-1.45595e-05
-6.45344e-06
-1.77767e-05
-1.96658e-05
4.60624e-06
-2.0409e-05
6.58151e-06
-2.11945e-05
8.53141e-06
-2.19155e-05
1.02645e-05
-2.24133e-05
1.14578e-05
-2.24808e-05
1.16908e-05
-2.1858e-05
1.05386e-05
-2.02207e-05
7.62616e-06
-1.71543e-05
2.69615e-06
-1.20401e-05
-4.43867e-06
-5.11811e-06
-1.33754e-05
-2.28947e-05
-1.58133e-05
5.03479e-06
-1.62723e-05
7.04057e-06
-1.66965e-05
8.95557e-06
-1.6992e-05
1.056e-05
-1.70253e-05
1.14911e-05
-1.66241e-05
1.12896e-05
-1.55707e-05
9.48526e-06
-1.36065e-05
5.662e-06
-1.05197e-05
-3.90651e-07
-6.36262e-06
-8.59567e-06
-2.1284e-06
-1.76095e-05
-2.5023e-05
-1.21522e-05
5.23282e-06
-1.23081e-05
7.19644e-06
-1.23669e-05
9.01439e-06
-1.22567e-05
1.04497e-05
-1.1883e-05
1.11175e-05
-1.11332e-05
1.05398e-05
-9.87759e-06
8.22968e-06
-8.00005e-06
3.7845e-06
-5.56302e-06
-2.82761e-06
-2.96627e-06
-1.11923e-05
-8.64077e-07
-1.97115e-05
-2.5887e-05
-8.74281e-06
5.19417e-06
-8.60197e-06
7.05559e-06
-8.31844e-06
8.73086e-06
-7.8486e-06
9.9799e-06
-7.14667e-06
1.04156e-05
-6.1742e-06
9.56735e-06
-4.90681e-06
6.96232e-06
-3.367e-06
2.24473e-06
-1.76805e-06
-4.42651e-06
-4.49601e-07
-1.25107e-05
3.66029e-07
-2.05271e-05
-2.55207e-05
-5.63184e-06
4.92884e-06
-5.21554e-06
6.63928e-06
-4.62502e-06
8.14034e-06
-3.84839e-06
9.20327e-06
-2.89097e-06
9.45818e-06
-1.79006e-06
8.46645e-06
-6.16413e-07
5.7887e-06
5.15141e-07
1.11321e-06
1.34193e-06
-5.25325e-06
1.65882e-06
-1.28275e-05
1.41208e-06
-2.02802e-05
-2.41086e-05
-2.84936e-06
4.45727e-06
-2.18616e-06
5.97608e-06
-1.32649e-06
7.28067e-06
-2.90376e-07
8.16718e-06
8.69425e-07
8.29839e-06
2.04782e-06
7.28811e-06
3.1001e-06
4.73644e-06
3.86175e-06
3.51626e-07
4.05222e-06
-5.44368e-06
3.55034e-06
-1.23256e-05
2.398e-06
-1.91278e-05
-2.17105e-05
-4.07888e-07
3.80598e-06
4.71309e-07
5.09687e-06
1.56518e-06
6.18681e-06
2.82396e-06
6.90839e-06
4.15587e-06
6.96651e-06
5.39949e-06
6.0445e-06
6.35332e-06
3.78265e-06
6.82647e-06
-1.21503e-07
6.50867e-06
-5.12582e-06
5.28912e-06
-1.1106e-05
3.24327e-06
-1.70819e-05
-1.84671e-05
1.69901e-06
3.00393e-06
2.76447e-06
4.03146e-06
4.06305e-06
4.88815e-06
5.52024e-06
5.4513e-06
7.01414e-06
5.47248e-06
8.33628e-06
4.72252e-06
9.23967e-06
2.87915e-06
9.51497e-06
-3.96641e-07
8.78927e-06
-4.40013e-06
6.90396e-06
-9.2206e-06
3.96158e-06
-1.41394e-05
-1.45055e-05
3.50262e-06
2.07988e-06
4.72835e-06
2.8057e-06
6.20915e-06
3.40731e-06
7.85289e-06
3.80754e-06
9.51406e-06
3.81129e-06
1.09424e-05
3.29424e-06
1.18471e-05
1.97439e-06
1.20048e-05
-5.54236e-07
1.09363e-05
-3.33155e-06
8.39742e-06
-6.68159e-06
4.50488e-06
-1.02467e-05
-1.00006e-05
5.08945e-06
1.06182e-06
6.4521e-06
1.44298e-06
8.09847e-06
1.76083e-06
9.92644e-06
1.97954e-06
1.17642e-05
1.97346e-06
1.33384e-05
1.7201e-06
1.42827e-05
1.03014e-06
1.43518e-05
-6.23191e-07
1.29255e-05
-1.90515e-06
9.74409e-06
-3.50006e-06
4.94852e-06
-5.45108e-06
-5.05207e-06
6.62442e-06
8.06738e-06
9.8282e-06
1.18077e-05
1.37812e-05
1.55013e-05
1.65315e-05
1.59083e-05
1.40032e-05
1.05031e-05
5.05207e-06
-1.47043e-05
-2.03895e-07
-1.73705e-05
-4.69411e-06
-1.81524e-05
-7.12561e-06
-1.85845e-05
-8.5792e-06
-1.89742e-05
-8.93112e-06
-1.94704e-05
-8.37411e-06
-2.00766e-05
-7.13732e-06
-2.07253e-05
-5.39891e-06
-2.13373e-05
-3.38849e-06
-2.18552e-05
-1.3287e-06
-2.23506e-05
5.13844e-07
2.33937e-06
-2.28751e-05
-9.50588e-06
9.30224e-06
-1.30734e-05
-1.12652e-06
-1.43504e-05
-5.84861e-06
-1.50608e-05
-7.86888e-06
-1.55725e-05
-8.41934e-06
-1.60774e-05
-7.8693e-06
-1.66222e-05
-6.59247e-06
-1.71745e-05
-4.84666e-06
-1.76869e-05
-2.8761e-06
-1.81312e-05
-8.84408e-07
-1.8567e-05
9.49612e-07
2.80872e-06
-1.90363e-05
-6.53336e-06
1.58348e-05
-9.61001e-06
1.95017e-06
-1.10413e-05
-4.41718e-06
-1.18764e-05
-7.03383e-06
-1.24557e-05
-7.84001e-06
-1.29563e-05
-7.36866e-06
-1.34449e-05
-6.10392e-06
-1.39117e-05
-4.37979e-06
-1.43314e-05
-2.45646e-06
-1.4691e-05
-5.24858e-07
-1.50335e-05
1.29215e-06
3.15954e-06
-1.53843e-05
-4.35855e-06
2.01938e-05
-6.75399e-06
4.3457e-06
-8.1253e-06
-3.04585e-06
-8.97625e-06
-6.18287e-06
-9.58356e-06
-7.23271e-06
-1.0081e-05
-6.87122e-06
-1.05275e-05
-5.65748e-06
-1.09256e-05
-3.98173e-06
-1.12622e-05
-2.11981e-06
-1.15305e-05
-2.56543e-07
-1.17577e-05
1.51929e-06
3.35539e-06
-1.19536e-05
-2.53649e-06
2.273e-05
-4.26389e-06
6.07346e-06
-5.48611e-06
-1.82337e-06
-6.30064e-06
-5.3683e-06
-6.92146e-06
-6.61188e-06
-7.42993e-06
-6.36276e-06
-7.85563e-06
-5.2318e-06
-8.20537e-06
-3.63202e-06
-8.47272e-06
-1.85248e-06
-8.65146e-06
-7.78223e-08
-8.75467e-06
1.62249e-06
3.38142e-06
-8.78072e-06
-8.94077e-07
2.36244e-05
-1.98401e-06
7.16357e-06
-3.02043e-06
-7.86866e-07
-3.79543e-06
-4.59329e-06
-4.4431e-06
-5.96424e-06
-4.98415e-06
-5.82175e-06
-5.41603e-06
-4.79994e-06
-5.74126e-06
-3.30681e-06
-5.95688e-06
-1.63687e-06
-6.05541e-06
2.0692e-08
-6.03833e-06
1.60539e-06
3.23936e-06
-5.89629e-06
6.64175e-07
2.29615e-05
1.82481e-07
7.6456e-06
-6.55639e-07
5.14253e-08
-1.41318e-06
-3.83567e-06
-2.11875e-06
-5.25869e-06
-2.72473e-06
-5.21579e-06
-3.19489e-06
-4.32981e-06
-3.52268e-06
-2.97905e-06
-3.70759e-06
-1.45199e-06
-3.74117e-06
5.42503e-08
-3.61656e-06
1.48076e-06
2.94268e-06
-3.31991e-06
2.1628e-06
2.07982e-05
2.28222e-06
7.5264e-06
1.65484e-06
6.78905e-07
8.84989e-07
-3.06587e-06
8.13576e-08
-4.4551e-06
-6.30602e-07
-4.50389e-06
-1.17535e-06
-3.78509e-06
-1.53575e-06
-2.61869e-06
-1.71378e-06
-1.27399e-06
-1.70159e-06
4.20353e-08
-1.48815e-06
1.2673e-06
2.51258e-06
-1.05807e-06
3.57679e-06
1.72246e-05
4.33017e-06
6.77179e-06
3.93618e-06
1.07261e-06
3.12828e-06
-2.2578e-06
2.18734e-06
-3.51434e-06
1.32601e-06
-3.64248e-06
6.67492e-07
-3.12668e-06
2.41329e-07
-2.19249e-06
4.41394e-08
-1.07687e-06
8.07262e-08
5.47484e-09
3.60694e-07
9.87304e-07
1.97503e-06
8.98222e-07
4.95994e-06
1.22643e-05
6.31382e-06
5.4165e-06
6.19553e-06
1.19031e-06
5.34995e-06
-1.41238e-06
4.24843e-06
-2.41301e-06
3.20059e-06
-2.59471e-06
2.38495e-06
-2.31111e-06
1.85197e-06
-1.65954e-06
1.60448e-06
-8.29421e-07
1.64289e-06
-3.29418e-08
1.96428e-06
6.65906e-07
1.35937e-06
2.57991e-06
5.98334e-06
6.28024e-06
8.18646e-06
3.21141e-06
8.42932e-06
9.4623e-07
7.61873e-06
-6.02233e-07
6.38247e-06
-1.17712e-06
5.13335e-06
-1.34574e-06
4.10632e-06
-1.28422e-06
3.4022e-06
-9.55486e-07
3.0576e-06
-4.84911e-07
3.06964e-06
-4.49895e-08
3.40732e-06
3.28206e-07
6.93709e-07
4.07291e-06
6.27979e-06
9.49094e-06
1.04371e-05
9.83477e-06
8.65763e-06
7.31185e-06
6.02762e-06
5.07211e-06
4.5872e-06
4.54221e-06
4.8704e-06
5.5641e-06
-2.36422e-05
3.97733e-06
-2.46123e-05
5.83847e-06
-2.57112e-05
7.74585e-06
-2.68291e-05
9.54306e-06
-2.77941e-05
1.09592e-05
-2.83877e-05
1.16222e-05
-2.83541e-05
1.116e-05
-2.74072e-05
9.2618e-06
-2.52209e-05
5.76095e-06
-2.13339e-05
6.74271e-07
-1.45584e-05
-6.45408e-06
-1.77765e-05
-1.96654e-05
4.60638e-06
-2.04083e-05
6.58135e-06
-2.11934e-05
8.53094e-06
-2.19141e-05
1.02637e-05
-2.24116e-05
1.14567e-05
-2.24788e-05
1.16894e-05
-2.18559e-05
1.0537e-05
-2.02187e-05
7.62463e-06
-1.71526e-05
2.69494e-06
-1.20391e-05
-4.43924e-06
-5.1178e-06
-1.33753e-05
-2.28943e-05
-1.58126e-05
5.03467e-06
-1.62714e-05
7.04013e-06
-1.66953e-05
8.95482e-06
-1.69905e-05
1.05589e-05
-1.70236e-05
1.14898e-05
-1.66223e-05
1.1288e-05
-1.55689e-05
9.48365e-06
-1.36049e-05
5.66067e-06
-1.05185e-05
-3.91475e-07
-6.36195e-06
-8.59574e-06
-2.1282e-06
-1.7609e-05
-2.50224e-05
-1.21514e-05
5.23248e-06
-1.23071e-05
7.19578e-06
-1.23657e-05
9.01343e-06
-1.22553e-05
1.04485e-05
-1.18815e-05
1.1116e-05
-1.11317e-05
1.05382e-05
-9.87615e-06
8.22816e-06
-7.99885e-06
3.7834e-06
-5.56217e-06
-2.82812e-06
-2.96574e-06
-1.11921e-05
-8.63825e-07
-1.97109e-05
-2.58862e-05
-8.74192e-06
5.19367e-06
-8.60093e-06
7.05478e-06
-8.31727e-06
8.72977e-06
-7.84735e-06
9.97861e-06
-7.14539e-06
1.04141e-05
-6.173e-06
9.56584e-06
-4.90573e-06
6.96093e-06
-3.36616e-06
2.24387e-06
-1.76745e-06
-4.42679e-06
-4.49195e-07
-1.25103e-05
3.66257e-07
-2.05263e-05
-2.55198e-05
-5.63088e-06
4.92825e-06
-5.21451e-06
6.63841e-06
-4.62394e-06
8.13921e-06
-3.84732e-06
9.202e-06
-2.88995e-06
9.45673e-06
-1.78917e-06
8.46508e-06
-6.15672e-07
5.78746e-06
5.15677e-07
1.11255e-06
1.34232e-06
-5.2534e-06
1.6591e-06
-1.28271e-05
1.41225e-06
-2.02794e-05
-2.41075e-05
-2.84834e-06
4.45666e-06
-2.18514e-06
5.97521e-06
-1.32551e-06
7.27958e-06
-2.89479e-07
8.16598e-06
8.70215e-07
8.29708e-06
2.04842e-06
7.28689e-06
3.10055e-06
4.73538e-06
3.86202e-06
3.51112e-07
4.0524e-06
-5.44373e-06
3.55048e-06
-1.23251e-05
2.39808e-06
-1.91269e-05
-2.17094e-05
-4.06809e-07
3.80539e-06
4.72311e-07
5.09608e-06
1.56607e-06
6.18582e-06
2.8247e-06
6.90737e-06
4.15645e-06
6.96533e-06
5.39984e-06
6.04353e-06
6.35352e-06
3.78171e-06
6.8265e-06
-1.21836e-07
6.50865e-06
-5.12586e-06
5.28911e-06
-1.11056e-05
3.24326e-06
-1.70811e-05
-1.84661e-05
1.70015e-06
3.00345e-06
2.76546e-06
4.03076e-06
4.06389e-06
4.8874e-06
5.52082e-06
5.45035e-06
7.01457e-06
5.47169e-06
8.33639e-06
4.7216e-06
9.23967e-06
2.87857e-06
9.51477e-06
-3.96996e-07
8.78907e-06
-4.40005e-06
6.90381e-06
-9.22022e-06
3.96146e-06
-1.41387e-05
-1.45046e-05
3.5038e-06
2.07953e-06
4.72936e-06
2.80521e-06
6.20993e-06
3.40676e-06
7.85339e-06
3.80684e-06
9.51433e-06
3.81074e-06
1.09423e-05
3.29357e-06
1.18469e-05
1.974e-06
1.20044e-05
-5.54473e-07
1.09359e-05
-3.33145e-06
8.39711e-06
-6.68131e-06
4.50468e-06
-1.02463e-05
-9.99995e-06
5.09071e-06
1.06168e-06
6.45314e-06
1.44272e-06
8.09924e-06
1.76053e-06
9.92686e-06
1.97909e-06
1.17644e-05
1.97321e-06
1.33382e-05
1.71967e-06
1.42823e-05
1.02997e-06
1.43512e-05
-6.23363e-07
1.29249e-05
-1.90506e-06
9.74365e-06
-3.49991e-06
4.94824e-06
-5.45087e-06
-5.05174e-06
6.62577e-06
8.06847e-06
9.82897e-06
1.18081e-05
1.37813e-05
1.55009e-05
1.65309e-05
1.59076e-05
1.40025e-05
1.05026e-05
5.05174e-06
-1.47036e-05
-2.03362e-07
-1.73697e-05
-4.69411e-06
-1.81517e-05
-7.12578e-06
-1.85839e-05
-8.57936e-06
-1.89738e-05
-8.93125e-06
-1.94702e-05
-8.37427e-06
-2.00765e-05
-7.13758e-06
-2.07253e-05
-5.39931e-06
-2.13373e-05
-3.38905e-06
-2.18552e-05
-1.32944e-06
-2.23507e-05
5.12819e-07
2.33801e-06
-9.50536e-06
9.30216e-06
-1.30728e-05
-1.12665e-06
-1.43499e-05
-5.84875e-06
-1.50603e-05
-7.86895e-06
-1.55722e-05
-8.41936e-06
-1.60771e-05
-7.86934e-06
-1.66221e-05
-6.59261e-06
-1.71745e-05
-4.84697e-06
-1.76869e-05
-2.87658e-06
-1.81313e-05
-8.85087e-07
-1.85671e-05
9.48646e-07
2.80747e-06
-6.53298e-06
1.58342e-05
-9.60953e-06
1.94989e-06
-1.10409e-05
-4.4173e-06
-1.1876e-05
-7.03383e-06
-1.24554e-05
-7.83993e-06
-1.29562e-05
-7.36858e-06
-1.34448e-05
-6.10395e-06
-1.39118e-05
-4.38001e-06
-1.43315e-05
-2.45686e-06
-1.46912e-05
-5.25462e-07
-1.50338e-05
1.29127e-06
3.15841e-06
-4.35828e-06
2.01928e-05
-6.75364e-06
4.34525e-06
-8.12497e-06
-3.04598e-06
-8.97597e-06
-6.18283e-06
-9.58336e-06
-7.23255e-06
-1.00809e-05
-6.87105e-06
-1.05275e-05
-5.65741e-06
-1.09256e-05
-3.98186e-06
-1.12624e-05
-2.12012e-06
-1.15308e-05
-2.57056e-07
-1.17581e-05
1.51852e-06
3.35437e-06
-2.53634e-06
2.27287e-05
-4.26366e-06
6.07292e-06
-5.4859e-06
-1.82352e-06
-6.30046e-06
-5.36822e-06
-6.92133e-06
-6.61167e-06
-7.42986e-06
-6.36252e-06
-7.85565e-06
-5.23165e-06
-8.20547e-06
-3.63205e-06
-8.47292e-06
-1.8527e-06
-8.65175e-06
-7.82368e-08
-8.75508e-06
1.62183e-06
3.38052e-06
-8.94027e-07
2.36228e-05
-1.98389e-06
7.16287e-06
-3.02032e-06
-7.87049e-07
-3.79534e-06
-4.59321e-06
-4.44304e-06
-5.96399e-06
-4.98412e-06
-5.82147e-06
-5.41608e-06
-4.79972e-06
-5.74138e-06
-3.30678e-06
-5.95709e-06
-1.63701e-06
-6.05573e-06
2.03749e-08
-6.03876e-06
1.60484e-06
3.23855e-06
6.64127e-07
2.29598e-05
1.82513e-07
7.64486e-06
-6.55637e-07
5.12218e-08
-1.41317e-06
-3.83559e-06
-2.11875e-06
-5.25844e-06
-2.72474e-06
-5.21549e-06
-3.19496e-06
-4.32956e-06
-3.5228e-06
-2.97896e-06
-3.70781e-06
-1.45205e-06
-3.74148e-06
5.4033e-08
-3.61699e-06
1.48033e-06
2.94196e-06
2.16268e-06
2.07968e-05
2.28218e-06
7.52564e-06
1.65475e-06
6.78709e-07
8.84906e-07
-3.06586e-06
8.12948e-08
-4.45487e-06
-6.30646e-07
-4.50362e-06
-1.17543e-06
-3.78481e-06
-1.53587e-06
-2.61857e-06
-1.71398e-06
-1.27398e-06
-1.70188e-06
4.18982e-08
-1.48855e-06
1.26698e-06
2.51195e-06
3.57656e-06
1.72232e-05
4.3301e-06
6.77123e-06
3.93599e-06
1.07233e-06
3.12812e-06
-2.25773e-06
2.18721e-06
-3.51421e-06
1.32594e-06
-3.64222e-06
6.67392e-07
-3.12646e-06
2.41227e-07
-2.19231e-06
4.39641e-08
-1.07684e-06
8.04768e-08
5.43424e-09
3.60332e-07
9.87103e-07
1.97449e-06
4.9597e-06
1.22636e-05
6.31372e-06
5.41617e-06
6.19527e-06
1.19004e-06
5.34971e-06
-1.4124e-06
4.24824e-06
-2.41292e-06
3.20048e-06
-2.59451e-06
2.38484e-06
-2.31095e-06
1.85188e-06
-1.65937e-06
1.60434e-06
-8.29376e-07
1.6427e-06
-3.29299e-08
1.96398e-06
6.65815e-07
1.35893e-06
5.98322e-06
6.28029e-06
8.18641e-06
3.21146e-06
8.42904e-06
9.45944e-07
7.61843e-06
-6.02368e-07
6.38222e-06
-1.17711e-06
5.1332e-06
-1.34564e-06
4.10619e-06
-1.28419e-06
3.40212e-06
-9.55396e-07
3.05749e-06
-4.8493e-07
3.06951e-06
-4.4967e-08
3.40709e-06
3.28181e-07
6.93374e-07
6.27996e-06
9.49111e-06
1.04369e-05
9.83448e-06
8.65735e-06
7.31166e-06
6.02745e-06
5.07201e-06
4.58708e-06
4.5421e-06
4.87024e-06
)
;

boundaryField
{
    rotor
    {
        type            calculated;
        value           uniform 0;
    }
    stator
    {
        type            calculated;
        value           uniform 0;
    }
    front
    {
        type            empty;
        value           nonuniform 0();
    }
    back
    {
        type            empty;
        value           nonuniform 0();
    }
}


// ************************************************************************* //
