/*--------------------------------*- C++ -*----------------------------------*\
  =========                 |
  \\      /  F ield         | OpenFOAM: The Open Source CFD Toolbox
   \\    /   O peration     | Website:  https://openfoam.org
    \\  /    A nd           | Version:  6
     \\/     M anipulation  |
\*---------------------------------------------------------------------------*/
FoamFile
{
    version     2.0;
    format      ascii;
    class       volVectorField;
    location    "500";
    object      U;
}
// * * * * * * * * * * * * * * * * * * * * * * * * * * * * * * * * * * * * * //

dimensions      [0 1 -1 0 0 0 0];

internalField   nonuniform List<vector> 
3072
(
(0.215951 2.2188 0)
(0.293708 1.93276 0)
(0.384878 1.76505 1.40865e-19)
(0.49831 1.65568 7.24336e-19)
(0.625515 1.58429 -1.20846e-18)
(0.748252 1.53329 6.58917e-19)
(0.875251 1.60866 3.87441e-19)
(1.18283 1.71191 1.47744e-18)
(2.01023 1.43155 -5.92787e-19)
(2.86721 1.60841 1.11464e-18)
(3.12835 2.00627 8.80333e-19)
(3.39637 2.1315 7.54867e-19)
(-0.367575 2.66663 -2.02159e-19)
(-0.191721 2.40083 -4.71295e-19)
(0.0522243 2.34323 4.63192e-19)
(0.323647 2.33542 0)
(0.616863 2.38509 1.01841e-18)
(1.04641 2.39391 -1.43172e-18)
(1.87064 2.4353 0)
(2.62048 2.71069 0)
(2.98006 2.71918 0)
(3.13098 2.77905 8.52084e-19)
(3.16159 2.80147 -2.82797e-18)
(3.24502 2.78581 3.42132e-19)
(-0.346737 2.98599 1.8571e-19)
(-0.116445 2.69673 0)
(0.289017 2.72458 0)
(0.768139 2.74821 -3.7239e-18)
(1.41157 2.82009 1.39658e-18)
(2.14797 2.96728 -2.11808e-18)
(2.67241 2.99854 1.72515e-18)
(2.98729 2.98615 0)
(3.14947 2.86291 0)
(3.24307 2.75565 -1.05344e-18)
(3.2847 2.67161 -1.08699e-18)
(3.35254 2.58563 3.81471e-18)
(-0.309791 3.31963 -1.2878e-18)
(0.0769149 3.1091 -2.09745e-18)
(0.633074 3.20688 1.87696e-18)
(1.27909 3.27317 -1.89934e-18)
(1.93648 3.33543 3.67801e-18)
(2.47148 3.32168 -3.55604e-18)
(2.78933 3.20436 -2.10073e-18)
(2.96925 3.0734 -6.62419e-18)
(3.08395 2.91373 -3.19839e-19)
(3.14849 2.78876 3.6379e-18)
(3.19034 2.68176 4.07951e-18)
(3.24363 2.57978 -3.22755e-18)
(-0.102907 3.53764 0)
(0.339168 3.48803 1.23259e-18)
(0.939776 3.59737 -2.90176e-18)
(1.57819 3.63675 3.27102e-18)
(2.1349 3.59518 6.17922e-19)
(2.5093 3.46054 2.07334e-18)
(2.72683 3.2858 2.3323e-18)
(2.86424 3.1126 2.41377e-18)
(2.95182 2.94259 -5.18602e-18)
(3.0139 2.79163 4.36506e-18)
(3.06506 2.65967 -5.8905e-18)
(3.11954 2.53832 7.77398e-18)
(0.110031 3.73379 -4.64963e-18)
(0.590303 3.78576 1.79667e-18)
(1.15493 3.87446 5.30167e-18)
(1.70884 3.84986 0)
(2.14295 3.7228 -7.09811e-18)
(2.42439 3.53585 7.80609e-18)
(2.6038 3.33312 0)
(2.7267 3.1366 -5.89295e-18)
(2.81616 2.95138 5.00441e-18)
(2.8858 2.78472 0)
(2.9459 2.63674 2.88095e-19)
(3.00463 2.5023 4.54394e-18)
(0.327381 3.89994 0)
(0.793559 4.04614 -4.18041e-18)
(1.28175 4.08229 3.87557e-18)
(1.72658 3.99868 0)
(2.06589 3.82174 -4.43747e-18)
(2.3001 3.60449 7.22204e-19)
(2.46419 3.38032 6.26265e-18)
(2.58622 3.16569 5.80684e-18)
(2.68169 2.96625 -5.11541e-18)
(2.76033 2.7853 5.086e-18)
(2.82936 2.62271 -4.40126e-18)
(2.89426 2.47536 -1.23481e-17)
(0.534871 4.08508 0)
(0.939313 4.29677 3.3302e-18)
(1.32967 4.26255 -4.81276e-18)
(1.67704 4.13382 4.82425e-18)
(1.95293 3.92257 0)
(2.16163 3.68044 -6.298e-18)
(2.32101 3.43609 6.26689e-18)
(2.44726 3.20331 1.2833e-19)
(2.55082 2.98749 -1.05566e-17)
(2.63852 2.79088 -4.96858e-18)
(2.71567 2.61336 -2.81077e-19)
(2.78648 2.45275 8.97755e-18)
(0.70528 4.25565 0)
(1.02939 4.52951 -3.70865e-18)
(1.31562 4.41712 -5.22086e-18)
(1.58346 4.24462 -3.75406e-18)
(1.81435 4.00444 7.66687e-18)
(2.00705 3.74073 0)
(2.16637 3.47825 0)
(2.29953 3.22905 0)
(2.41249 2.99822 0)
(2.50973 2.78765 4.9625e-18)
(2.59509 2.59723 -5.01521e-18)
(2.67209 2.42507 4.81231e-18)
(0.837412 4.51064 0)
(1.02488 4.71983 2.62504e-18)
(1.21199 4.50144 -6.00768e-19)
(1.42847 4.26896 4.34419e-18)
(1.63162 4.00213 4.34538e-18)
(1.8166 3.72442 -6.99057e-18)
(1.98081 3.45416 0)
(2.12459 3.19972 -2.14444e-19)
(2.24999 2.96438 -1.75395e-17)
(2.35935 2.74926 0)
(2.45509 2.55408 1.10025e-17)
(2.54025 2.37703 -5.16924e-18)
(0.985955 4.56338 0)
(0.934746 4.68343 3.07964e-18)
(1.01579 4.37426 9.01128e-18)
(1.19469 4.08363 -7.69791e-18)
(1.38545 3.81452 -1.07623e-17)
(1.57426 3.55197 1.70577e-17)
(1.75103 3.30187 -1.92993e-19)
(1.91121 3.06729 -6.72213e-18)
(2.05342 2.84886 5.51704e-18)
(2.17866 2.64717 -1.17932e-17)
(2.28799 2.46209 -1.64176e-17)
(2.38422 2.2922 1.66677e-17)
(0.402285 4.17846 -1.82888e-18)
(0.559521 4.098 -1.21307e-17)
(0.684008 3.79665 2.33733e-18)
(0.875473 3.55308 0)
(1.08743 3.36307 0)
(1.29662 3.17516 3.56129e-19)
(1.49232 2.98942 1.82862e-17)
(1.67107 2.80845 1.13078e-17)
(1.83132 2.63344 0)
(1.97366 2.46675 1.07007e-17)
(2.09787 2.3095 0)
(2.20674 2.16126 4.90785e-19)
(3.64856 2.2374 1.2728e-20)
(3.87395 2.15899 -3.02302e-19)
(4.03604 2.09099 -3.67258e-19)
(4.12049 1.93641 -5.87035e-19)
(4.13969 1.80023 -2.95387e-19)
(4.08986 1.60655 0)
(3.96732 1.42899 0)
(3.76151 1.22604 8.03295e-19)
(3.48263 1.0279 -9.41949e-19)
(3.10006 0.786313 0)
(2.68099 0.376393 0)
(2.53498 -0.224096 -6.60459e-20)
(3.34572 2.75917 1.70388e-18)
(3.43579 2.71359 0)
(3.52962 2.63131 -8.87443e-19)
(3.62058 2.50966 5.22321e-19)
(3.69919 2.35211 3.01672e-19)
(3.73767 2.19232 2.67601e-18)
(3.73258 2.03602 -4.35501e-18)
(3.6753 1.89242 6.78242e-19)
(3.56497 1.78089 0)
(3.32431 1.67758 0)
(3.04912 1.53724 0)
(3.19037 1.02081 7.27613e-19)
(3.4194 2.49875 1.61848e-18)
(3.48904 2.40854 -4.38041e-18)
(3.55812 2.31459 1.2249e-18)
(3.61732 2.21651 2.96229e-18)
(3.65758 2.12083 -2.98471e-18)
(3.67369 2.02887 0)
(3.65957 1.95221 0)
(3.61626 1.90108 -2.38608e-19)
(3.55114 1.87868 1.0947e-18)
(3.41578 1.8708 0)
(3.19926 1.86025 0)
(3.41266 1.74079 -4.68543e-19)
(3.29599 2.48125 3.58092e-19)
(3.34949 2.38564 4.35399e-18)
(3.40183 2.29101 3.07407e-18)
(3.44988 2.198 -3.05368e-18)
(3.48899 2.11114 0)
(3.51469 2.03614 1.75498e-18)
(3.52299 1.98093 0)
(3.51686 1.95516 2.50406e-18)
(3.49286 1.9592 -7.73122e-19)
(3.42574 2.01686 0)
(3.24886 2.10083 -5.51666e-19)
(3.54709 2.15034 6.60696e-19)
(3.1738 2.42501 -3.15388e-18)
(3.22867 2.31882 0)
(3.2827 2.21897 0)
(3.33348 2.12672 0)
(3.37835 2.04579 0)
(3.41576 1.98098 -3.17634e-18)
(3.44418 1.94085 -1.42331e-19)
(3.46287 1.93233 -1.41259e-18)
(3.47844 1.96464 0)
(3.47567 2.05359 -1.23582e-18)
(3.36114 2.1972 4.92178e-19)
(3.77393 2.39676 -1.68928e-19)
(3.06221 2.3789 -2.50294e-19)
(3.11952 2.26534 -7.42128e-18)
(3.17616 2.16112 3.48288e-18)
(3.23117 2.0673 3.55031e-21)
(3.28365 1.98682 2.2719e-19)
(3.33334 1.92405 4.9105e-18)
(3.38108 1.88522 -1.56265e-19)
(3.42886 1.87755 -5.43416e-18)
(3.47874 1.91201 -2.17557e-18)
(3.53295 2.00593 1.0899e-18)
(3.47945 2.1959 -1.34215e-18)
(3.93823 2.51774 -5.42172e-19)
(2.95662 2.34104 1.17873e-17)
(3.01772 2.21836 3.85162e-18)
(3.0781 2.10682 0)
(3.13808 2.00721 0)
(3.19821 1.92177 2.13843e-19)
(3.25976 1.85409 -3.55311e-18)
(3.32512 1.80933 5.5356e-18)
(3.39786 1.79435 -1.29979e-19)
(3.48147 1.82032 1.85387e-18)
(3.58218 1.90712 0)
(3.60371 2.09661 -2.41414e-19)
(4.0982 2.50525 -7.98144e-20)
(2.85314 2.30691 -4.3074e-18)
(2.91746 2.17416 -3.96313e-18)
(2.98083 2.05374 4.24672e-18)
(3.04458 1.94592 -3.96096e-18)
(3.11042 1.85217 5.54119e-22)
(3.18089 1.77499 7.77776e-18)
(3.25998 1.71814 -3.54731e-18)
(3.35336 1.68752 1.99146e-18)
(3.46691 1.69359 0)
(3.61258 1.75768 1.1935e-18)
(3.71084 1.93282 6.10888e-19)
(4.20375 2.38756 -9.20452e-19)
(2.74303 2.26906 4.67297e-18)
(2.81026 2.12702 -4.52768e-18)
(2.87578 1.99783 -4.22431e-18)
(2.94171 1.88105 -8.77546e-18)
(3.0106 1.77733 8.40695e-18)
(3.08603 1.68809 -8.01943e-18)
(3.17344 1.61521 0)
(3.28094 1.56279 -1.8826e-18)
(3.41766 1.53906 0)
(3.60268 1.56481 0)
(3.78074 1.70404 0)
(4.26192 2.12943 4.3851e-19)
(2.61686 2.21618 5.02159e-18)
(2.68772 2.0688 -1.01042e-17)
(2.7552 1.93366 9.84822e-18)
(2.82187 1.80971 9.42677e-18)
(2.89075 1.6968 4.53379e-18)
(2.96642 1.59524 0)
(3.05558 1.50475 0)
(3.16821 1.42686 4.33256e-18)
(3.31735 1.36562 0)
(3.53218 1.33858 -1.20807e-18)
(3.77208 1.40297 7.89185e-19)
(4.24828 1.71963 -1.27209e-18)
(2.46855 2.13623 -1.09639e-17)
(2.54426 1.99091 1.01354e-17)
(2.61379 1.85561 -9.90783e-18)
(2.67987 1.72878 -2.48614e-17)
(2.74566 1.60988 -2.46412e-19)
(2.81615 1.49839 1.33907e-19)
(2.89953 1.39173 -4.71182e-18)
(3.00618 1.28812 -4.27998e-18)
(3.15296 1.18549 0)
(3.37736 1.09574 3.60405e-18)
(3.64969 1.03096 8.88499e-19)
(4.11824 1.02326 -1.78374e-18)
(2.29956 2.02216 -4.88467e-19)
(2.38013 1.8879 0)
(2.45055 1.75983 0)
(2.51331 1.63601 4.7472e-18)
(2.57226 1.51609 1.44631e-17)
(2.63213 1.39921 -4.71361e-18)
(2.70222 1.2812 -2.18106e-19)
(2.791 1.15703 -2.38383e-18)
(2.91742 1.01721 -2.20578e-18)
(3.10903 0.863482 -2.22074e-18)
(3.38985 0.640238 0)
(3.71803 -0.035585 2.32226e-18)
(2.21889 -0.21578 -2.04874e-23)
(1.93285 -0.293645 0)
(1.76508 -0.384841 -1.40868e-19)
(1.65571 -0.498288 0)
(1.5843 -0.625539 -6.13025e-19)
(1.5333 -0.74826 6.59019e-19)
(1.60862 -0.875299 0)
(1.71186 -1.18286 1.10354e-18)
(1.43155 -2.01016 -5.01236e-19)
(1.60837 -2.86721 -4.14616e-20)
(2.00625 -3.1284 -8.58285e-19)
(2.13151 -3.39642 -7.54813e-19)
(2.6667 0.367644 -2.55704e-19)
(2.40083 0.191742 -1.43532e-19)
(2.34324 -0.0522236 5.26071e-19)
(2.33541 -0.323676 0)
(2.38504 -0.616871 -1.01788e-18)
(2.39391 -1.04632 6.17542e-19)
(2.43526 -1.87049 0)
(2.71064 -2.62044 9.63122e-19)
(2.71917 -2.98008 -2.33967e-18)
(2.77905 -3.13104 1.98288e-18)
(2.80145 -3.16169 1.53631e-18)
(2.78583 -3.24508 -3.91388e-18)
(2.98602 0.346838 -1.85661e-19)
(2.69672 0.116524 0)
(2.72457 -0.288952 -1.63957e-18)
(2.74818 -0.768032 0)
(2.82001 -1.41142 0)
(2.96718 -2.14787 -8.18255e-19)
(2.99849 -2.67244 3.96841e-18)
(2.98612 -2.98741 -2.72258e-18)
(2.8629 -3.14959 9.40279e-19)
(2.75564 -3.24322 0)
(2.67163 -3.28479 2.66123e-18)
(2.58565 -3.35261 -1.62435e-18)
(3.31964 0.309878 8.37948e-19)
(3.10909 -0.0768003 1.2347e-18)
(3.20685 -0.632948 1.37248e-18)
(3.27312 -1.27897 2.88321e-18)
(3.33538 -1.93642 -1.69811e-18)
(3.32166 -2.47152 -1.18419e-18)
(3.20436 -2.78943 0)
(3.07341 -2.96938 0)
(2.91373 -3.08408 2.14522e-18)
(2.78877 -3.1486 0)
(2.68178 -3.19041 5.10005e-19)
(2.5798 -3.24369 1.40565e-18)
(3.53766 0.102997 1.26973e-18)
(3.48803 -0.33905 -9.87699e-19)
(3.59736 -0.939666 -2.90199e-18)
(3.63675 -1.57813 0)
(3.5952 -2.13492 0)
(3.46056 -2.5094 2.94974e-18)
(3.28582 -2.72695 0)
(3.11261 -2.86436 -5.81447e-18)
(2.9426 -2.95193 -2.48871e-18)
(2.79164 -3.01399 4.36519e-18)
(2.65969 -3.06512 -5.8906e-18)
(2.53834 -3.11959 3.68675e-18)
(3.73382 -0.109948 -2.62521e-18)
(3.78578 -0.590209 -1.53442e-18)
(3.87449 -1.15486 2.26012e-18)
(3.84991 -1.70882 3.99186e-19)
(3.72286 -2.143 3.58223e-18)
(3.53589 -2.42448 -7.47022e-18)
(3.33314 -2.60391 6.84803e-18)
(3.13661 -2.7268 7.0266e-19)
(2.95138 -2.81624 0)
(2.78472 -2.88586 0)
(2.63675 -2.94594 8.8537e-18)
(2.50231 -3.00466 6.11523e-20)
(3.89997 -0.327325 -2.94923e-20)
(4.04617 -0.793501 -2.31069e-18)
(4.08234 -1.28171 0)
(3.99874 -1.72658 -4.52725e-18)
(3.8218 -2.06594 4.72874e-18)
(3.60452 -2.30017 1.12922e-17)
(3.38034 -2.46428 6.93078e-18)
(3.1657 -2.58629 8.93075e-19)
(2.96625 -2.68175 -1.07929e-17)
(2.7853 -2.76037 4.72577e-18)
(2.62271 -2.82939 5.06355e-18)
(2.47537 -2.89428 2.73888e-19)
(4.08511 -0.534833 2.18448e-19)
(4.2968 -0.939278 3.33e-18)
(4.26261 -1.32965 0)
(4.13388 -1.67704 -4.82417e-18)
(3.92262 -1.95297 -3.51911e-18)
(3.68047 -2.16169 6.43276e-19)
(3.4361 -2.32107 -1.18294e-17)
(3.20331 -2.44731 4.30603e-19)
(2.98748 -2.55086 -2.75646e-19)
(2.79087 -2.63855 5.22323e-18)
(2.61336 -2.71568 -4.222e-18)
(2.45275 -2.78649 2.24881e-19)
(4.25568 -0.705268 -3.38359e-18)
(4.52954 -1.02937 1.48275e-18)
(4.41716 -1.31561 -7.59821e-18)
(4.24467 -1.58346 3.75387e-18)
(4.00448 -1.81438 0)
(3.74075 -2.00709 0)
(3.47826 -2.16641 6.45235e-18)
(3.22905 -2.29957 1.18436e-17)
(2.99821 -2.41252 -5.43201e-18)
(2.78764 -2.50975 -4.96246e-18)
(2.59722 -2.59509 -4.77149e-18)
(2.42506 -2.67208 0)
(4.51065 -0.837417 7.11701e-20)
(4.71983 -1.02487 3.99173e-18)
(4.50146 -1.21199 9.04263e-18)
(4.26899 -1.42847 0)
(4.00216 -1.63164 7.5781e-18)
(3.72443 -1.81663 0)
(3.45416 -1.98084 3.35729e-19)
(3.19972 -2.12462 -5.64974e-18)
(2.96437 -2.25001 6.14654e-18)
(2.74925 -2.35936 0)
(2.55406 -2.45509 0)
(2.37702 -2.54024 -1.06676e-17)
(4.56338 -0.985961 -6.45289e-18)
(4.68343 -0.934741 3.07953e-18)
(4.37427 -1.01579 5.15056e-19)
(4.08365 -1.1947 -8.4935e-18)
(3.81453 -1.38546 -3.32637e-18)
(3.55198 -1.57428 -3.40996e-18)
(3.30187 -1.75106 -6.65133e-18)
(3.06729 -1.91123 -1.88111e-17)
(2.84885 -2.05343 -5.51677e-18)
(2.64715 -2.17866 -1.17927e-17)
(2.46208 -2.28798 1.14786e-17)
(2.29219 -2.3842 1.058e-17)
(4.17847 -0.402298 3.50021e-18)
(4.098 -0.55953 -1.39079e-18)
(3.79666 -0.68402 3.51703e-19)
(3.5531 -0.875488 7.25912e-18)
(3.36309 -1.08744 0)
(3.17518 -1.29664 -6.56993e-18)
(2.98943 -1.49234 5.88848e-18)
(2.80846 -1.67108 5.25131e-18)
(2.63344 -1.83133 -1.7123e-17)
(2.46674 -1.97366 1.07003e-17)
(2.30949 -2.09785 -1.04994e-17)
(2.16125 -2.20672 0)
(2.23742 -3.64861 -3.70836e-19)
(2.15903 -3.87402 9.01153e-19)
(2.09102 -4.03611 -9.26302e-19)
(1.93645 -4.12056 -2.24626e-19)
(1.80026 -4.13977 -1.44229e-19)
(1.60659 -4.08994 8.27697e-20)
(1.42902 -3.96739 -1.29114e-19)
(1.22607 -3.76157 -3.23214e-19)
(1.02792 -3.48269 -9.41884e-19)
(0.786332 -3.1001 0)
(0.37642 -2.68103 0)
(-0.224026 -2.53503 -6.60356e-20)
(2.75919 -3.34579 -6.86997e-20)
(2.71363 -3.43585 2.17953e-18)
(2.63135 -3.52968 -8.87433e-19)
(2.5097 -3.62064 0)
(2.35215 -3.69924 1.75493e-18)
(2.19236 -3.73772 0)
(2.03606 -3.73263 1.30469e-18)
(1.89245 -3.67534 2.24172e-18)
(1.78092 -3.56501 -1.90454e-18)
(1.67761 -3.32433 0)
(1.53728 -3.04914 0)
(1.02089 -3.19038 -3.02774e-20)
(2.49877 -3.41947 1.16599e-18)
(2.40857 -3.48909 -1.08538e-18)
(2.31462 -3.55817 1.22487e-18)
(2.21655 -3.61736 0)
(2.12087 -3.65762 -1.31193e-18)
(2.02891 -3.67372 3.28338e-18)
(1.95224 -3.6596 -4.73642e-18)
(1.90111 -3.61628 -5.24664e-18)
(1.87872 -3.55115 3.07632e-18)
(1.87084 -3.41579 0)
(1.8603 -3.19926 6.12888e-19)
(1.74085 -3.41266 1.51912e-19)
(2.48127 -3.29604 1.34962e-18)
(2.38567 -3.34953 -3.03491e-18)
(2.29104 -3.40187 3.07403e-18)
(2.19803 -3.44991 -3.05362e-18)
(2.11117 -3.48902 0)
(2.03617 -3.51471 1.75494e-18)
(1.98097 -3.52301 1.17215e-18)
(1.9552 -3.51687 6.89218e-19)
(1.95924 -3.49287 -1.56955e-18)
(2.01691 -3.42575 0)
(2.10088 -3.24886 -3.54628e-19)
(2.15041 -3.54709 5.92238e-19)
(2.42503 -3.17384 3.53591e-18)
(2.31885 -3.2287 -1.82216e-18)
(2.219 -3.28272 0)
(2.12675 -3.33349 0)
(2.04582 -3.37836 1.73496e-18)
(1.98102 -3.41577 -1.45172e-18)
(1.94089 -3.44418 -2.58667e-19)
(1.93237 -3.46287 0)
(1.96469 -3.47844 -8.37126e-19)
(2.05363 -3.47567 1.23572e-18)
(2.19725 -3.36114 -1.07794e-18)
(2.39683 -3.77393 -2.72624e-19)
(2.37891 -3.06224 -7.49902e-18)
(2.26536 -3.11954 3.57772e-18)
(2.16114 -3.17616 7.19913e-18)
(2.06732 -3.23117 3.55018e-21)
(1.98684 -3.28365 -8.51059e-18)
(1.92408 -3.33334 -3.59715e-18)
(1.88525 -3.38107 -2.46879e-19)
(1.87759 -3.42886 0)
(1.91205 -3.47873 0)
(2.00598 -3.53295 -1.08986e-18)
(2.19595 -3.47944 -7.81318e-19)
(2.51781 -3.93823 2.37794e-19)
(2.34105 -2.95662 4.02831e-18)
(2.21837 -3.01772 -7.93404e-18)
(2.10684 -3.0781 -3.51529e-18)
(2.00723 -3.13807 -2.03444e-19)
(1.9218 -3.1982 3.36172e-18)
(1.85412 -3.25975 3.31306e-18)
(1.80936 -3.3251 1.86615e-18)
(1.79439 -3.39785 1.81445e-18)
(1.82036 -3.48146 -2.01095e-18)
(1.90716 -3.58217 0)
(2.09666 -3.60371 1.25465e-18)
(2.50532 -4.09819 -3.61098e-19)
(2.30691 -2.85313 0)
(2.17417 -2.91745 3.96313e-18)
(2.05375 -2.98082 0)
(1.94593 -3.04456 -2.0253e-19)
(1.85218 -3.1104 5.54487e-22)
(1.77501 -3.18087 7.77765e-18)
(1.71817 -3.25996 -7.48497e-18)
(1.68755 -3.35335 0)
(1.69363 -3.46689 -2.1264e-18)
(1.75771 -3.61257 1.19346e-18)
(1.93287 -3.71083 -2.33585e-18)
(2.38761 -4.20374 1.17511e-18)
(2.26906 -2.74301 4.67293e-18)
(2.12702 -2.81024 -4.52765e-18)
(1.99784 -2.87576 -4.5808e-18)
(1.88106 -2.94168 4.46791e-18)
(1.77734 -3.01057 4.20676e-18)
(1.68811 -3.086 -1.22838e-17)
(1.61523 -3.17341 3.82159e-18)
(1.56281 -3.28091 0)
(1.53909 -3.41764 1.93589e-18)
(1.56484 -3.60267 0)
(1.70408 -3.78073 2.84826e-18)
(2.12948 -4.26191 -2.08459e-18)
(2.21617 -2.61683 0)
(2.06879 -2.68769 -1.0104e-17)
(1.93366 -2.75517 -5.24643e-18)
(1.80972 -2.82184 -9.14404e-18)
(1.6968 -2.89072 4.53369e-18)
(1.59525 -2.96639 4.26497e-18)
(1.50477 -3.05555 0)
(1.42688 -3.16819 0)
(1.36565 -3.31732 0)
(1.33861 -3.53216 0)
(1.40301 -3.77206 -7.91411e-19)
(1.71967 -4.24827 -1.03806e-19)
(2.13622 -2.46853 5.34277e-18)
(1.9909 -2.54423 4.90993e-18)
(1.85561 -2.61376 2.039e-17)
(1.72878 -2.67983 5.23183e-18)
(1.60989 -2.74563 1.96133e-17)
(1.49839 -2.81612 -4.7126e-18)
(1.39174 -2.8995 -4.71165e-18)
(1.28814 -3.00615 0)
(1.18551 -3.15294 -4.44707e-18)
(1.09576 -3.37734 -2.39657e-18)
(1.03098 -3.64967 -1.8197e-18)
(1.0233 -4.11823 -1.10848e-25)
(2.02215 -2.29953 0)
(1.8879 -2.3801 0)
(1.75983 -2.45051 -2.02937e-17)
(1.63601 -2.51327 -1.47707e-17)
(1.5161 -2.57223 -4.66478e-18)
(1.39922 -2.63209 0)
(1.28121 -2.70218 4.67816e-18)
(1.15704 -2.79097 0)
(1.01722 -2.91739 -1.93468e-19)
(0.863501 -3.109 2.22066e-18)
(0.640259 -3.38983 6.54577e-19)
(-0.0355686 -3.71802 4.59724e-18)
(-0.21578 -2.21889 1.03214e-19)
(-0.293651 -1.93285 1.99063e-19)
(-0.384834 -1.76509 -1.75418e-19)
(-0.498286 -1.65571 1.89688e-20)
(-0.625465 -1.58431 0)
(-0.748234 -1.53331 7.65053e-21)
(-0.875202 -1.60876 0)
(-1.18286 -1.71199 4.91983e-19)
(-2.01049 -1.43155 1.19187e-18)
(-2.86736 -1.60855 -6.26137e-20)
(-3.12838 -2.00643 7.98112e-19)
(-3.3964 -2.13158 7.70501e-19)
(0.367642 -2.66672 3.38919e-19)
(0.191733 -2.40086 -4.71176e-19)
(-0.0522169 -2.3433 4.94668e-19)
(-0.323643 -2.3355 -2.78697e-20)
(-0.61691 -2.38522 -1.01814e-18)
(-1.04667 -2.39392 -2.04027e-19)
(-1.87101 -2.43545 -1.13035e-18)
(-2.62069 -2.71084 -1.49358e-18)
(-2.98018 -2.71929 2.16224e-18)
(-3.13104 -2.77914 -5.19107e-19)
(-3.16154 -2.80158 7.39151e-19)
(-3.24501 -2.78586 4.60008e-19)
(0.346797 -2.98605 -3.71377e-19)
(0.116427 -2.69679 0)
(-0.2891 -2.72468 0)
(-0.768344 -2.74834 -1.58658e-18)
(-1.41189 -2.8203 0)
(-2.14819 -2.96748 -1.29952e-18)
(-2.67247 -2.9987 6.56952e-19)
(-2.98723 -2.98627 2.41007e-18)
(-3.14936 -2.86301 -1.20567e-18)
(-3.24289 -2.75574 -1.8565e-18)
(-3.28464 -2.67166 -3.7485e-18)
(-3.3525 -2.58567 3.81472e-18)
(0.309725 -3.31964 -1.6762e-18)
(-0.0770464 -3.10918 -1.23507e-18)
(-0.633269 -3.20699 2.42167e-18)
(-1.27932 -3.27331 9.83377e-19)
(-1.93665 -3.33558 0)
(-2.47151 -3.32177 -4.41054e-18)
(-2.78927 -3.20442 3.17403e-18)
(-2.96915 -3.07346 0)
(-3.08385 -2.91379 3.17499e-18)
(-3.1484 -2.78881 -5.22121e-18)
(-3.19029 -2.6818 3.56922e-18)
(-3.24359 -2.57981 4.95095e-19)
(0.102812 -3.53763 1.93663e-18)
(-0.339328 -3.48808 3.02817e-18)
(-0.939954 -3.59743 9.70135e-19)
(-1.57832 -3.63681 0)
(-2.13494 -3.5952 -2.70257e-18)
(-2.50923 -3.46055 4.46167e-18)
(-2.72673 -3.28582 0)
(-2.86413 -3.11263 -3.17689e-18)
(-2.95173 -2.94264 -2.98257e-18)
(-3.01383 -2.79167 4.36455e-18)
(-3.06502 -2.65971 0)
(-3.1195 -2.53834 -3.33776e-18)
(-0.11017 -3.73373 2.0242e-18)
(-0.590461 -3.78577 7.35771e-19)
(-1.15506 -3.87445 -2.25976e-18)
(-1.70891 -3.84984 -8.88794e-18)
(-2.14293 -3.72277 -3.0944e-19)
(-2.42431 -3.53584 7.80568e-18)
(-2.60371 -3.33312 0)
(-2.72661 -3.13663 8.89749e-18)
(-2.81608 -2.95141 -5.19389e-18)
(-2.88574 -2.78476 4.54176e-18)
(-2.94586 -2.63677 2.8806e-19)
(-3.0046 -2.50232 -6.11439e-20)
(-0.327511 -3.89988 -1.90793e-18)
(-0.793688 -4.04611 -1.47809e-18)
(-1.28185 -4.08224 0)
(-1.72662 -3.99862 9.80665e-18)
(-2.06587 -3.82169 -1.33308e-17)
(-2.30003 -3.60446 -2.20303e-19)
(-2.46412 -3.38031 -1.31913e-17)
(-2.58615 -3.16571 5.52256e-19)
(-2.68163 -2.96628 -5.1148e-18)
(-2.76028 -2.78533 -5.08543e-18)
(-2.82933 -2.62274 5.06293e-18)
(-2.89423 -2.47539 -4.18471e-18)
(-0.534981 -4.08502 -1.69149e-19)
(-0.939415 -4.29673 -1.80201e-18)
(-1.32974 -4.26248 0)
(-1.67706 -4.13374 4.82368e-18)
(-1.95291 -3.92251 3.30352e-18)
(-2.16159 -3.6804 2.95856e-18)
(-2.32095 -3.43608 -5.20035e-19)
(-2.4472 -3.20332 -1.28307e-19)
(-2.55077 -2.98751 -5.6675e-18)
(-2.63848 -2.7909 -6.12409e-19)
(-2.71563 -2.61339 2.381e-19)
(-2.78645 -2.45277 0)
(-0.705365 -4.25559 2.10606e-18)
(-1.02946 -4.52946 0)
(-1.31567 -4.41704 0)
(-1.58348 -4.24454 -3.75381e-18)
(-1.81434 -4.00436 3.35251e-18)
(-2.00701 -3.74068 -6.96874e-18)
(-2.16632 -3.47822 0)
(-2.29949 -3.22904 5.79783e-18)
(-2.41244 -2.99822 -2.46789e-19)
(-2.50969 -2.78767 4.96203e-18)
(-2.59505 -2.59725 -5.20992e-18)
(-2.67205 -2.42509 1.00295e-17)
(-0.83745 -4.51058 4.32988e-18)
(-1.02493 -4.71978 -1.36692e-18)
(-1.21203 -4.50136 -4.82185e-18)
(-1.42849 -4.26888 -8.3432e-18)
(-1.63162 -4.00205 0)
(-1.81658 -3.72435 6.32346e-18)
(-1.98078 -3.45411 -1.28521e-17)
(-2.12455 -3.19969 5.72353e-18)
(-2.24994 -2.96437 6.14617e-18)
(-2.35931 -2.74926 0)
(-2.45505 -2.55408 -5.88537e-18)
(-2.54021 -2.37704 -9.94121e-18)
(-0.985974 -4.56335 -6.40134e-18)
(-0.934778 -4.68339 1.40036e-18)
(-1.01581 -4.3742 4.24797e-18)
(-1.19471 -4.08355 3.59877e-18)
(-1.38545 -3.81444 -4.99627e-20)
(-1.57424 -3.5519 -1.05529e-17)
(-1.751 -3.30181 1.26246e-17)
(-1.91117 -3.06725 2.47336e-17)
(-2.05337 -2.84883 -1.73538e-17)
(-2.17861 -2.64715 -1.17922e-17)
(-2.28794 -2.46208 1.08245e-17)
(-2.38417 -2.29219 0)
(-0.40228 -4.17844 5.40581e-18)
(-0.55953 -4.09797 1.84105e-18)
(-0.684022 -3.7966 1.98557e-18)
(-0.87548 -3.55302 7.8084e-18)
(-1.08742 -3.36301 0)
(-1.2966 -3.1751 6.21363e-18)
(-1.49229 -2.98936 -1.23969e-17)
(-1.67102 -2.8084 -5.49437e-18)
(-1.83127 -2.6334 -5.63528e-18)
(-1.97361 -2.46672 1.07001e-17)
(-2.09781 -2.30948 5.60802e-18)
(-2.20669 -2.16124 1.61335e-17)
(-3.6486 -2.23748 9.93123e-20)
(-3.87397 -2.15904 6.09341e-19)
(-4.03606 -2.09103 2.54346e-19)
(-4.1205 -1.93644 -5.81263e-19)
(-4.13971 -1.80025 1.50977e-19)
(-4.08987 -1.60657 0)
(-3.96734 -1.429 -5.14492e-19)
(-3.76153 -1.22604 3.89917e-19)
(-3.48265 -1.0279 0)
(-3.10008 -0.78631 1.1606e-19)
(-2.68101 -0.376399 0)
(-2.53501 0.224053 -2.98295e-19)
(-3.34571 -2.75922 -4.29667e-18)
(-3.43578 -2.71363 3.03708e-18)
(-3.52962 -2.63134 2.32045e-18)
(-3.62058 -2.50967 -9.80556e-19)
(-3.69919 -2.35212 0)
(-3.73767 -2.19233 0)
(-3.73259 -2.03603 1.48911e-18)
(-3.67531 -1.89242 -1.60466e-18)
(-3.56498 -1.78089 0)
(-3.32431 -1.67758 6.08472e-19)
(-3.04912 -1.53725 -3.78259e-20)
(-3.19037 -1.02086 -1.10137e-18)
(-3.41937 -2.49878 1.67199e-18)
(-3.48902 -2.40857 -2.85321e-18)
(-3.55811 -2.31461 0)
(-3.6173 -2.21653 -2.99424e-18)
(-3.65757 -2.12085 -3.05707e-18)
(-3.67368 -2.02888 6.49606e-18)
(-3.65956 -1.95221 -5.78337e-18)
(-3.61626 -1.90108 0)
(-3.55113 -1.87868 0)
(-3.41578 -1.8708 0)
(-3.19925 -1.86026 -5.3502e-19)
(-3.41265 -1.7408 1.64706e-19)
(-3.29596 -2.48128 -1.34953e-18)
(-3.34946 -2.38566 -4.00623e-19)
(-3.40181 -2.29103 0)
(-3.44987 -2.19801 -3.78164e-19)
(-3.48898 -2.11115 0)
(-3.51468 -2.03614 0)
(-3.52299 -1.98093 1.33227e-18)
(-3.51686 -1.95516 -1.59378e-18)
(-3.49285 -1.9592 1.73005e-18)
(-3.42574 -2.01686 0)
(-3.24886 -2.10083 -5.51672e-19)
(-3.54708 -2.15036 -6.60704e-19)
(-3.17378 -2.42503 7.36748e-18)
(-3.22865 -2.31884 -1.822e-18)
(-3.28268 -2.21899 3.26264e-18)
(-3.33346 -2.12673 1.46265e-18)
(-3.37834 -2.0458 -4.93287e-18)
(-3.41575 -1.98098 0)
(-3.44417 -1.94085 -1.66151e-18)
(-3.46286 -1.93233 0)
(-3.47843 -1.96464 0)
(-3.47567 -2.05358 1.23576e-18)
(-3.36114 -2.1972 3.13099e-20)
(-3.77392 -2.39677 7.41567e-19)
(-3.06219 -2.37892 -3.49812e-18)
(-3.1195 -2.26536 -2.65839e-19)
(-3.17614 -2.16114 0)
(-3.23115 -2.06731 0)
(-3.28364 -1.98682 -5.38829e-18)
(-3.33333 -1.92405 3.37331e-18)
(-3.38107 -1.88521 3.42794e-18)
(-3.42885 -1.87755 1.78216e-18)
(-3.47873 -1.91201 -4.21944e-18)
(-3.53294 -2.00593 -1.08988e-18)
(-3.47945 -2.1959 0)
(-3.93822 -2.51775 8.46548e-19)
(-2.95659 -2.34106 -8.27394e-18)
(-3.01769 -2.21838 3.39434e-18)
(-3.07808 -2.10684 3.74848e-18)
(-3.13806 -2.00722 2.05375e-19)
(-3.19819 -1.92178 -4.19624e-19)
(-3.25975 -1.85409 -3.75039e-18)
(-3.3251 -1.80933 -5.43255e-18)
(-3.39785 -1.79435 -1.94621e-18)
(-3.48146 -1.82031 1.85375e-18)
(-3.58217 -1.90711 0)
(-3.60371 -2.09661 2.1218e-18)
(-4.09819 -2.50526 -5.40644e-19)
(-2.85311 -2.30693 8.41971e-18)
(-2.91744 -2.17418 -4.57854e-18)
(-2.98081 -2.05376 -4.24637e-18)
(-3.04456 -1.94593 -7.71877e-18)
(-3.1104 -1.85217 7.5452e-18)
(-3.18087 -1.77499 -1.95109e-19)
(-3.25996 -1.71814 1.12388e-17)
(-3.35335 -1.68751 1.78205e-18)
(-3.4669 -1.69358 2.1263e-18)
(-3.61257 -1.75766 0)
(-3.71084 -1.93282 -1.45279e-18)
(-4.20374 -2.38756 -6.9451e-19)
(-2.743 -2.26908 0)
(-2.81023 -2.12704 4.337e-18)
(-2.87575 -1.99784 4.22395e-18)
(-2.94168 -1.88106 -4.30715e-18)
(-3.01058 -1.77733 -1.64729e-19)
(-3.08601 -1.68809 -4.26419e-18)
(-3.17342 -1.6152 -3.82135e-18)
(-3.28092 -1.56278 0)
(-3.41765 -1.53905 -1.9358e-18)
(-3.60267 -1.56479 -1.20184e-18)
(-3.78073 -1.70403 4.65977e-18)
(-4.26191 -2.12943 -9.98181e-19)
(-2.61682 -2.21619 0)
(-2.68768 -2.06881 0)
(-2.75517 -1.93366 0)
(-2.82184 -1.80972 -1.4257e-17)
(-2.89073 -1.6968 9.0424e-18)
(-2.9664 -1.59524 8.68657e-18)
(-3.05555 -1.50474 0)
(-3.16819 -1.42685 -4.33216e-18)
(-3.31733 -1.36561 0)
(-3.53216 -1.33856 -2.46719e-18)
(-3.77207 -1.40296 -7.91395e-19)
(-4.24827 -1.71962 -1.2721e-18)
(-2.46851 -2.13623 0)
(-2.54422 -1.99091 0)
(-2.61375 -1.85561 1.04819e-17)
(-2.67983 -1.72878 1.46423e-17)
(-2.74563 -1.60988 4.04688e-19)
(-2.81613 -1.49838 4.8462e-18)
(-2.89951 -1.39172 -2.3086e-18)
(-3.00616 -1.28811 6.48104e-18)
(-3.15295 -1.18547 4.44679e-18)
(-3.37735 -1.09572 2.23729e-18)
(-3.64967 -1.03094 -1.81966e-18)
(-4.11823 -1.02325 -1.95522e-18)
(-2.29951 -2.02215 0)
(-2.38008 -1.8879 0)
(-2.45051 -1.75983 -9.90892e-18)
(-2.51327 -1.63601 5.21406e-18)
(-2.57223 -1.51609 -4.66465e-18)
(-2.6321 -1.3992 -4.71331e-18)
(-2.70219 -1.28119 4.8961e-18)
(-2.79098 -1.15701 0)
(-2.9174 -1.01719 -4.33467e-18)
(-3.10901 -0.86346 -2.31e-18)
(-3.38983 -0.640212 2.2489e-18)
(-3.71802 0.0356109 -4.61653e-18)
(-2.21889 0.215741 1.0328e-19)
(-1.93284 0.293616 0)
(-1.76507 0.384802 0)
(-1.65569 0.498256 5.86178e-19)
(-1.58429 0.625466 -6.35441e-19)
(-1.5333 0.748212 0)
(-1.6087 0.875206 0)
(-1.71195 1.18284 4.9181e-19)
(-1.43155 2.01039 1.17473e-18)
(-1.60849 2.86736 1.20802e-18)
(-2.00641 3.12844 -6.02818e-20)
(-2.13159 3.39645 7.18812e-19)
(-2.6667 -0.367672 -4.69386e-19)
(-2.40083 -0.191758 0)
(-2.34326 0.0522037 0)
(-2.33544 0.323652 -8.11629e-19)
(-2.38513 0.6169 2.16446e-18)
(-2.39391 1.04655 -2.49602e-18)
(-2.43538 1.87084 9.19366e-19)
(-2.71078 2.62065 8.69573e-19)
(-2.71926 2.9802 -2.6629e-19)
(-2.77912 3.13109 8.52954e-19)
(-2.80156 3.16163 0)
(-2.78588 3.24508 -1.8102e-18)
(-2.98604 -0.346855 3.71304e-19)
(-2.69676 -0.116491 0)
(-2.72463 0.289032 0)
(-2.74827 0.768225 -9.39067e-19)
(-2.82019 1.41172 7.1386e-19)
(-2.96736 2.14809 -1.62765e-18)
(-2.99862 2.67251 0)
(-2.98622 2.98735 -3.16083e-18)
(-2.86298 3.1495 3.87899e-18)
(-2.75572 3.24305 -1.05278e-18)
(-2.67167 3.28474 -2.63895e-18)
(-2.58569 3.35258 3.81446e-18)
(-3.31965 -0.309817 -8.37963e-19)
(-3.10915 0.0769228 1.2348e-18)
(-3.20694 0.633123 0)
(-3.27323 1.27918 9.8345e-19)
(-3.33549 1.93658 -6.52815e-19)
(-3.32173 2.47156 1.18422e-18)
(-3.2044 2.78939 0)
(-3.07345 2.96929 -2.39485e-18)
(-2.91378 3.08398 -5.31996e-18)
(-2.78881 3.14851 3.6376e-18)
(-2.68181 3.19037 3.56924e-18)
(-2.57982 3.24366 -6.9497e-18)
(-3.53765 -0.102911 9.68094e-19)
(-3.48806 0.339189 -1.2325e-18)
(-3.5974 0.939822 2.90152e-18)
(-3.63679 1.57825 0)
(-3.59521 2.13497 -5.73471e-18)
(-3.46056 2.50936 5.33767e-18)
(-3.28582 2.72687 3.178e-18)
(-3.11263 2.86426 2.41354e-18)
(-2.94263 2.95184 0)
(-2.79167 3.01392 0)
(-2.65971 3.06509 0)
(-2.53836 3.11956 -7.49167e-19)
(-3.73378 0.11006 5.24995e-18)
(-3.78578 0.590338 0)
(-3.87447 1.15498 -2.25985e-18)
(-3.84988 1.70889 4.64333e-18)
(-3.72281 2.14301 3.53745e-18)
(-3.53586 2.42443 -7.4386e-18)
(-3.33313 2.60383 3.49738e-18)
(-3.13662 2.72672 -1.22104e-17)
(-2.9514 2.81617 -1.90129e-19)
(-2.78475 2.88581 -4.49023e-19)
(-2.63677 2.94591 2.88079e-19)
(-2.50233 3.00464 1.18293e-17)
(-3.89992 0.327421 -6.83786e-18)
(-4.04614 0.793602 4.18026e-18)
(-4.08229 1.2818 -6.43847e-18)
(-3.99868 1.72663 -4.52691e-18)
(-3.82174 2.06594 -8.28651e-18)
(-3.60448 2.30013 -4.42203e-18)
(-3.38032 2.46422 -6.53456e-18)
(-3.1657 2.58623 1.08718e-17)
(-2.96626 2.6817 0)
(-2.78531 2.76033 9.52086e-18)
(-2.62272 2.82936 -1.33714e-17)
(-2.47538 2.89425 4.47945e-18)
(-4.08506 0.534911 -3.12934e-18)
(-4.29677 0.939358 -5.27639e-18)
(-4.26255 1.32971 7.40958e-18)
(-4.13381 1.67708 0)
(-3.92256 1.95296 -4.14096e-18)
(-3.68042 2.16166 6.29762e-18)
(-3.43607 2.32102 -3.20236e-19)
(-3.2033 2.44727 1.28316e-19)
(-2.98748 2.55082 -5.23345e-18)
(-2.79088 2.63851 -9.89492e-18)
(-2.61337 2.71565 4.43915e-18)
(-2.45276 2.78647 -4.50343e-18)
(-4.25564 0.705323 2.10611e-18)
(-4.5295 1.02943 0)
(-4.4171 1.31566 0)
(-4.2446 1.58349 0)
(-4.00441 1.81438 3.35255e-18)
(-3.7407 2.00707 0)
(-3.47822 2.16637 -4.10598e-19)
(-3.22903 2.29953 1.15131e-17)
(-2.9982 2.41248 2.81829e-19)
(-2.78764 2.50971 4.96213e-18)
(-2.59723 2.59506 -5.01483e-18)
(-2.42507 2.67206 1.48416e-17)
(-4.51062 0.837444 7.1163e-20)
(-4.71981 1.02491 7.25522e-18)
(-4.50141 1.21202 -2.21952e-18)
(-4.26893 1.42849 0)
(-4.00209 1.63164 0)
(-3.72438 1.81662 0)
(-3.45412 1.98082 0)
(-3.19969 2.12458 5.98258e-18)
(-2.96435 2.24997 -2.30075e-17)
(-2.74924 2.35933 -1.13867e-17)
(-2.55406 2.45506 1.10015e-17)
(-2.37702 2.54021 5.89449e-18)
(-4.56337 0.985979 -6.40117e-18)
(-4.68341 0.934768 -4.2563e-18)
(-4.37423 1.01581 -2.53811e-18)
(-4.0836 1.19471 0)
(-3.81448 1.38547 0)
(-3.55193 1.57427 7.08991e-18)
(-3.30183 1.75103 -1.31091e-17)
(-3.06726 1.9112 2.49505e-17)
(-2.84883 2.0534 1.76904e-17)
(-2.64714 2.17863 1.11035e-17)
(-2.46207 2.28795 -1.08244e-17)
(-2.29218 2.38417 6.27599e-19)
(-4.17846 0.402302 -1.82883e-18)
(-4.09799 0.55954 0)
(-3.79663 0.684031 3.8008e-18)
(-3.55307 0.875497 -1.16077e-17)
(-3.36306 1.08745 1.04943e-17)
(-3.17514 1.29663 3.56112e-19)
(-2.9894 1.49233 5.88828e-18)
(-2.80843 1.67106 -5.49433e-18)
(-2.63342 1.83131 -2.80833e-17)
(-2.46673 1.97364 0)
(-2.30948 2.09783 0)
(-2.16124 2.2067 4.90744e-19)
(-2.2375 3.64866 -6.55793e-19)
(-2.15907 3.87404 -4.86517e-19)
(-2.09107 4.03613 -2.21649e-19)
(-1.93648 4.12057 -5.10168e-19)
(-1.80029 4.13978 1.46039e-19)
(-1.6066 4.08994 8.27727e-20)
(-1.42903 3.9674 -5.1442e-19)
(-1.22607 3.76158 1.36528e-18)
(-1.02792 3.4827 -6.72833e-19)
(-0.786329 3.10011 -1.16057e-19)
(-0.376421 2.68103 0)
(0.224004 2.53505 0)
(-2.75924 3.34578 3.88625e-18)
(-2.71366 3.43584 -1.74815e-18)
(-2.63138 3.52968 -8.87436e-19)
(-2.50971 3.62064 0)
(-2.35216 3.69924 -1.45329e-18)
(-2.19237 3.73772 0)
(-2.03606 3.73263 -6.48769e-19)
(-1.89246 3.67534 1.60457e-18)
(-1.78092 3.56501 0)
(-1.67761 3.32433 1.45803e-18)
(-1.53729 3.04914 -1.72427e-18)
(-1.02092 3.19038 2.52615e-19)
(-2.4988 3.41944 1.61834e-18)
(-2.4086 3.48908 -4.38008e-18)
(-2.31464 3.55816 1.22479e-18)
(-2.21657 3.61735 0)
(-2.12088 3.65761 1.31185e-18)
(-2.02892 3.67372 3.28321e-18)
(-1.95225 3.6596 -4.48662e-18)
(-1.90112 3.61628 2.04778e-18)
(-1.87872 3.55115 -8.86982e-19)
(-1.87084 3.41579 0)
(-1.8603 3.19926 0)
(-1.74085 3.41265 -1.51915e-19)
(-2.4813 3.29601 -3.18372e-18)
(-2.38569 3.34951 2.636e-18)
(-2.29106 3.40186 3.07383e-18)
(-2.19804 3.4499 -1.67567e-18)
(-2.11119 3.48901 -3.1099e-18)
(-2.03618 3.51471 0)
(-1.98098 3.52301 1.60171e-19)
(-1.95521 3.51687 3.22545e-18)
(-1.95925 3.49287 -2.5031e-18)
(-2.01691 3.42575 9.96484e-19)
(-2.10088 3.24886 -5.6352e-20)
(-2.15042 3.54709 -5.92242e-19)
(-2.42505 3.17382 3.53563e-18)
(-2.31886 3.22868 -1.82202e-18)
(-2.21901 3.28271 3.26265e-18)
(-2.12676 3.33349 -1.74193e-18)
(-2.04584 3.37836 0)
(-1.98102 3.41577 0)
(-1.9409 3.44418 -1.40282e-18)
(-1.93237 3.46287 -3.4749e-18)
(-1.96469 3.47844 1.8567e-18)
(-2.05363 3.47567 1.23567e-18)
(-2.19725 3.36114 -1.07793e-18)
(-2.39683 3.77392 0)
(-2.37893 3.06222 -2.50279e-19)
(-2.26538 3.11952 -7.42077e-18)
(-2.16116 3.17615 0)
(-2.06734 3.23116 3.40045e-18)
(-1.98685 3.28365 -3.36299e-18)
(-1.92409 3.33333 0)
(-1.88526 3.38107 -1.34797e-19)
(-1.87759 3.42885 -1.49184e-19)
(-1.91206 3.47873 0)
(-2.00598 3.53294 -2.37696e-18)
(-2.19595 3.47944 1.10178e-18)
(-2.51781 3.93822 -6.12432e-19)
(-2.34106 2.95661 -4.26653e-18)
(-2.21838 3.0177 1.15564e-17)
(-2.10685 3.07808 0)
(-2.00724 3.13806 -3.6531e-18)
(-1.92181 3.19819 3.58774e-18)
(-1.85413 3.25974 3.53677e-18)
(-1.80936 3.3251 -3.89941e-18)
(-1.79439 3.39784 -1.84037e-18)
(-1.82036 3.48145 0)
(-1.90716 3.58217 -1.5058e-18)
(-2.09666 3.6037 1.49605e-18)
(-2.50531 4.09818 0)
(-2.30692 2.85311 8.63464e-18)
(-2.17418 2.91744 -8.13305e-18)
(-2.05376 2.9808 8.30985e-18)
(-1.94594 3.04455 -7.9178e-18)
(-1.85219 3.11039 5.53556e-22)
(-1.77502 3.18086 3.79869e-18)
(-1.71817 3.25994 3.54702e-18)
(-1.68755 3.35334 0)
(-1.69363 3.46688 -2.12629e-18)
(-1.75771 3.61256 4.80209e-18)
(-1.93287 3.71083 -1.45275e-18)
(-2.38761 4.20373 0)
(-2.26906 2.74299 4.67262e-18)
(-2.12703 2.81022 1.78909e-19)
(-1.99784 2.87574 -4.22398e-18)
(-1.88106 2.94167 0)
(-1.77734 3.01056 0)
(-1.68811 3.08599 0)
(-1.61523 3.17339 0)
(-1.56282 3.2809 -4.13436e-18)
(-1.53909 3.41763 1.9358e-18)
(-1.56484 3.60266 2.81276e-19)
(-1.70408 3.78072 0)
(-2.12947 4.2619 0)
(-2.21617 2.61681 -5.02115e-18)
(-2.06879 2.68767 -1.4822e-17)
(-1.93366 2.75515 0)
(-1.80972 2.82182 4.94068e-18)
(-1.69681 2.8907 9.21583e-18)
(-1.59526 2.96637 0)
(-1.50477 3.05553 0)
(-1.42688 3.16817 1.78516e-18)
(-1.36564 3.31731 -6.44805e-18)
(-1.3386 3.53215 2.23757e-19)
(-1.403 3.77205 0)
(-1.71965 4.24826 0)
(-2.13622 2.4685 -5.6204e-18)
(-1.9909 2.54421 -5.81522e-18)
(-1.85561 2.61374 1.04818e-17)
(-1.72878 2.67981 -1.46422e-17)
(-1.60989 2.74561 5.2193e-18)
(-1.4984 2.8161 9.55845e-18)
(-1.39174 2.89948 -2.40274e-18)
(-1.28814 3.00613 2.07807e-18)
(-1.18551 3.15292 4.17454e-18)
(-1.09576 3.37733 -4.63376e-18)
(-1.03097 3.64966 -1.81966e-18)
(-1.02327 4.11822 0)
(-2.02215 2.29951 -4.88425e-19)
(-1.8879 2.38007 1.00546e-17)
(-1.75983 2.45049 -9.90876e-18)
(-1.63601 2.51325 0)
(-1.5161 2.5722 -9.56327e-18)
(-1.39922 2.63207 -1.45835e-17)
(-1.28121 2.70217 -2.18085e-19)
(-1.15704 2.79096 0)
(-1.01722 2.91738 0)
(-0.863492 3.10899 1.0945e-18)
(-0.640244 3.38982 9.55061e-21)
(0.0355912 3.71801 2.32222e-18)
(0.140217 2.64014 5.62229e-19)
(0.231675 2.73632 2.26113e-18)
(0.42626 2.77727 1.25916e-19)
(0.633629 2.77043 0)
(0.849202 2.73177 5.4855e-18)
(1.05879 2.65967 -5.15401e-18)
(1.25773 2.56516 -1.5317e-17)
(1.44332 2.4568 -1.02032e-17)
(1.61352 2.34113 -6.87568e-21)
(1.76771 2.22329 -4.91232e-18)
(1.90322 2.1062 9.90606e-18)
(2.02245 1.99048 -9.50789e-18)
(0.170425 2.25191 0)
(0.297503 2.24307 0)
(0.431723 2.25142 -2.19053e-18)
(0.575591 2.24939 4.45837e-18)
(0.738842 2.23794 -1.10421e-17)
(0.912973 2.20876 -6.6754e-18)
(1.0907 2.16328 8.70376e-18)
(1.26616 2.10482 2.19613e-17)
(1.43391 2.03697 -4.40564e-18)
(1.59053 1.96325 0)
(1.72945 1.88541 2.42167e-19)
(1.8519 1.80347 0)
(0.134829 2.01631 -4.37072e-19)
(0.250357 1.98366 4.51272e-19)
(0.379007 1.96144 3.69689e-18)
(0.513302 1.93951 3.89074e-20)
(0.660846 1.91893 3.77136e-18)
(0.819131 1.8941 -6.56803e-20)
(0.983689 1.86344 0)
(1.14981 1.82718 -3.87006e-18)
(1.3115 1.78552 -3.97694e-18)
(1.46353 1.73925 1.21769e-17)
(1.596 1.68767 -1.21511e-17)
(1.70838 1.63 8.35572e-18)
(0.101004 1.8092 -7.92915e-19)
(0.214822 1.78159 1.61962e-18)
(0.337717 1.75862 3.06171e-20)
(0.466475 1.73869 -3.35045e-18)
(0.607729 1.72179 -6.88766e-18)
(0.76104 1.70421 -4.96744e-20)
(0.922846 1.68316 -7.13922e-18)
(1.0878 1.65666 3.63161e-18)
(1.24799 1.62277 -3.67968e-18)
(1.39423 1.58048 -7.45396e-18)
(1.51214 1.52837 0)
(1.59509 1.46676 7.81872e-18)
(2.12052 1.87788 9.44579e-18)
(2.20207 1.7616 9.72233e-18)
(2.26873 1.64676 0)
(2.32271 1.5311 0)
(2.36929 1.41515 4.55095e-18)
(2.41333 1.29815 -4.44927e-18)
(2.46491 1.17551 2.10463e-18)
(2.52892 1.04086 6.4299e-18)
(2.6221 0.881024 0)
(2.73378 0.686226 0)
(2.92185 0.394826 5.75678e-19)
(2.7789 -0.246117 -1.51105e-18)
(1.94552 1.71945 -9.04091e-18)
(2.01758 1.62139 2.85992e-19)
(2.07016 1.52128 0)
(2.10652 1.41594 -4.27389e-18)
(2.13406 1.30718 -6.77352e-21)
(2.15859 1.1943 4.07643e-18)
(2.19124 1.0733 0)
(2.2346 0.93735 -3.98196e-18)
(2.3049 0.776824 0)
(2.37367 0.577845 -3.84524e-18)
(2.49918 0.341847 -1.85111e-18)
(2.4136 -0.100693 -1.49474e-26)
(1.77731 1.56626 -2.47401e-19)
(1.82107 1.4772 -7.99885e-18)
(1.84539 1.3877 0)
(1.85507 1.29145 7.90031e-18)
(1.8601 1.19149 3.80037e-18)
(1.86738 1.08618 1.58825e-21)
(1.888 0.971801 -9.12012e-18)
(1.92231 0.840168 1.06955e-17)
(1.98526 0.686482 -1.74436e-18)
(2.04177 0.494917 7.77985e-18)
(2.13896 0.300041 2.45761e-18)
(2.11406 -0.00964435 -4.33888e-19)
(1.60294 1.39949 2.28275e-17)
(1.59285 1.30586 0)
(1.57945 1.22362 0)
(1.56169 1.13869 -6.94777e-18)
(1.55099 1.05432 -6.91207e-18)
(1.55338 0.965612 6.73216e-18)
(1.57705 0.867566 1.30564e-17)
(1.61988 0.749787 -6.38064e-18)
(1.69031 0.610274 3.17054e-18)
(1.75509 0.433385 -3.13959e-18)
(1.84042 0.258454 -1.52611e-18)
(1.85783 0.0268306 -3.89134e-19)
(2.64017 -0.140227 -1.12446e-18)
(2.73634 -0.231692 0)
(2.7773 -0.426279 1.2592e-19)
(2.77046 -0.633648 0)
(2.7318 -0.849221 0)
(2.65969 -1.0588 5.15393e-18)
(2.56518 -1.25775 0)
(2.45681 -1.44333 9.86579e-18)
(2.34113 -1.61352 9.7253e-18)
(2.2233 -1.7677 9.96089e-18)
(2.1062 -1.90321 -4.87913e-18)
(1.99048 -2.02242 -5.01431e-18)
(2.25192 -0.170439 -5.29992e-19)
(2.24309 -0.29752 -5.40097e-19)
(2.25144 -0.43174 -1.08632e-18)
(2.24942 -0.575608 0)
(2.23797 -0.738858 -2.21019e-18)
(2.20878 -0.912986 1.10963e-17)
(2.1633 -1.09071 0)
(2.10483 -1.26616 4.40017e-18)
(2.03698 -1.4339 -4.40553e-18)
(1.96326 -1.59051 -8.71536e-18)
(1.88541 -1.72943 -8.99104e-18)
(1.80347 -1.85188 8.77246e-18)
(2.01631 -0.134848 -8.77983e-19)
(1.98367 -0.250378 1.3491e-18)
(1.96145 -0.379025 -2.75823e-18)
(1.93952 -0.513318 1.87612e-18)
(1.91894 -0.660858 0)
(1.89412 -0.819138 -1.53356e-17)
(1.86345 -0.98369 0)
(1.82719 -1.1498 7.8951e-18)
(1.78553 -1.31149 -4.01572e-18)
(1.73925 -1.46351 8.15109e-18)
(1.68767 -1.59598 4.00139e-18)
(1.63 -1.70835 -8.35543e-18)
(1.8092 -0.101027 1.18565e-18)
(1.78159 -0.214847 1.61961e-18)
(1.75862 -0.337737 0)
(1.73869 -0.466489 0)
(1.72179 -0.607737 0)
(1.70421 -0.761042 1.39724e-17)
(1.68316 -0.922841 7.13907e-18)
(1.65666 -1.08779 -1.08572e-17)
(1.62277 -1.24797 1.10683e-17)
(1.58048 -1.39421 -7.45375e-18)
(1.52837 -1.51212 0)
(1.46676 -1.59506 7.55701e-18)
(1.87787 -2.12049 -9.81453e-18)
(1.76159 -2.20204 -9.72196e-18)
(1.64676 -2.26869 9.23342e-18)
(1.5311 -2.32268 -9.44822e-18)
(1.41515 -2.36926 0)
(1.29816 -2.4133 -9.06134e-18)
(1.17552 -2.46488 1.11616e-17)
(1.04087 -2.5289 -2.16302e-18)
(0.881039 -2.62207 4.21156e-18)
(0.686244 -2.73375 -1.07646e-18)
(0.394844 -2.92183 1.09974e-18)
(-0.2461 -2.77887 -7.84018e-19)
(1.71945 -1.94549 8.75471e-18)
(1.62139 -2.01755 8.67395e-18)
(1.52128 -2.07013 0)
(1.41594 -2.10649 4.12058e-18)
(1.30718 -2.13403 8.34968e-18)
(1.19431 -2.15856 3.95365e-18)
(1.0733 -2.19122 -1.60165e-17)
(0.937361 -2.23457 -3.98182e-18)
(0.776839 -2.30487 -3.89999e-18)
(0.577863 -2.37365 -9.59716e-19)
(0.341866 -2.49916 9.21402e-19)
(-0.100672 -2.41357 5.11996e-19)
(1.56626 -1.77728 0)
(1.4772 -1.82105 -1.23002e-17)
(1.3877 -1.84537 3.98331e-18)
(1.29146 -1.85505 4.00454e-18)
(1.19149 -1.86008 7.60179e-18)
(1.08619 -1.86736 -3.70577e-18)
(0.971811 -1.88798 8.99032e-18)
(0.84018 -1.92229 8.91001e-18)
(0.686498 -1.98524 1.72658e-18)
(0.494936 -2.04175 -1.72454e-18)
(0.300062 -2.13894 -4.11887e-19)
(-0.00962169 -2.11403 -3.93852e-21)
(1.39949 -1.60291 0)
(1.30586 -1.59283 -1.56352e-19)
(1.22362 -1.57943 0)
(1.13869 -1.56168 -1.40426e-17)
(1.05432 -1.55097 3.42356e-18)
(0.96562 -1.55337 -1.00801e-17)
(0.867576 -1.57703 0)
(0.7498 -1.61986 -6.38046e-18)
(0.61029 -1.69029 3.14968e-18)
(0.433404 -1.75506 -3.14531e-18)
(0.258476 -1.84039 -1.14437e-18)
(0.0268555 -1.8578 -3.88821e-19)
(-0.140207 -2.64014 -1.12443e-18)
(-0.231679 -2.73631 1.19753e-19)
(-0.426268 -2.77724 0)
(-0.633631 -2.77039 -2.57619e-18)
(-0.849193 -2.73172 5.42608e-18)
(-1.05876 -2.65962 -8.04e-18)
(-1.2577 -2.56511 -2.12303e-19)
(-1.44328 -2.45674 1.00668e-17)
(-1.61347 -2.34108 -4.96394e-18)
(-1.76765 -2.22325 0)
(-1.90316 -2.10617 -1.94656e-17)
(-2.02239 -1.99046 3.57574e-19)
(-0.170417 -2.25189 1.06636e-18)
(-0.297502 -2.24305 -5.20731e-19)
(-0.431722 -2.2514 4.44673e-18)
(-0.575585 -2.24937 -8.84063e-18)
(-0.738827 -2.23791 4.45426e-18)
(-0.912948 -2.20871 -1.56546e-19)
(-1.09066 -2.16324 0)
(-1.26612 -2.10477 1.3268e-17)
(-1.43386 -2.03693 -4.40543e-18)
(-1.59047 -1.96322 0)
(-1.7294 -1.88537 8.74874e-18)
(-1.85186 -1.80345 -8.77233e-18)
(-0.134824 -2.01628 -4.35819e-19)
(-0.250355 -1.98364 2.47364e-20)
(-0.379002 -1.96141 -3.65421e-18)
(-0.513291 -1.93948 3.71713e-18)
(-0.660827 -1.9189 -3.7712e-18)
(-0.819103 -1.89407 1.14972e-17)
(-0.983653 -1.86341 1.16839e-17)
(-1.14976 -1.82714 -3.86988e-18)
(-1.31146 -1.78548 4.02808e-18)
(-1.46349 -1.73922 0)
(-1.59596 -1.68764 -8.26034e-18)
(-1.70835 -1.62999 0)
(-0.101001 -1.80917 -1.58582e-18)
(-0.214821 -1.78156 -3.22189e-18)
(-0.337711 -1.75859 3.31074e-18)
(-0.466461 -1.73866 -1.67662e-18)
(-0.607707 -1.72176 3.42763e-18)
(-0.761011 -1.70418 -1.21952e-17)
(-0.922811 -1.68313 -7.08984e-18)
(-1.08777 -1.65663 7.24901e-18)
(-1.24796 -1.62275 -1.10194e-17)
(-1.3942 -1.58047 0)
(-1.51213 -1.52837 7.54005e-18)
(-1.59508 -1.46676 -1.53753e-17)
(-2.12047 -1.87786 1.46384e-17)
(-2.20203 -1.76158 -4.77514e-18)
(-2.26869 -1.64675 0)
(-2.32268 -1.53109 -9.08903e-18)
(-2.36926 -1.41514 0)
(-2.41331 -1.29814 0)
(-2.46489 -1.1755 -4.31935e-18)
(-2.52891 -1.04084 0)
(-2.62209 -0.881005 0)
(-2.73377 -0.686205 -4.39615e-20)
(-2.92184 -0.394801 2.22396e-18)
(-2.77889 0.246142 1.56802e-18)
(-1.94548 -1.71944 -8.7546e-18)
(-2.01754 -1.62138 0)
(-2.07013 -1.52127 0)
(-2.10649 -1.41593 -4.27365e-18)
(-2.13404 -1.30717 4.17137e-18)
(-2.15857 -1.1943 0)
(-2.19123 -1.07329 -6.09917e-18)
(-2.23459 -0.937335 -1.96512e-18)
(-2.3049 -0.776806 0)
(-2.37368 -0.577827 -9.87324e-19)
(-2.49919 -0.341825 -2.30345e-18)
(-2.4136 0.100715 -5.09389e-19)
(-1.77728 -1.56625 8.35952e-18)
(-1.82105 -1.47719 -4.06278e-18)
(-1.84537 -1.38769 -8.09356e-18)
(-1.85506 -1.29145 3.89636e-18)
(-1.86009 -1.19148 -7.69529e-18)
(-1.86738 -1.08617 0)
(-1.888 -0.971792 1.44848e-17)
(-1.92233 -0.840155 0)
(-1.98528 -0.686466 1.75695e-18)
(-2.0418 -0.494901 8.59102e-19)
(-2.13898 -0.300023 1.23278e-18)
(-2.11407 0.00966252 3.05507e-22)
(-1.60292 -1.3995 -7.50135e-18)
(-1.59284 -1.30586 0)
(-1.57944 -1.22362 7.12135e-18)
(-1.5617 -1.13869 -1.06108e-17)
(-1.551 -1.05432 1.71233e-17)
(-1.5534 -0.965612 -6.73174e-18)
(-1.57708 -0.867561 -1.30556e-17)
(-1.61991 -0.749777 0)
(-1.69035 -0.610259 0)
(-1.75513 -0.433369 0)
(-1.84046 -0.258439 -1.52608e-18)
(-1.85785 -0.0268158 -1.17065e-18)
(-2.64016 0.140241 -5.30506e-20)
(-2.73634 0.231706 5.89666e-19)
(-2.77729 0.426293 0)
(-2.77045 0.633659 5.44206e-18)
(-2.73179 0.849228 -2.58424e-18)
(-2.65968 1.0588 -7.79327e-18)
(-2.56517 1.25774 -5.12477e-18)
(-2.45679 1.44332 5.03947e-18)
(-2.34112 1.61351 9.72499e-18)
(-2.22329 1.76768 9.96058e-18)
(-2.10619 1.90319 -9.90541e-18)
(-1.99048 2.02241 -9.50723e-18)
(-2.25192 0.170454 -1.63147e-26)
(-2.24309 0.297533 2.193e-18)
(-2.25144 0.431753 4.44672e-18)
(-2.24942 0.575618 0)
(-2.23797 0.738866 4.45426e-18)
(-2.20878 0.912992 0)
(-2.1633 1.09071 4.39998e-18)
(-2.10483 1.26616 -4.79828e-21)
(-2.03699 1.4339 -1.32918e-17)
(-1.96327 1.59051 -8.71511e-18)
(-1.88541 1.72943 8.74864e-18)
(-1.80348 1.85187 9.03829e-18)
(-2.01633 0.134864 4.40881e-19)
(-1.98368 0.250394 -4.48919e-18)
(-1.96146 0.379041 -6.42913e-18)
(-1.93953 0.513332 -1.86829e-18)
(-1.91896 0.660871 -1.13761e-17)
(-1.89413 0.819149 5.78589e-18)
(-1.86347 0.983699 3.65747e-21)
(-1.82721 1.14981 3.93336e-18)
(-1.78554 1.31149 -1.12591e-19)
(-1.73927 1.46351 0)
(-1.68768 1.59598 0)
(-1.63002 1.70834 2.22751e-19)
(-1.80922 0.101042 4.00185e-19)
(-1.78161 0.214863 1.60229e-18)
(-1.75864 0.337754 3.28008e-18)
(-1.73871 0.466506 -3.37939e-18)
(-1.72181 0.607753 1.37216e-17)
(-1.70423 0.761056 -6.96118e-18)
(-1.68318 0.922852 0)
(-1.65668 1.0878 7.27246e-18)
(-1.62279 1.24797 7.33983e-18)
(-1.5805 1.3942 0)
(-1.52839 1.51211 0)
(-1.46677 1.59505 -2.2932e-17)
(-1.87787 2.12048 9.44511e-18)
(-1.76159 2.20202 -9.72161e-18)
(-1.64676 2.26867 -1.43186e-17)
(-1.5311 2.32266 -7.60533e-21)
(-1.41515 2.36923 9.22694e-18)
(-1.29816 2.41328 2.22442e-17)
(-1.17551 2.46486 4.31931e-18)
(-1.04087 2.52889 -4.40895e-18)
(-0.881031 2.62207 0)
(-0.686233 2.73375 -4.39617e-20)
(-0.394828 2.92183 0)
(0.24612 2.77888 -7.84015e-19)
(-1.71946 1.94548 0)
(-1.62139 2.01753 -2.85967e-19)
(-1.52129 2.07011 8.55169e-18)
(-1.41594 2.10647 -1.29426e-17)
(-1.30718 2.13401 -1.24983e-17)
(-1.19431 2.15855 -8.02967e-18)
(-1.0733 2.19121 1.01267e-17)
(-0.937355 2.23457 5.90841e-18)
(-0.776828 2.30488 -3.89987e-18)
(-0.577851 2.37366 1.89798e-18)
(-0.34185 2.49917 0)
(0.100691 2.41359 0)
(-1.56627 1.77727 -8.35938e-18)
(-1.4772 1.82103 3.93561e-18)
(-1.3877 1.84535 -4.10679e-18)
(-1.29146 1.85504 3.78373e-18)
(-1.19149 1.86007 1.12974e-17)
(-1.08619 1.86735 0)
(-0.971807 1.88798 1.3844e-19)
(-0.840173 1.9223 -3.5287e-18)
(-0.686485 1.98526 -3.04353e-20)
(-0.494922 2.04178 -3.46299e-18)
(-0.300045 2.13897 4.11878e-19)
(0.0096374 2.11406 -4.33565e-19)
(-1.3995 1.60289 -7.8236e-18)
(-1.30587 1.59281 0)
(-1.22363 1.57941 7.12133e-18)
(-1.1387 1.56167 -1.06108e-17)
(-1.05433 1.55097 3.43558e-18)
(-0.965623 1.55338 0)
(-0.867574 1.57706 9.71776e-20)
(-0.749793 1.61989 6.45022e-18)
(-0.610277 1.69033 3.14961e-18)
(-0.433388 1.75511 -5.80493e-21)
(-0.258458 1.84044 0)
(-0.0268415 1.85784 7.79892e-19)
(0.0848606 1.60363 1.07015e-18)
(0.198107 1.60198 2.1996e-20)
(0.324902 1.60398 -4.70609e-18)
(0.462382 1.61084 0)
(0.614702 1.61815 7.48049e-18)
(0.777377 1.61978 1.77461e-17)
(0.94255 1.61032 2.54482e-17)
(1.09933 1.58526 0)
(1.23422 1.54214 0)
(1.3327 1.48103 -5.12069e-18)
(1.38072 1.40556 5.06335e-18)
(1.36958 1.32315 -2.02286e-17)
(0.0807781 1.42044 -5.44475e-19)
(0.195072 1.4374 1.73408e-18)
(0.321241 1.45661 -6.02314e-18)
(0.459066 1.47882 0)
(0.609059 1.49752 1.03054e-17)
(0.76471 1.50558 -1.03109e-17)
(0.915869 1.49671 -5.16074e-18)
(1.04946 1.46652 6.87981e-21)
(1.15095 1.41355 -5.27197e-18)
(1.20768 1.34162 0)
(1.21075 1.25998 0)
(1.1608 1.1816 2.13845e-17)
(0.0874838 1.24985 0)
(0.200362 1.27599 -2.29203e-18)
(0.323927 1.30254 4.80207e-18)
(0.457627 1.32887 2.51861e-18)
(0.598795 1.34816 -1.56957e-17)
(0.738995 1.35388 8.0082e-18)
(0.86671 1.34065 -1.63252e-17)
(0.968657 1.30554 5.54555e-18)
(1.03243 1.24945 1.41243e-20)
(1.05016 1.17852 2.96069e-20)
(1.01985 1.10575 -3.07216e-17)
(0.95591 1.05304 -2.51354e-17)
(0.0979687 1.08564 0)
(0.206653 1.11316 4.59925e-18)
(0.324045 1.1389 0)
(0.448404 1.1613 1.01051e-17)
(0.574656 1.17428 0)
(0.693093 1.17259 5.55678e-18)
(0.791761 1.15232 2.28935e-17)
(0.858141 1.11165 -5.99983e-18)
(0.882444 1.05158 0)
(0.862085 0.976071 0)
(0.799132 0.894426 -7.97898e-18)
(0.731763 0.872766 7.8102e-18)
(1.28566 1.23163 -2.01374e-17)
(1.24922 1.12052 -4.93715e-18)
(1.22903 1.05435 2.41372e-17)
(1.21673 0.985648 -1.40021e-17)
(1.22632 0.919738 1.79748e-17)
(1.25839 0.846741 -1.74473e-17)
(1.31458 0.759752 -2.11829e-17)
(1.38941 0.649403 0)
(1.47669 0.514731 -4.03101e-18)
(1.552 0.352409 0)
(1.61683 0.193112 0)
(1.6283 0.0193232 -1.03575e-18)
(1.03299 1.0911 0)
(1.00119 0.957352 0)
(0.991076 0.904455 -1.82121e-17)
(0.989149 0.85078 4.39564e-18)
(1.01193 0.798731 4.28378e-18)
(1.05677 0.738582 -5.36837e-20)
(1.12265 0.663794 1.01669e-17)
(1.20227 0.567048 6.0592e-18)
(1.28595 0.447884 0)
(1.35518 0.30733 0)
(1.40615 0.169078 -5.01249e-19)
(1.42209 0.0248682 2.59742e-18)
(0.787833 0.9939 0)
(0.782847 0.828608 -4.80583e-18)
(0.795279 0.785303 -1.35248e-17)
(0.807328 0.744224 1.7282e-17)
(0.841032 0.700329 1.67848e-17)
(0.892877 0.646149 4.07311e-18)
(0.960841 0.576989 -6.04819e-18)
(1.03726 0.488136 -5.94488e-18)
(1.11253 0.380596 7.96068e-18)
(1.17305 0.258046 0)
(1.21601 0.137751 5.05001e-19)
(1.23675 0.0150999 1.57984e-18)
(0.547903 0.900145 -3.22393e-17)
(0.585249 0.697446 -2.11462e-17)
(0.628482 0.670612 1.83065e-17)
(0.655313 0.646079 -2.15397e-17)
(0.696523 0.611013 4.23475e-18)
(0.750806 0.562443 0)
(0.816317 0.498582 -2.04041e-18)
(0.88609 0.417285 3.31931e-21)
(0.952033 0.320809 -5.95384e-18)
(1.00447 0.21366 0)
(1.04224 0.108011 -3.57087e-18)
(1.06576 0.000422789 -4.74783e-18)
(1.60363 -0.0848898 -2.14963e-18)
(1.60198 -0.198129 -2.24299e-18)
(1.60397 -0.324916 0)
(1.61083 -0.462388 0)
(1.61814 -0.6147 7.59025e-18)
(1.61977 -0.777367 -7.54172e-18)
(1.61031 -0.942534 1.0495e-19)
(1.58525 -1.09931 1.52248e-17)
(1.54213 -1.2342 -4.99666e-18)
(1.48103 -1.33267 5.12052e-18)
(1.40556 -1.38069 -2.54436e-17)
(1.32315 -1.36955 0)
(1.42044 -0.0808068 1.63117e-18)
(1.43739 -0.195091 1.72394e-18)
(1.4566 -0.321251 -4.81935e-18)
(1.4788 -0.459067 -2.50435e-18)
(1.4975 -0.609052 -7.63094e-18)
(1.50556 -0.764696 0)
(1.49669 -0.915849 -1.56024e-17)
(1.4665 -1.04944 -5.27495e-18)
(1.41353 -1.15093 -1.05154e-17)
(1.34161 -1.20766 0)
(1.25998 -1.21072 2.14266e-17)
(1.18159 -1.16078 0)
(1.24984 -0.0875103 1.10042e-18)
(1.27598 -0.200374 -4.59742e-18)
(1.30252 -0.32393 4.80172e-18)
(1.32884 -0.457623 2.51843e-18)
(1.34813 -0.598784 -5.24645e-18)
(1.35385 -0.738979 2.67532e-18)
(1.34062 -0.86669 0)
(1.30552 -0.968634 5.50322e-18)
(1.24943 -1.0324 5.69049e-18)
(1.17852 -1.05014 5.92035e-18)
(1.10574 -1.01983 -3.07208e-17)
(1.05304 -0.95589 0)
(1.08563 -0.0979919 -2.19748e-18)
(1.11315 -0.20666 6.88858e-18)
(1.13888 -0.324043 0)
(1.16127 -0.448396 -1.01043e-17)
(1.17425 -0.574643 0)
(1.17256 -0.693077 -5.55652e-18)
(1.15229 -0.791742 -5.7385e-18)
(1.11163 -0.85812 2.99649e-17)
(1.05157 -0.882423 1.00462e-20)
(0.976065 -0.862063 -7.01344e-18)
(0.894423 -0.799111 3.21854e-17)
(0.872758 -0.731743 -3.10196e-17)
(1.23163 -1.28564 0)
(1.12053 -1.24921 -9.94114e-18)
(1.05435 -1.22902 0)
(0.985654 -1.21672 4.60216e-18)
(0.919744 -1.22631 4.51769e-18)
(0.846749 -1.25837 2.17814e-17)
(0.759762 -1.31455 6.38247e-18)
(0.649416 -1.38938 -2.07086e-18)
(0.514747 -1.47666 4.07462e-18)
(0.352429 -1.55196 -3.32165e-20)
(0.193136 -1.61679 1.97506e-18)
(0.0193489 -1.62827 0)
(1.09109 -1.03298 5.28901e-18)
(0.957357 -1.00118 -9.66895e-18)
(0.904461 -0.991066 4.54989e-18)
(0.850787 -0.989135 0)
(0.798738 -1.01191 8.58212e-18)
(0.738589 -1.05675 -8.31178e-18)
(0.663803 -1.12262 -1.63202e-17)
(0.567061 -1.20224 0)
(0.447899 -1.28591 -3.96115e-18)
(0.30735 -1.35514 -3.69601e-20)
(0.169101 -1.40612 -5.01233e-19)
(0.0248924 -1.42206 5.21402e-19)
(0.993893 -0.787824 0)
(0.82861 -0.782838 -9.00712e-20)
(0.785308 -0.795266 -1.80094e-17)
(0.74423 -0.80731 1.72814e-17)
(0.700336 -0.841009 -8.35577e-18)
(0.646157 -0.892849 -4.08957e-18)
(0.576999 -0.96081 1.00345e-17)
(0.488149 -1.03723 7.99053e-18)
(0.380612 -1.11249 1.98703e-18)
(0.258064 -1.17301 3.96998e-18)
(0.137772 -1.21598 0)
(0.0151214 -1.23672 1.05286e-18)
(0.900133 -0.547895 -3.22384e-17)
(0.697447 -0.585239 1.569e-17)
(0.670617 -0.628466 4.12716e-17)
(0.646086 -0.655292 -2.1539e-17)
(0.611021 -0.696498 -1.25489e-17)
(0.562453 -0.750778 -1.2273e-17)
(0.498593 -0.816286 -4.01989e-18)
(0.417299 -0.886058 -7.95732e-18)
(0.320825 -0.952002 0)
(0.213677 -1.00445 9.99336e-19)
(0.10803 -1.04222 -1.01974e-18)
(0.000441059 -1.06574 -2.10971e-18)
(-0.0848641 -1.6036 2.14023e-18)
(-0.198105 -1.60195 2.24292e-18)
(-0.324891 -1.60395 -4.70566e-18)
(-0.462363 -1.6108 0)
(-0.614677 -1.61812 2.50361e-18)
(-0.777348 -1.61975 7.65151e-18)
(-0.942524 -1.6103 0)
(-1.09931 -1.58526 1.02215e-17)
(-1.23421 -1.54214 0)
(-1.33271 -1.48104 2.55399e-17)
(-1.38073 -1.40558 -1.01858e-17)
(-1.36959 -1.32317 2.52713e-17)
(-0.0807829 -1.42041 -5.44444e-19)
(-0.195069 -1.43737 2.87131e-18)
(-0.32123 -1.45658 -4.81922e-18)
(-0.45905 -1.47879 -7.57576e-18)
(-0.60904 -1.4975 -1.08053e-20)
(-0.764693 -1.50557 -1.29084e-17)
(-0.91586 -1.49671 -1.57017e-17)
(-1.04947 -1.46653 -1.5704e-17)
(-1.15097 -1.41357 -2.11663e-17)
(-1.20771 -1.34165 -2.12466e-17)
(-1.21078 -1.26002 0)
(-1.16083 -1.18164 0)
(-0.08749 -1.24982 2.20079e-18)
(-0.200357 -1.27596 -3.43917e-18)
(-0.323917 -1.30252 6.00914e-18)
(-0.457615 -1.32885 -6.75508e-20)
(-0.598786 -1.34815 1.05194e-17)
(-0.738993 -1.35388 5.37376e-18)
(-0.866719 -1.34066 1.62613e-17)
(-0.96868 -1.30557 3.87944e-17)
(-1.03246 -1.24948 1.70281e-17)
(-1.0502 -1.17857 -2.36203e-17)
(-1.0199 -1.10579 0)
(-0.955955 -1.05309 0)
(-0.0979761 -1.08562 -4.39487e-18)
(-0.206648 -1.11315 1.14535e-18)
(-0.324038 -1.13889 -1.20373e-18)
(-0.448399 -1.16129 1.25758e-17)
(-0.574657 -1.17428 -1.32495e-17)
(-0.693104 -1.1726 -5.4837e-18)
(-0.791785 -1.15234 1.69205e-20)
(-0.858177 -1.11168 6.03568e-18)
(-0.88249 -1.05162 -2.55537e-17)
(-0.862134 -0.97612 2.80785e-17)
(-0.799181 -0.894475 -3.20939e-17)
(-0.731811 -0.872819 0)
(-1.28567 -1.23165 -2.02768e-17)
(-1.24924 -1.12054 -4.93669e-18)
(-1.22906 -1.05436 4.81737e-18)
(-1.21677 -0.985664 -4.74163e-18)
(-1.22637 -0.919749 -4.43666e-18)
(-1.25843 -0.846747 -9.52075e-20)
(-1.31463 -0.75975 1.05317e-17)
(-1.38945 -0.649397 -2.07067e-18)
(-1.47673 -0.514721 0)
(-1.55203 -0.3524 0)
(-1.61686 -0.193104 1.9749e-18)
(-1.62833 -0.0193137 2.05696e-18)
(-1.03302 -1.09114 4.23442e-17)
(-1.00123 -0.957385 0)
(-0.99112 -0.904484 0)
(-0.989197 -0.850805 8.80009e-18)
(-1.01198 -0.798749 -4.30539e-18)
(-1.05682 -0.738593 4.13567e-18)
(-1.1227 -0.663797 0)
(-1.20231 -0.567044 -6.06306e-18)
(-1.28598 -0.447876 -1.99505e-18)
(-1.35521 -0.307322 3.99452e-18)
(-1.40618 -0.169071 -2.51412e-18)
(-1.42211 -0.0248598 -5.16529e-19)
(-0.787871 -0.993951 -2.37491e-17)
(-0.782889 -0.828645 1.44393e-17)
(-0.795328 -0.785334 4.48464e-18)
(-0.807379 -0.74425 4.31076e-18)
(-0.841083 -0.700349 4.16671e-18)
(-0.892925 -0.646162 0)
(-0.960885 -0.576995 2.00935e-18)
(-1.0373 -0.488136 3.95443e-18)
(-1.11256 -0.380591 1.98683e-18)
(-1.17307 -0.25804 -3.96962e-18)
(-1.21603 -0.137745 2.01484e-18)
(-1.23677 -0.0150934 -1.05279e-18)
(-0.547935 -0.900201 3.22365e-17)
(-0.585289 -0.697482 -2.0945e-17)
(-0.628528 -0.670642 -4.58532e-18)
(-0.65536 -0.646105 3.85594e-22)
(-0.696568 -0.611033 -1.25473e-17)
(-0.750848 -0.562457 -4.07832e-18)
(-0.816355 -0.498589 1.20672e-17)
(-0.886123 -0.417287 0)
(-0.952059 -0.320807 7.98075e-18)
(-1.00449 -0.213656 0)
(-1.04226 -0.108007 -4.07879e-18)
(-1.06577 -0.000418404 2.10955e-18)
(-1.60366 0.0849022 1.0887e-18)
(-1.602 0.198144 0)
(-1.60399 0.32493 4.75315e-18)
(-1.61084 0.462401 4.91155e-18)
(-1.61815 0.614711 -9.98337e-18)
(-1.61978 0.777374 5.12921e-18)
(-1.61031 0.942535 1.02317e-17)
(-1.58526 1.0993 5.16984e-20)
(-1.54214 1.23418 5.14135e-18)
(-1.48103 1.33266 -1.52991e-17)
(-1.40557 1.38067 -5.06307e-18)
(-1.32316 1.36953 2.02274e-17)
(-1.42046 0.0808171 -1.62882e-18)
(-1.4374 0.195102 -5.73674e-19)
(-1.45661 0.321262 -4.77747e-18)
(-1.47881 0.459077 0)
(-1.4975 0.609058 -1.28652e-17)
(-1.50556 0.764697 -7.71204e-18)
(-1.49668 0.915845 9.96048e-20)
(-1.4665 1.04943 5.24851e-18)
(-1.41353 1.15091 -1.5787e-17)
(-1.34162 1.20764 2.1247e-17)
(-1.25999 1.2107 0)
(-1.1816 1.16076 2.13834e-17)
(-1.24986 0.0875179 -2.7484e-18)
(-1.27598 0.200382 5.76048e-19)
(-1.30252 0.323937 0)
(-1.32884 0.457628 -1.01223e-17)
(-1.34813 0.598785 1.30658e-17)
(-1.35384 0.738975 1.33632e-17)
(-1.34061 0.866681 -1.62612e-17)
(-1.30551 0.96862 -2.22008e-17)
(-1.24943 1.03239 -2.27968e-17)
(-1.17852 1.05012 2.95412e-17)
(-1.10575 1.01981 -6.12633e-18)
(-1.05304 0.955879 -5.02475e-17)
(-1.08564 0.0979966 3.84608e-18)
(-1.11315 0.206664 5.74899e-19)
(-1.13888 0.324046 0)
(-1.16126 0.448397 1.25752e-17)
(-1.17424 0.57464 -1.16846e-20)
(-1.17255 0.693069 -2.73302e-18)
(-1.15228 0.79173 0)
(-1.11162 0.858105 5.95688e-18)
(-1.05156 0.882407 1.91558e-17)
(-0.976062 0.862047 -3.48506e-20)
(-0.894426 0.7991 3.2095e-17)
(-0.872766 0.73174 6.23736e-17)
(-1.23164 1.28563 2.01361e-17)
(-1.12054 1.2492 4.9368e-18)
(-1.05436 1.22903 -4.81753e-18)
(-0.985666 1.21674 9.25896e-18)
(-0.919754 1.22634 0)
(-0.846755 1.25841 1.31149e-17)
(-0.759762 1.3146 -1.90663e-17)
(-0.649411 1.38943 -1.02885e-17)
(-0.514736 1.47672 0)
(-0.352416 1.55202 3.99295e-18)
(-0.193124 1.61684 0)
(-0.0193454 1.62831 -1.02613e-18)
(-1.09111 1.03297 0)
(-0.95737 1.00118 0)
(-0.904476 0.991082 0)
(-0.850802 0.989163 -4.40533e-18)
(-0.798751 1.01195 7.32197e-21)
(-0.738598 1.0568 -4.13589e-18)
(-0.663806 1.12268 8.12705e-18)
(-0.567057 1.2023 -8.07168e-18)
(-0.447891 1.28597 0)
(-0.307339 1.3552 3.00117e-18)
(-0.169092 1.40616 1.50582e-18)
(-0.0248933 1.42209 -5.21379e-19)
(-0.993905 0.787825 0)
(-0.828623 0.782851 1.444e-17)
(-0.785321 0.795291 -8.76863e-21)
(-0.744244 0.807347 3.2126e-22)
(-0.700348 0.841055 4.18836e-18)
(-0.646165 0.892902 4.11382e-18)
(-0.577002 0.960867 6.03499e-18)
(-0.488147 1.03728 3.95463e-18)
(-0.380605 1.11255 1.98693e-18)
(-0.258057 1.17306 -3.96978e-18)
(-0.137768 1.21602 -2.02683e-18)
(-0.0151275 1.23675 0)
(-0.900144 0.547902 7.90632e-18)
(-0.697457 0.585258 -5.08467e-18)
(-0.670628 0.628497 0)
(-0.646097 0.655332 0)
(-0.611029 0.696545 -4.17232e-18)
(-0.562458 0.75083 1.73245e-20)
(-0.498594 0.816341 -1.2068e-17)
(-0.417297 0.886112 0)
(-0.32082 0.952051 -7.98118e-18)
(-0.213674 1.00449 0)
(-0.10803 1.04225 -2.04759e-18)
(-0.000451313 1.06576 0)
(0.107998 0.925519 -1.10046e-18)
(0.209902 0.948775 -4.56331e-18)
(0.317787 0.967841 0)
(0.428577 0.980904 -1.00236e-17)
(0.535401 0.983084 -2.65255e-18)
(0.62758 0.970724 -1.41632e-17)
(0.692688 0.941236 6.10108e-18)
(0.717861 0.893176 0)
(0.691363 0.825285 0)
(0.604104 0.735933 8.91226e-18)
(0.42436 0.602399 3.78736e-17)
(0.175414 0.463236 0)
(0.115103 0.769913 1.09981e-18)
(0.208008 0.785291 0)
(0.303791 0.794132 -9.48818e-18)
(0.398139 0.794918 2.48707e-18)
(0.482835 0.784199 -2.66009e-18)
(0.546453 0.76022 1.7157e-17)
(0.576028 0.722044 1.25849e-17)
(0.557776 0.669339 -7.17127e-18)
(0.477198 0.601065 0)
(0.320409 0.519854 0)
(0.0385461 0.400791 0)
(-0.281764 0.376789 0)
(0.118037 0.620527 -1.10817e-18)
(0.200258 0.626158 -5.69453e-18)
(0.282227 0.62328 1.06207e-17)
(0.35864 0.611012 0)
(0.420443 0.587605 0)
(0.455955 0.553534 -5.14158e-17)
(0.452371 0.510422 3.17562e-17)
(0.396644 0.460903 0)
(0.277014 0.407859 -8.97608e-18)
(0.0893778 0.362297 2.41013e-17)
(-0.155535 0.319538 -2.04827e-17)
(-0.346381 0.343949 0)
(0.116422 0.479404 1.12119e-18)
(0.186903 0.474765 4.58602e-18)
(0.254237 0.460212 -9.45307e-18)
(0.312504 0.435679 7.42749e-18)
(0.352412 0.401352 -7.8738e-18)
(0.362755 0.360155 -5.64503e-18)
(0.332125 0.316942 -4.43956e-17)
(0.250567 0.278193 -7.34168e-18)
(0.114362 0.251281 8.99073e-18)
(-0.0644564 0.251951 4.67822e-17)
(-0.247006 0.28056 0)
(-0.368199 0.339655 0)
(0.110475 0.348478 0)
(0.168742 0.333948 0)
(0.221402 0.308693 9.54956e-18)
(0.262327 0.273526 -9.95018e-18)
(0.282579 0.230616 -1.31371e-17)
(0.272171 0.1853 5.39909e-17)
(0.222126 0.145662 1.26504e-17)
(0.126812 0.121456 3.64804e-17)
(-0.00868461 0.122545 0)
(-0.163248 0.163194 -4.52032e-17)
(-0.301874 0.234792 -7.00173e-17)
(-0.378929 0.308751 0)
(0.10073 0.229295 0)
(0.146799 0.205805 1.19571e-18)
(0.185328 0.171225 -1.2249e-18)
(0.210371 0.127291 2.52177e-18)
(0.213816 0.077948 3.99497e-17)
(0.187434 0.0306376 -2.86199e-17)
(0.125107 -0.00387219 6.35917e-18)
(0.0252431 -0.0138026 -2.90973e-17)
(-0.100687 0.0109375 -8.73355e-18)
(-0.230188 0.0816912 1.12354e-17)
(-0.337158 0.181508 6.83721e-17)
(-0.369966 0.273156 0)
(0.0878759 0.12286 0)
(0.122108 0.0916351 1.25451e-18)
(0.147413 0.0491965 -1.27883e-18)
(0.158339 -0.0017902 0)
(0.147888 -0.0559833 -2.47175e-17)
(0.109866 -0.10432 -2.90417e-18)
(0.0408836 -0.134103 -1.29372e-17)
(-0.0577845 -0.132662 -3.7053e-17)
(-0.170675 -0.0909456 3.56198e-17)
(-0.276884 0.000765007 0)
(-0.356105 0.12105 1.41798e-16)
(-0.348454 0.225746 0)
(0.0726233 0.0295684 0)
(0.0955699 -0.00805749 1.35938e-18)
(0.108713 -0.0569563 9.62385e-18)
(0.10732 -0.11361 2.80593e-18)
(0.0856052 -0.171676 2.04947e-17)
(0.0394255 -0.22112 -6.21251e-18)
(-0.0322883 -0.247902 3.4235e-17)
(-0.126581 -0.239087 6.26953e-17)
(-0.225141 -0.187004 3.80525e-17)
(-0.309116 -0.081642 1.26425e-17)
(-0.361129 0.0551206 -1.91847e-17)
(-0.31354 0.174684 0)
(0.0555893 -0.0508655 0)
(0.0678323 -0.0935899 0)
(0.0698499 -0.147698 -1.25872e-17)
(0.0577377 -0.208968 0)
(0.0268733 -0.270543 1.44363e-20)
(-0.024888 -0.321811 -7.01179e-18)
(-0.0967317 -0.347931 7.71836e-18)
(-0.185079 -0.335909 -3.54294e-17)
(-0.268538 -0.279219 -1.07941e-17)
(-0.330105 -0.166114 1.30471e-16)
(-0.353348 -0.0150659 -1.81256e-16)
(-0.26869 0.120085 2.89687e-16)
(0.0375492 -0.119677 0)
(0.0396436 -0.166351 8.17664e-18)
(0.0314394 -0.224654 -1.63405e-17)
(0.00985508 -0.289814 4.12812e-18)
(-0.0287385 -0.355074 -4.27725e-17)
(-0.0843933 -0.409116 3.16865e-17)
(-0.154966 -0.436991 -3.82689e-17)
(-0.23664 -0.425501 1.07703e-17)
(-0.304325 -0.368307 -1.04571e-16)
(-0.342426 -0.251719 -1.24255e-16)
(-0.334496 -0.08724 -2.94767e-17)
(-0.213227 0.0626219 -3.65193e-16)
(0.0204167 -0.180426 0)
(0.0130189 -0.230055 -4.29483e-17)
(-0.00460821 -0.291847 2.79492e-17)
(-0.0349026 -0.360456 0)
(-0.0808646 -0.429941 -6.68917e-18)
(-0.139831 -0.487232 -3.37565e-17)
(-0.210115 -0.519247 -5.60464e-17)
(-0.282861 -0.510865 -3.05247e-17)
(-0.334411 -0.453336 1.81748e-16)
(-0.345686 -0.336238 1.67862e-16)
(-0.299637 -0.168231 0)
(-0.15308 -0.000612404 0)
(0.00754298 -0.240664 -1.92046e-17)
(-0.007623 -0.29098 -3.7179e-20)
(-0.0323924 -0.355007 0)
(-0.0683795 -0.42574 1.48334e-17)
(-0.11856 -0.500718 -1.3948e-17)
(-0.177084 -0.559145 -1.32425e-16)
(-0.242514 -0.605891 4.43993e-16)
(-0.309375 -0.585127 0)
(-0.326432 -0.517977 -2.29296e-16)
(-0.30957 -0.407044 -2.66962e-16)
(-0.25465 -0.244042 -4.1247e-16)
(-0.127231 -0.0368291 1.15205e-15)
(0.281211 0.561475 8.37073e-17)
(0.428378 0.526478 2.42388e-17)
(0.483882 0.548935 -1.88038e-17)
(0.52448 0.550222 0)
(0.569653 0.527152 -2.10637e-17)
(0.623389 0.485453 -1.23707e-17)
(0.684276 0.427592 1.01146e-17)
(0.746415 0.354049 6.04519e-18)
(0.80345 0.268078 0)
(0.848625 0.174215 1.00892e-18)
(0.881853 0.0808595 3.07163e-18)
(0.905128 -0.0150747 2.11569e-18)
(0.323876 0.170734 1.36134e-16)
(0.336933 0.357145 -6.8491e-18)
(0.370533 0.432298 2.43345e-17)
(0.411237 0.457422 0)
(0.456342 0.44812 0)
(0.507235 0.414448 2.09543e-17)
(0.562618 0.363303 1.23746e-17)
(0.617245 0.297599 -1.02077e-17)
(0.666131 0.221417 2.04315e-18)
(0.704607 0.139134 9.22863e-18)
(0.733028 0.0565325 -1.0405e-18)
(0.753374 -0.0291999 1.06732e-18)
(0.351767 -0.0235701 -1.37361e-16)
(0.270921 0.208913 0)
(0.281019 0.327657 0)
(0.312459 0.370272 0)
(0.353881 0.373989 0)
(0.400544 0.348963 2.15857e-17)
(0.450304 0.305058 -4.01442e-17)
(0.49803 0.247224 1.04616e-17)
(0.539652 0.180216 0)
(0.571818 0.108266 -8.35169e-18)
(0.594939 0.0354926 -3.69973e-18)
(0.610434 -0.0405451 -1.61857e-18)
(0.36136 -0.149466 1.19106e-16)
(0.215934 0.0936125 4.14332e-17)
(0.205384 0.235302 -2.77279e-17)
(0.224543 0.290282 1.94318e-17)
(0.260022 0.304766 0)
(0.302161 0.288478 4.50103e-18)
(0.346708 0.252168 1.52994e-17)
(0.388404 0.202247 -1.29412e-17)
(0.423722 0.143989 2.14562e-18)
(0.449989 0.0815374 -1.07045e-18)
(0.467482 0.0180677 5.40282e-18)
(0.476989 -0.0483817 0)
(0.353622 -0.230686 -3.49724e-19)
(0.164087 0.0035281 -3.66391e-17)
(0.136925 0.153292 3.0227e-17)
(0.144049 0.217038 -4.6452e-17)
(0.173063 0.240068 1.94705e-17)
(0.211233 0.232321 1.48839e-20)
(0.251377 0.203902 -2.28965e-18)
(0.288085 0.161982 2.25155e-17)
(0.318069 0.112212 -2.23053e-18)
(0.339002 0.058766 0)
(0.3509 0.00433604 5.56693e-19)
(0.35402 -0.0525195 -2.82143e-18)
(0.32946 -0.280173 -1.10588e-16)
(0.11113 -0.0687217 0)
(0.0713618 0.0792663 0)
(0.0680271 0.14898 2.80945e-17)
(0.0920646 0.179334 -4.70579e-17)
(0.127078 0.179729 -2.5161e-17)
(0.163945 0.159512 2.44259e-18)
(0.196806 0.125753 -1.9062e-17)
(0.222456 0.0843532 2.35247e-18)
(0.238777 0.0396381 -1.16463e-18)
(0.245469 -0.00587896 1.74984e-18)
(0.242407 -0.0531353 -5.87904e-19)
(0.288623 -0.305124 -2.29051e-16)
(0.0552845 -0.127785 -1.07222e-16)
(0.00590766 0.0110731 1.51581e-17)
(-0.00519679 0.0845035 1.88091e-17)
(0.0159067 0.121439 4.61017e-17)
(0.0491013 0.12986 5.4929e-18)
(0.0840392 0.118213 -5.30472e-18)
(0.114267 0.0928814 0)
(0.136641 0.0598611 0)
(0.149179 0.0237377 8.75491e-18)
(0.15132 -0.0129329 1.24565e-18)
(0.142709 -0.0506395 2.48859e-18)
(0.229687 -0.309181 2.47817e-16)
(-0.0029791 -0.175337 -1.36941e-19)
(-0.0611996 -0.052825 -7.075e-17)
(-0.0765545 0.0222068 -8.61414e-17)
(-0.0563824 0.0649989 -2.62217e-17)
(-0.0232615 0.0817009 6.21232e-18)
(0.011191 0.0791372 -8.95934e-18)
(0.0400512 0.0626471 2.89416e-18)
(0.0602452 0.0381493 2.25636e-17)
(0.0699001 0.0105815 -2.35563e-17)
(0.0683029 -0.0172919 2.05742e-18)
(0.0550407 -0.0455578 -3.41076e-18)
(0.157348 -0.29705 -2.51932e-16)
(-0.0631735 -0.211203 1.2583e-16)
(-0.130776 -0.113035 8.69323e-17)
(-0.146641 -0.038932 -3.11519e-20)
(-0.125593 0.00880021 0)
(-0.0907856 0.0341285 2.9974e-17)
(-0.0553756 0.0412979 3.58227e-18)
(-0.0265567 0.0342249 -7.65094e-21)
(-0.00741213 0.0185559 -5.68257e-17)
(0.000273472 -0.000369748 1.30512e-17)
(-0.00418169 -0.0194814 0)
(-0.0210303 -0.038446 3.17075e-18)
(0.0673483 -0.272491 7.32807e-16)
(-0.12316 -0.23663 0)
(-0.20223 -0.169222 1.47604e-17)
(-0.216327 -0.0994363 1.76376e-16)
(-0.193283 -0.0478936 9.77476e-17)
(-0.155498 -0.013887 -2.62312e-20)
(-0.117651 0.00363323 -1.47483e-17)
(-0.0872227 0.00667641 4.22265e-17)
(-0.0677735 0.000318171 3.60057e-17)
(-0.0610893 -0.00981768 1.51004e-17)
(-0.0675435 -0.0201697 2.09267e-18)
(-0.0867605 -0.0300165 0)
(-0.0134723 -0.216744 -4.70281e-16)
(-0.190759 -0.245766 0)
(-0.272618 -0.220007 0)
(-0.287403 -0.159455 -1.57095e-16)
(-0.263446 -0.106129 -1.52741e-16)
(-0.222932 -0.0638629 -7.48307e-17)
(-0.181219 -0.0352504 -7.11786e-17)
(-0.146472 -0.0210105 -1.26971e-16)
(-0.124568 -0.0174202 -8.08823e-18)
(-0.117495 -0.0185758 -3.39315e-17)
(-0.125046 -0.0206082 3.55785e-18)
(-0.14553 -0.0219371 0)
(-0.0562049 -0.164616 -6.9733e-16)
(-0.217677 -0.245474 0)
(-0.333233 -0.264557 0)
(-0.351623 -0.219636 4.30723e-17)
(-0.332485 -0.17091 -3.73219e-17)
(-0.296749 -0.123701 3.77876e-17)
(-0.252929 -0.0816835 -4.09429e-17)
(-0.210855 -0.0520162 1.81753e-16)
(-0.184786 -0.0368756 0)
(-0.176234 -0.0289735 -1.02402e-16)
(-0.183545 -0.0232164 -7.64735e-17)
(-0.20482 -0.0169532 2.06411e-17)
(0.925507 -0.108018 -3.15311e-21)
(0.948755 -0.209904 -4.56296e-18)
(0.967814 -0.317781 0)
(0.980872 -0.428566 7.51885e-18)
(0.98305 -0.535388 1.33075e-17)
(0.970692 -0.627565 5.67836e-18)
(0.941209 -0.692672 6.10077e-18)
(0.893157 -0.717845 -2.63105e-17)
(0.825275 -0.691346 0)
(0.735932 -0.604089 -2.65887e-17)
(0.602406 -0.424348 3.75698e-17)
(0.463245 -0.175402 7.60329e-17)
(0.769899 -0.11512 2.20153e-18)
(0.78527 -0.208006 0)
(0.794106 -0.303782 9.48735e-18)
(0.794888 -0.398128 0)
(0.784168 -0.482823 5.82983e-21)
(0.76019 -0.54644 2.28552e-17)
(0.722019 -0.576016 6.27535e-18)
(0.669322 -0.557765 -3.5748e-17)
(0.601056 -0.477188 0)
(0.519856 -0.320402 3.34259e-17)
(0.400805 -0.0385428 -5.41554e-17)
(0.376804 0.281773 0)
(0.620511 -0.11805 -1.10686e-18)
(0.626138 -0.200253 4.55758e-18)
(0.623255 -0.282216 -9.4369e-18)
(0.610984 -0.358628 1.23869e-17)
(0.587577 -0.420432 -5.28246e-18)
(0.553508 -0.455946 -1.43063e-17)
(0.5104 -0.452363 -3.80863e-17)
(0.460888 -0.396638 3.67395e-17)
(0.407852 -0.277011 0)
(0.362299 -0.0893764 -3.60614e-17)
(0.31955 0.155539 -2.04803e-17)
(0.343964 0.346397 0)
(0.479387 -0.116434 -5.59618e-19)
(0.474745 -0.186897 -5.15506e-18)
(0.460191 -0.254226 1.18447e-18)
(0.435656 -0.312493 -3.14745e-21)
(0.401328 -0.352403 -1.05185e-17)
(0.360133 -0.362748 0)
(0.316923 -0.332121 3.17252e-17)
(0.278179 -0.250566 -7.37561e-18)
(0.251274 -0.114363 0)
(0.251951 0.064457 9.35994e-17)
(0.280568 0.247014 0)
(0.33967 0.368218 0)
(0.34846 -0.110485 -2.2915e-18)
(0.333929 -0.168735 0)
(0.308675 -0.221391 7.16708e-18)
(0.273507 -0.262317 -9.93315e-18)
(0.230597 -0.282572 1.9047e-20)
(0.185282 -0.272167 2.55755e-17)
(0.145645 -0.222126 -6.29885e-18)
(0.121443 -0.126814 -2.18474e-17)
(0.122537 0.00868294 8.81054e-18)
(0.163191 0.163251 -4.5177e-17)
(0.234796 0.301886 -3.49876e-17)
(0.308763 0.37895 2.51914e-17)
(0.229278 -0.100739 2.37021e-18)
(0.205787 -0.146792 0)
(0.171209 -0.185318 -9.7734e-18)
(0.127276 -0.210362 2.52154e-18)
(0.0779326 -0.213811 -2.67308e-18)
(0.0306222 -0.187432 -2.86169e-17)
(-0.0038871 -0.125109 2.53765e-17)
(-0.013816 -0.025246 3.63858e-17)
(0.0109268 0.100686 0)
(0.0816854 0.230194 1.12612e-17)
(0.181509 0.337174 -1.70665e-17)
(0.273166 0.369987 0)
(0.122843 -0.0878849 6.23593e-19)
(0.0916187 -0.122102 -5.66169e-18)
(0.0491833 -0.147404 0)
(-0.00180262 -0.158331 0)
(-0.0559956 -0.147884 0)
(-0.104333 -0.109865 -5.85181e-18)
(-0.134117 -0.0408862 -1.93921e-17)
(-0.132676 0.0577817 -2.96251e-17)
(-0.0909579 0.170675 8.9063e-18)
(0.000757002 0.276893 3.44158e-20)
(0.121049 0.356122 -1.59446e-16)
(0.225753 0.348474 -2.1875e-16)
(0.029553 -0.0726318 2.72389e-18)
(-0.00807285 -0.0955651 6.81148e-18)
(-0.0569678 -0.108706 -1.37894e-18)
(-0.11362 -0.107313 2.80569e-18)
(-0.171686 -0.0856022 1.75754e-17)
(-0.221131 -0.0394257 2.18568e-17)
(-0.247915 0.0322857 -2.73336e-17)
(-0.239101 0.126579 7.05431e-17)
(-0.187018 0.225143 0)
(-0.0816517 0.309126 0)
(0.0551176 0.361147 1.36372e-16)
(0.174689 0.313557 3.00152e-17)
(-0.0508797 -0.0555971 -3.14768e-18)
(-0.0936049 -0.0678286 -1.56308e-18)
(-0.147709 -0.0698432 1.57776e-18)
(-0.208977 -0.0577321 0)
(-0.270552 -0.0268708 -5.31251e-17)
(-0.32182 0.0248876 -3.51473e-17)
(-0.347943 0.0967299 3.08001e-17)
(-0.335923 0.185078 -3.53991e-17)
(-0.279233 0.268543 1.08789e-17)
(-0.166125 0.330116 1.45273e-17)
(-0.0150706 0.353365 -2.26154e-17)
(0.120088 0.268703 2.89211e-16)
(-0.11969 -0.0375558 -4.11037e-18)
(-0.166367 -0.039641 0)
(-0.224665 -0.0314337 -1.63394e-17)
(-0.289822 -0.0098506 4.12782e-18)
(-0.355081 0.0287408 2.56569e-17)
(-0.409125 0.0843932 -4.46755e-18)
(-0.437002 0.154965 -1.91613e-17)
(-0.425515 0.236642 7.52482e-17)
(-0.368322 0.304332 -9.15629e-17)
(-0.251732 0.342438 6.89767e-20)
(-0.087246 0.334511 -2.94732e-17)
(0.0626224 0.213235 0)
(-0.180437 -0.0204222 5.36586e-18)
(-0.230073 -0.0130169 -2.32787e-17)
(-0.291859 0.00461309 5.24276e-17)
(-0.360463 0.0349064 0)
(-0.429947 0.0808667 -6.68878e-18)
(-0.48724 0.139832 6.78053e-18)
(-0.519257 0.210116 4.18489e-17)
(-0.510879 0.282864 -2.28728e-16)
(-0.453352 0.334419 1.45235e-16)
(-0.336253 0.345698 0)
(-0.168238 0.29965 0)
(-0.000612192 0.153086 0)
(-0.240674 -0.00754673 3.84069e-17)
(-0.291001 0.00762422 7.05504e-17)
(-0.355021 0.0323965 -1.29182e-16)
(-0.425748 0.0683829 1.48329e-17)
(-0.500723 0.118563 -2.77959e-17)
(-0.559152 0.177086 -6.6298e-17)
(-0.6059 0.242517 -5.22671e-17)
(-0.585143 0.309382 3.67094e-17)
(-0.517994 0.326443 -2.00698e-16)
(-0.407059 0.309583 -3.33467e-17)
(-0.244051 0.25466 0)
(-0.0368283 0.127238 -1.15192e-15)
(0.561468 -0.281212 8.37048e-17)
(0.52648 -0.428366 2.44569e-17)
(0.548941 -0.483864 -1.87319e-17)
(0.550229 -0.524458 -2.19568e-17)
(0.527161 -0.569628 2.10657e-17)
(0.485464 -0.623362 2.05578e-17)
(0.427604 -0.684247 -2.02947e-18)
(0.354063 -0.746388 -4.02395e-18)
(0.268093 -0.803425 2.01281e-18)
(0.174231 -0.848604 0)
(0.0808757 -0.881838 0)
(-0.0150601 -0.90512 -2.77798e-21)
(0.170728 -0.323874 0)
(0.357148 -0.33692 6.66233e-20)
(0.432305 -0.370515 0)
(0.457431 -0.411216 1.77844e-17)
(0.448131 -0.456319 -4.30932e-18)
(0.414461 -0.507212 8.38994e-18)
(0.363316 -0.562595 -2.26787e-17)
(0.297613 -0.617224 2.04533e-18)
(0.221432 -0.666113 0)
(0.139149 -0.704594 -8.20513e-18)
(0.056546 -0.733021 0)
(-0.0291891 -0.753374 2.13271e-18)
(-0.0235714 -0.351761 0)
(0.208918 -0.270907 -3.78245e-17)
(0.327665 -0.281002 5.16184e-18)
(0.370282 -0.312441 0)
(0.374002 -0.353862 1.78178e-17)
(0.348977 -0.400526 4.31309e-18)
(0.305073 -0.450287 1.47726e-17)
(0.247239 -0.498016 -1.25502e-17)
(0.180231 -0.539643 2.08572e-18)
(0.108279 -0.571813 1.67131e-17)
(0.0355036 -0.59494 4.22694e-18)
(-0.0405378 -0.610443 -1.0782e-18)
(-0.149463 -0.361352 -1.19109e-16)
(0.0936195 -0.215921 0)
(0.235312 -0.20537 0)
(0.290295 -0.224529 2.42858e-17)
(0.30478 -0.260009 -2.3186e-17)
(0.288494 -0.302149 4.48127e-18)
(0.252184 -0.346698 -4.37771e-18)
(0.202262 -0.388398 8.62603e-18)
(0.144002 -0.423721 8.57607e-18)
(0.0815492 -0.449993 6.29349e-21)
(0.0180764 -0.467492 -4.32043e-18)
(-0.0483774 -0.477005 1.09876e-18)
(-0.23068 -0.353614 1.11649e-16)
(0.00353681 -0.164076 0)
(0.153304 -0.136914 6.04302e-18)
(0.217051 -0.144039 -4.6451e-17)
(0.240084 -0.173056 0)
(0.232338 -0.211228 -2.35747e-17)
(0.20392 -0.251376 2.52125e-17)
(0.161998 -0.288087 -2.02662e-17)
(0.112226 -0.318076 -6.68422e-18)
(0.0587768 -0.339015 -1.99933e-17)
(0.00434292 -0.350918 0)
(-0.0525176 -0.354043 -2.25603e-18)
(-0.280166 -0.329452 2.75215e-17)
(-0.0687115 -0.111122 -5.15117e-17)
(0.0792791 -0.0713553 0)
(0.148995 -0.0680228 -1.47662e-20)
(0.179351 -0.0920635 0)
(0.179748 -0.12708 5.01962e-18)
(0.15953 -0.163951 -2.4371e-17)
(0.125769 -0.196817 1.66852e-17)
(0.0843665 -0.222472 1.17522e-17)
(0.039648 -0.238798 9.33007e-18)
(-0.00587345 -0.245495 -4.66421e-18)
(-0.0531351 -0.242436 1.17303e-18)
(-0.305116 -0.288617 0)
(-0.127774 -0.0552798 1.42948e-16)
(0.0110869 -0.00590543 6.82346e-17)
(0.0845198 0.00519557 1.87938e-17)
(0.121457 -0.0159119 0)
(0.129879 -0.0491104 2.74734e-17)
(0.118232 -0.0840526 -2.65654e-18)
(0.0928979 -0.114286 -5.46102e-21)
(0.0598743 -0.136664 -1.26565e-17)
(0.023747 -0.149207 0)
(-0.0129284 -0.151351 -4.32972e-22)
(-0.0506403 -0.142743 3.70096e-26)
(-0.309174 -0.229683 -2.47927e-16)
(-0.175326 0.00298065 -2.4282e-16)
(-0.0528104 0.0611976 -6.18626e-17)
(0.0222238 0.0765481 -5.74369e-17)
(0.065018 0.0563712 0)
(0.0817211 0.0232459 6.21221e-18)
(0.0791565 -0.0112112 -8.95918e-18)
(0.0626639 -0.0400763 6.32257e-21)
(0.0381622 -0.0602753 2.82381e-18)
(0.0105904 -0.0699345 0)
(-0.0172879 -0.0683404 5.48363e-18)
(-0.0455592 -0.0550799 2.72763e-18)
(-0.297043 -0.157347 -2.78287e-19)
(-0.211192 0.0631721 1.43861e-16)
(-0.11302 0.13077 0)
(-0.0389151 0.14663 8.62093e-18)
(0.00881951 0.125577 -8.20436e-21)
(0.0341489 0.0907644 -2.99833e-17)
(0.0413173 0.0553496 2.50893e-17)
(0.0342415 0.0265255 -3.1058e-17)
(0.0185687 0.00737618 0)
(-0.000361076 -0.000313454 -1.30511e-17)
(-0.0194776 0.00413945 0)
(-0.0384476 0.0209875 -6.34197e-18)
(-0.272485 -0.0673493 3.66184e-16)
(-0.23662 0.123157 -2.36344e-17)
(-0.169207 0.202221 1.47783e-16)
(-0.0994202 0.216312 8.22888e-17)
(-0.0478746 0.193262 -7.60348e-17)
(-0.0138673 0.155472 4.12411e-17)
(0.00365242 0.11762 -9.84902e-18)
(0.00669268 0.0871862 3.28514e-17)
(0.000330611 0.0677326 4.50591e-18)
(-0.00980918 0.0610447 3.23534e-17)
(-0.020166 0.0674974 -6.26664e-18)
(-0.0300178 0.086715 4.12799e-18)
(-0.216741 0.0134705 0)
(-0.245758 0.190754 0)
(-0.219994 0.272607 -1.82771e-16)
(-0.159439 0.287384 0)
(-0.106111 0.263422 1.71821e-16)
(-0.0638444 0.222903 -1.87019e-16)
(-0.0352322 0.181184 -4.45034e-17)
(-0.0209947 0.146431 5.92302e-17)
(-0.0174082 0.124523 0)
(-0.0185675 0.117446 1.10408e-21)
(-0.0206045 0.124997 4.26374e-17)
(-0.0219375 0.145483 0)
(-0.164613 0.0562031 -6.10325e-16)
(-0.245472 0.217676 -5.39172e-16)
(-0.264544 0.333224 4.87614e-17)
(-0.219621 0.351603 0)
(-0.170894 0.33246 -3.72565e-17)
(-0.123684 0.296719 3.78226e-16)
(-0.0816648 0.252891 -4.09718e-17)
(-0.0519988 0.210809 -2.04473e-16)
(-0.0368628 0.184738 2.3204e-17)
(-0.0289645 0.176184 -9.10413e-17)
(-0.0232119 0.183496 -1.74828e-16)
(-0.0169523 0.204774 2.06421e-17)
(-0.108007 -0.925507 1.09407e-18)
(-0.209899 -0.948764 -1.14039e-18)
(-0.317783 -0.967832 1.19597e-18)
(-0.428578 -0.9809 1.00481e-17)
(-0.535412 -0.983088 1.0642e-17)
(-0.627602 -0.970738 -1.13432e-17)
(-0.692723 -0.941261 -6.0757e-18)
(-0.717905 -0.89321 -1.97209e-17)
(-0.691411 -0.825325 5.90407e-17)
(-0.60415 -0.735976 0)
(-0.424393 -0.602436 5.04126e-17)
(-0.175431 -0.463266 0)
(-0.115114 -0.769907 1.09972e-18)
(-0.208006 -0.785287 0)
(-0.303791 -0.794131 0)
(-0.398146 -0.794922 1.12509e-20)
(-0.482853 -0.784209 -1.06044e-17)
(-0.546482 -0.760236 -2.85548e-17)
(-0.576068 -0.722067 -1.88315e-17)
(-0.557821 -0.669368 0)
(-0.477242 -0.601097 -3.40361e-17)
(-0.320442 -0.519888 1.11246e-17)
(-0.0385564 -0.400819 3.58714e-17)
(0.281779 -0.376817 1.74963e-16)
(-0.118048 -0.620527 -1.10808e-18)
(-0.200259 -0.626161 1.13647e-18)
(-0.28223 -0.623286 8.25985e-18)
(-0.358652 -0.61102 -1.73569e-17)
(-0.420467 -0.587617 -1.58334e-17)
(-0.455989 -0.55355 -2.80521e-18)
(-0.452413 -0.510441 3.81314e-17)
(-0.396687 -0.460925 2.19556e-17)
(-0.277051 -0.407883 -3.5879e-17)
(-0.0893977 -0.362322 0)
(0.155538 -0.319563 -8.21753e-17)
(0.346404 -0.343975 -4.58125e-20)
(-0.116435 -0.47941 2.24284e-18)
(-0.186906 -0.474773 0)
(-0.254244 -0.460223 -9.45131e-18)
(-0.312519 -0.435692 2.46875e-18)
(-0.352438 -0.401365 1.05004e-17)
(-0.36279 -0.360169 4.83641e-17)
(-0.332165 -0.316956 -3.1725e-17)
(-0.250605 -0.278207 -3.67874e-17)
(-0.11439 -0.251296 8.08049e-17)
(0.0644468 -0.251969 -4.67773e-17)
(0.247016 -0.280583 0)
(0.368225 -0.339683 -1.0279e-16)
(-0.11049 -0.348488 -2.29119e-18)
(-0.168747 -0.33396 0)
(-0.221411 -0.308708 0)
(-0.262344 -0.273541 7.471e-18)
(-0.282607 -0.23063 2.63075e-17)
(-0.272205 -0.185311 -2.55998e-17)
(-0.222164 -0.145669 2.5289e-17)
(-0.126844 -0.121463 -2.91619e-17)
(0.00866509 -0.122552 -7.04905e-17)
(0.163246 -0.163206 -6.30922e-22)
(0.30189 -0.234811 7.00096e-17)
(0.378959 -0.308776 0)
(-0.100746 -0.22931 1.18509e-18)
(-0.146805 -0.205821 -4.79495e-18)
(-0.185339 -0.171243 0)
(-0.210388 -0.127308 0)
(-0.213843 -0.0779609 -2.39691e-17)
(-0.187465 -0.0306449 -2.00221e-17)
(-0.12514 0.00387064 0)
(-0.0252679 0.0138032 2.90939e-17)
(0.100675 -0.0109367 2.61843e-17)
(0.230193 -0.0816973 5.61802e-17)
(0.337179 -0.181523 -1.3682e-16)
(0.369996 -0.273178 2.05649e-16)
(-0.0878919 -0.12288 -3.73287e-26)
(-0.122116 -0.0916547 6.28594e-18)
(-0.147424 -0.0492175 -1.27869e-18)
(-0.158356 0.00177271 -2.61655e-18)
(-0.147912 0.0559712 5.49275e-18)
(-0.109893 0.104316 2.05501e-17)
(-0.0409112 0.134107 0)
(0.0577664 0.132669 0)
(0.170669 0.0909532 3.56155e-17)
(0.276895 -0.000765366 0)
(0.356129 -0.12106 5.3026e-17)
(0.348484 -0.225764 -1.9108e-16)
(-0.0726391 -0.0295928 2.72384e-18)
(-0.095578 0.00803511 5.45243e-18)
(-0.108724 0.0569335 1.10018e-17)
(-0.107334 0.113592 0)
(-0.0856272 0.171665 2.91741e-18)
(-0.0394477 0.221118 -9.34062e-18)
(0.0322662 0.24791 1.3691e-17)
(0.126569 0.239098 -4.70377e-17)
(0.225141 0.187018 -2.84662e-17)
(0.309131 0.0816473 0)
(0.361156 -0.0551262 1.56199e-16)
(0.313567 -0.174697 2.44339e-16)
(-0.0556039 0.0508374 -6.29607e-18)
(-0.0678405 0.0935659 -6.26891e-18)
(-0.0698592 0.147674 -1.25859e-17)
(-0.057751 0.208951 3.19442e-18)
(-0.0268907 0.270533 -2.45653e-20)
(0.02487 0.321811 -3.53092e-18)
(0.0967168 0.347943 0)
(0.185073 0.335925 -3.33855e-20)
(0.268545 0.279238 -1.08834e-17)
(0.330123 0.166125 1.30456e-16)
(0.353374 0.0150658 -1.81235e-16)
(0.268714 -0.120095 -2.89198e-16)
(-0.0375614 0.119646 4.10794e-18)
(-0.0396513 0.166327 -8.1759e-18)
(-0.0314465 0.22463 1.6339e-17)
(-0.00986688 0.289797 0)
(0.0287268 0.355065 0)
(0.0843792 0.409119 -2.71506e-17)
(0.154959 0.437005 2.87129e-17)
(0.23664 0.425521 1.28974e-16)
(0.304338 0.368331 1.04653e-16)
(0.342447 0.251736 1.79487e-17)
(0.334521 0.0872457 -2.94731e-17)
(0.213245 -0.0626271 0)
(-0.0204264 0.180392 0)
(-0.0130249 0.230032 1.43051e-17)
(0.00460262 0.291824 -2.79473e-17)
(0.0348936 0.36044 6.77893e-18)
(0.0808568 0.429932 -6.73755e-18)
(0.139822 0.487237 5.39962e-17)
(0.210114 0.519263 -5.57675e-17)
(0.282866 0.510889 -1.21929e-16)
(0.334429 0.453365 -1.45231e-16)
(0.345709 0.336262 -1.91626e-16)
(0.299659 0.168242 3.4829e-16)
(0.153093 0.000611985 -6.6457e-17)
(-0.00754883 0.240629 3.84083e-17)
(0.00761895 0.290962 -7.05894e-17)
(0.0323892 0.354987 0)
(0.0683739 0.425727 -1.19066e-16)
(0.118558 0.500712 -1.11199e-16)
(0.177081 0.559152 0)
(0.24252 0.605911 2.60517e-17)
(0.309388 0.58516 -7.36286e-17)
(0.326453 0.518012 -1.43608e-21)
(0.309593 0.407073 3.33455e-17)
(0.254668 0.24406 -8.24748e-16)
(0.127244 0.0368301 0)
(-0.281228 -0.561514 -8.36995e-17)
(-0.428414 -0.526508 -3.05315e-17)
(-0.483922 -0.548962 2.35095e-17)
(-0.52452 -0.550246 0)
(-0.569691 -0.527172 1.68441e-17)
(-0.623424 -0.485468 4.11472e-18)
(-0.684306 -0.4276 -1.21423e-17)
(-0.746441 -0.354052 -6.04764e-18)
(-0.803471 -0.268078 -1.00413e-17)
(-0.84864 -0.174214 0)
(-0.881864 -0.0808576 4.09948e-18)
(-0.905135 0.015077 -1.05774e-18)
(-0.323901 -0.170745 0)
(-0.336966 -0.357165 3.4289e-17)
(-0.370567 -0.43232 -2.43303e-17)
(-0.41127 -0.457443 0)
(-0.456373 -0.448138 1.29476e-17)
(-0.507263 -0.414462 4.19621e-18)
(-0.562642 -0.363312 -1.6495e-17)
(-0.617264 -0.297604 -1.68053e-20)
(-0.666146 -0.221418 0)
(-0.704617 -0.139135 0)
(-0.733034 -0.0565322 0)
(-0.753377 0.0292003 -1.06721e-18)
(-0.351795 0.0235732 0)
(-0.270949 -0.208925 2.27034e-17)
(-0.281046 -0.327673 2.57504e-17)
(-0.312485 -0.370289 0)
(-0.353904 -0.374006 -1.3339e-17)
(-0.400564 -0.348977 8.64074e-18)
(-0.450321 -0.305068 2.32258e-17)
(-0.498043 -0.24723 -4.19267e-18)
(-0.539662 -0.180219 -6.25246e-18)
(-0.571824 -0.108268 0)
(-0.594942 -0.0354937 -4.22655e-18)
(-0.610434 0.0405438 1.07811e-18)
(-0.36139 0.149479 0)
(-0.215958 -0.0936156 -3.31947e-17)
(-0.205404 -0.235313 -4.43225e-17)
(-0.224561 -0.290296 0)
(-0.260037 -0.30478 -4.63682e-18)
(-0.302174 -0.28849 -1.34358e-17)
(-0.346718 -0.252177 1.75063e-17)
(-0.388412 -0.202253 8.62495e-18)
(-0.423727 -0.143992 -7.128e-21)
(-0.449991 -0.0815397 1.07031e-18)
(-0.467482 -0.0180698 3.77722e-18)
(-0.476987 0.0483791 -5.50117e-19)
(-0.353652 0.230706 2.7737e-17)
(-0.164105 -0.00352415 -1.83362e-17)
(-0.136938 -0.153297 2.419e-17)
(-0.14406 -0.217047 5.16426e-18)
(-0.173071 -0.240079 2.43298e-17)
(-0.21124 -0.232332 -4.71521e-18)
(-0.251382 -0.203911 -3.43669e-17)
(-0.288088 -0.161988 -4.33215e-21)
(-0.31807 -0.112216 8.90296e-18)
(-0.339002 -0.0587688 -1.11094e-17)
(-0.350898 -0.0043388 0)
(-0.354016 0.0525162 2.25619e-18)
(-0.329487 0.280199 0)
(-0.111142 0.0687315 -1.02889e-17)
(-0.0713684 -0.0792657 6.70113e-18)
(-0.0680306 -0.148985 0)
(-0.092066 -0.179342 -1.56776e-17)
(-0.127078 -0.179738 -2.01425e-17)
(-0.163945 -0.159519 1.46133e-17)
(-0.196805 -0.125758 -2.38082e-18)
(-0.222454 -0.0843569 2.35213e-18)
(-0.238775 -0.0396411 9.32908e-18)
(-0.245466 0.00587596 0)
(-0.242403 0.0531316 -2.34587e-18)
(-0.288646 0.305151 2.29031e-16)
(-0.0552913 0.1278 8.33943e-17)
(-0.0059077 -0.0110673 6.66892e-21)
(0.00520006 -0.0845042 6.27134e-18)
(-0.0159017 -0.121443 2.30519e-17)
(-0.0490962 -0.129866 2.74688e-17)
(-0.0840344 -0.118219 -5.30379e-18)
(-0.114263 -0.092886 0)
(-0.136636 -0.0598645 0)
(-0.149174 -0.0237405 0)
(-0.151315 0.01293 4.35365e-18)
(-0.142704 0.0506358 6.23191e-19)
(-0.229703 0.309209 -2.16893e-16)
(0.00297842 0.175356 -1.28497e-16)
(0.0612059 0.0528355 0)
(0.0765643 -0.022203 0)
(0.0563934 -0.0649994 -4.58897e-17)
(0.0232719 -0.081704 2.48562e-17)
(-0.0111819 -0.0791413 -2.68773e-17)
(-0.0400431 -0.0626507 -2.89086e-17)
(-0.0602379 -0.038152 2.82347e-18)
(-0.0698933 -0.0105838 -1.38346e-18)
(-0.0682969 0.0172893 -4.11016e-18)
(-0.0550355 0.0455545 -2.72742e-18)
(-0.157357 0.297077 0)
(0.0631791 0.211225 -1.79775e-17)
(0.130788 0.11305 1.0877e-17)
(0.146657 0.0389401 8.65047e-18)
(0.12561 -0.00879662 3.16271e-17)
(0.0908011 -0.0341283 -2.99787e-17)
(0.055389 -0.0412995 2.1505e-17)
(0.0265681 -0.0342268 5.52014e-17)
(0.007422 -0.0185577 0)
(-0.00026479 0.000368104 1.6287e-18)
(0.00418916 0.0194794 -1.60639e-18)
(0.0210364 0.0384433 3.17045e-18)
(-0.0673493 0.272516 0)
(0.123172 0.236654 -2.36304e-17)
(0.202247 0.169241 3.31763e-20)
(0.216349 0.0994487 1.05834e-16)
(0.193305 0.0479015 -9.77288e-17)
(0.155518 0.013891 6.18574e-17)
(0.117669 -0.00363191 -4.92651e-18)
(0.0872375 -0.00667641 -4.69143e-17)
(0.0677861 -0.000318562 4.5054e-18)
(0.0611001 0.00981701 1.72519e-17)
(0.0675527 0.0201686 0)
(0.0867679 0.0300147 4.12922e-18)
(0.013476 0.21676 0)
(0.190776 0.245791 0)
(0.272642 0.220029 0)
(0.287431 0.159472 -1.57068e-16)
(0.263474 0.106142 3.24475e-16)
(0.222958 0.0638711 -9.35318e-17)
(0.181241 0.035255 8.88911e-18)
(0.146491 0.0210128 -8.47069e-18)
(0.124583 0.0174214 0)
(0.117508 0.0185763 -6.40917e-17)
(0.125057 0.020608 3.37556e-17)
(0.145539 0.021936 -8.82415e-18)
(0.0562099 0.164627 6.97281e-16)
(0.217693 0.245493 0)
(0.333261 0.264585 -4.85736e-17)
(0.35166 0.219656 3.88119e-16)
(0.33252 0.170927 -2.60979e-16)
(0.296782 0.123714 -7.56236e-17)
(0.252957 0.0816925 2.25133e-16)
(0.210878 0.0520217 -4.54229e-17)
(0.184805 0.0368788 2.31997e-17)
(0.17625 0.0289753 1.82055e-16)
(0.183559 0.0232172 -8.73967e-17)
(0.204832 0.016953 -4.12794e-17)
(-0.92551 0.10802 -1.09399e-18)
(-0.948753 0.209905 -1.14032e-18)
(-0.967807 0.31778 1.19591e-18)
(-0.980861 0.428564 0)
(-0.983035 0.535382 -1.32937e-17)
(-0.970676 0.627555 -8.49666e-18)
(-0.941193 0.692659 3.04124e-17)
(-0.893143 0.71783 1.97209e-17)
(-0.825265 0.691332 0)
(-0.735927 0.604076 -1.58112e-19)
(-0.602406 0.424339 -5.04142e-17)
(-0.463248 0.1754 -7.60327e-17)
(-0.769898 0.115119 -2.20133e-18)
(-0.785265 0.208004 -1.13622e-18)
(-0.794097 0.303779 -8.29895e-18)
(-0.794875 0.398123 2.48671e-18)
(-0.784152 0.482815 7.94421e-18)
(-0.760174 0.546429 -2.85537e-17)
(-0.722003 0.576003 -1.88612e-17)
(-0.669308 0.557752 0)
(-0.601046 0.477176 0)
(-0.51985 0.320393 -3.34254e-17)
(-0.400805 0.0385392 -1.79516e-17)
(-0.376804 -0.281775 -1.39951e-16)
(-0.620508 0.118048 5.54069e-19)
(-0.626131 0.200249 5.12783e-18)
(-0.623246 0.282211 9.43631e-18)
(-0.610972 0.358622 0)
(-0.587563 0.420424 -7.92361e-18)
(-0.553494 0.455936 3.71501e-17)
(-0.510386 0.452352 -1.9008e-17)
(-0.460876 0.396628 0)
(-0.407843 0.277003 0)
(-0.362294 0.089371 0)
(-0.319549 -0.155541 0)
(-0.343964 -0.3464 1.22179e-16)
(-0.479383 0.11643 0)
(-0.474738 0.186892 -3.4414e-18)
(-0.460182 0.25422 -1.18439e-18)
(-0.435646 0.312486 2.46551e-18)
(-0.401317 0.352394 5.26163e-18)
(-0.360122 0.362739 -2.56034e-17)
(-0.316912 0.332112 6.40889e-18)
(-0.27817 0.250559 0)
(-0.251267 0.114358 -3.58774e-17)
(-0.251946 -0.0644605 3.5062e-17)
(-0.280565 -0.247016 -5.65704e-17)
(-0.339668 -0.36822 -1.02823e-16)
(-0.348456 0.110481 1.71973e-18)
(-0.333923 0.168729 5.83716e-19)
(-0.308668 0.221384 0)
(-0.273499 0.26231 -2.47801e-18)
(-0.230589 0.282565 -1.5782e-17)
(-0.185274 0.27216 -2.85234e-18)
(-0.145638 0.22212 3.02115e-20)
(-0.121437 0.126809 -2.91609e-17)
(-0.122532 -0.00868599 2.64441e-17)
(-0.163186 -0.163253 -3.39014e-17)
(-0.234793 -0.301888 6.9968e-17)
(-0.30876 -0.37895 -1.05805e-19)
(-0.229273 0.100734 -2.96119e-18)
(-0.205783 0.146786 1.79623e-18)
(-0.171205 0.185311 -1.22472e-18)
(-0.127271 0.210355 2.52141e-18)
(-0.0779278 0.213804 2.12955e-17)
(-0.0306179 0.187427 2.83038e-18)
(0.00389105 0.125105 1.89921e-17)
(0.0138197 0.0252436 5.09161e-17)
(-0.0109235 -0.100687 8.73961e-18)
(-0.0816823 -0.230195 0)
(-0.181506 -0.337174 0)
(-0.273163 -0.369985 1.02666e-16)
(-0.122839 0.0878799 -1.8663e-26)
(-0.0916157 0.122096 -3.7766e-18)
(-0.0491809 0.147398 -1.14793e-17)
(0.0018046 0.158326 0)
(0.055997 0.147879 0)
(0.104334 0.109862 -5.8516e-18)
(0.134118 0.040884 6.49376e-18)
(0.132677 -0.0577822 -5.92402e-17)
(0.0909591 -0.170675 -4.45208e-17)
(-0.000755481 -0.276892 2.32549e-17)
(-0.121047 -0.356121 1.24109e-16)
(-0.225749 -0.348471 2.18751e-16)
(-0.0295492 0.0726274 2.04437e-18)
(0.00807501 0.0955595 7.49402e-18)
(0.0569684 0.1087 2.06233e-17)
(0.11362 0.107308 -2.25286e-17)
(0.171685 0.0855987 -2.05139e-17)
(0.221129 0.0394236 -9.34051e-18)
(0.247913 -0.0322863 6.86584e-18)
(0.239099 -0.126578 3.13328e-17)
(0.187017 -0.225141 1.13989e-16)
(0.0816514 -0.309124 1.00951e-16)
(-0.0551169 -0.361144 2.78214e-19)
(-0.174686 -0.313554 4.3972e-19)
(0.0508839 0.0555934 -3.14742e-18)
(0.0936068 0.067824 -6.27066e-18)
(0.147709 0.0698386 -1.25855e-17)
(0.208974 0.0577285 4.81071e-17)
(0.270548 0.0268686 2.65789e-17)
(0.321816 -0.0248884 3.53089e-18)
(0.347939 -0.0967292 -3.07773e-17)
(0.335919 -0.185076 0)
(0.27923 -0.26854 9.05449e-20)
(0.166123 -0.330113 -2.31815e-16)
(0.0150698 -0.353362 -2.03951e-16)
(-0.120086 -0.268699 3.65722e-17)
(0.119696 0.037553 0)
(0.16637 0.0396374 1.02066e-17)
(0.224664 0.0314301 -1.83851e-17)
(0.289819 0.00984814 -3.3127e-17)
(0.355076 -0.0287418 -2.99908e-17)
(0.409119 -0.0843929 -1.35321e-17)
(0.436996 -0.154963 1.02057e-20)
(0.425509 -0.236638 -7.52472e-17)
(0.368317 -0.304328 -2.22306e-16)
(0.251729 -0.342435 1.59801e-16)
(0.0872438 -0.334508 0)
(-0.0626218 -0.213232 -7.30808e-16)
(0.180444 0.0204203 0)
(0.230077 0.0130143 -2.50702e-17)
(0.291859 -0.0046156 2.4442e-17)
(0.36046 -0.0349078 -6.77888e-18)
(0.429941 -0.0808667 1.14168e-16)
(0.487233 -0.13983 5.40927e-17)
(0.51925 -0.210113 5.57684e-17)
(0.510872 -0.282861 1.21932e-16)
(0.453346 -0.334415 1.45235e-16)
(0.336248 -0.345694 0)
(0.168234 -0.299646 0)
(0.000611019 -0.153082 5.32589e-16)
(0.240683 0.00754576 -1.92025e-17)
(0.291007 -0.00762583 1.49935e-16)
(0.355023 -0.0323981 5.65158e-17)
(0.425746 -0.0683837 1.19065e-16)
(0.500718 -0.118562 -1.11093e-16)
(0.559145 -0.177084 -2.63043e-17)
(0.605892 -0.242514 2.62146e-17)
(0.585135 -0.309378 -3.67462e-17)
(0.517988 -0.326439 2.87051e-17)
(0.407053 -0.309579 0)
(0.244047 -0.254657 0)
(0.0368259 -0.127234 1.15192e-15)
(-0.561477 0.281227 0)
(-0.526487 0.428391 -3.03149e-17)
(-0.548949 0.483897 4.70911e-18)
(-0.550237 0.524497 0)
(-0.527167 0.569672 0)
(-0.485467 0.623409 4.11506e-18)
(-0.427604 0.684295 6.06001e-18)
(-0.35406 0.746434 -2.01352e-18)
(-0.26809 0.803466 8.02912e-18)
(-0.17423 0.848637 0)
(-0.0808804 0.881863 4.09962e-18)
(0.0150465 0.905135 1.06055e-18)
(-0.17073 0.323894 0)
(-0.35715 0.336946 0)
(-0.432309 0.370547 -1.94929e-17)
(-0.457434 0.411252 0)
(-0.448132 0.456358 -4.30911e-18)
(-0.41446 0.507252 8.38952e-18)
(-0.363314 0.562635 -2.06188e-17)
(-0.29761 0.61726 -2.04184e-18)
(-0.221429 0.666144 2.04301e-18)
(-0.13915 0.704618 8.20475e-18)
(-0.0565537 0.733038 0)
(0.0291727 0.753382 -1.06534e-18)
(0.0235774 0.351784 0)
(-0.208916 0.270933 -7.5438e-18)
(-0.327664 0.28103 3.08613e-17)
(-0.370281 0.312471 -4.61084e-18)
(-0.373999 0.353893 0)
(-0.348973 0.400557 -1.29583e-17)
(-0.305068 0.450316 2.9574e-17)
(-0.247235 0.498041 0)
(-0.180229 0.539663 0)
(-0.108282 0.571828 -7.30808e-18)
(-0.0355134 0.594949 3.1689e-18)
(0.0405192 0.610446 1.07934e-18)
(0.149475 0.361376 0)
(-0.093612 0.215944 0)
(-0.235307 0.205393 -2.2174e-17)
(-0.290289 0.224552 4.85422e-18)
(-0.304773 0.260031 -4.64024e-18)
(-0.288486 0.30217 4.03454e-17)
(-0.252176 0.346716 -4.35953e-18)
(-0.202257 0.388413 1.0789e-17)
(-0.144 0.42373 -1.07212e-17)
(-0.081552 0.449997 8.57847e-18)
(-0.0180873 0.467492 -4.3202e-18)
(0.0483575 0.477003 -1.09799e-18)
(0.230697 0.353638 0)
(-0.00352495 0.164095 3.66047e-17)
(-0.153294 0.136931 2.41823e-17)
(-0.217042 0.144055 0)
(-0.240073 0.173069 -1.46053e-17)
(-0.232327 0.211239 -2.82744e-17)
(-0.203909 0.251382 -2.97849e-17)
(-0.16199 0.28809 6.75869e-18)
(-0.112223 0.318074 8.90893e-18)
(-0.0587793 0.339009 -8.88225e-18)
(-0.00435381 0.35091 0)
(0.0524973 0.354035 0)
(0.280186 0.329474 0)
(0.0687271 0.111135 -4.11899e-17)
(-0.0792657 0.0713657 6.69447e-18)
(-0.148982 0.0680295 -5.62434e-18)
(-0.179337 0.0920665 2.09059e-17)
(-0.179733 0.127079 5.03066e-18)
(-0.159517 0.163946 1.46148e-17)
(-0.125759 0.196808 -4.0519e-17)
(-0.0843618 0.22246 2.3523e-18)
(-0.0396496 0.238783 -1.16454e-18)
(0.00586337 0.245478 1.16773e-18)
(0.0531151 0.242423 0)
(0.305137 0.288636 0)
(0.127793 0.0552877 -9.53104e-17)
(-0.0110701 0.0059089 0)
(-0.0845032 -0.00519737 -2.50801e-17)
(-0.12144 0.0159053 1.7295e-17)
(-0.129862 0.0490995 3.29791e-17)
(-0.118216 0.0840375 -2.65641e-18)
(-0.0928862 0.114266 1.80537e-17)
(-0.0598679 0.136642 0)
(-0.0237471 0.149183 -1.24833e-18)
(0.0129198 0.151328 1.24554e-18)
(0.0506214 0.142723 0)
(0.309194 0.229697 0)
(0.175346 -0.00297839 -1.44122e-17)
(0.05283 -0.061201 8.84415e-18)
(-0.0222047 -0.0765581 -2.87332e-17)
(-0.0649977 -0.056387 -5.2449e-17)
(-0.0817008 -0.0232667 -1.86494e-17)
(-0.0791382 0.0111861 -5.97582e-18)
(-0.06265 0.0400473 -2.60171e-17)
(-0.0381539 0.0602433 2.82366e-18)
(-0.0105885 0.069902 -1.24692e-17)
(0.0172814 0.0683089 1.37302e-18)
(0.045542 0.055054 0)
(0.297062 0.157356 -2.87799e-16)
(0.211213 -0.0631754 1.43855e-16)
(0.113042 -0.13078 -7.61241e-17)
(0.0389358 -0.146647 -8.6927e-18)
(-0.00879738 -0.125601 3.16394e-17)
(-0.0341265 -0.0907939 7.48807e-18)
(-0.0412969 -0.0553838 -7.17645e-18)
(-0.0342256 -0.0265637 1.13789e-21)
(-0.0185584 -0.00741726 0)
(0.000365244 0.000272256 1.30502e-17)
(0.0194738 -0.00417892 0)
(0.0384327 -0.0210192 0)
(0.272502 0.067352 3.66163e-16)
(0.236641 -0.123165 -2.13102e-16)
(0.16923 -0.202237 1.32925e-16)
(0.0994417 -0.216336 9.40538e-17)
(0.0478977 -0.193293 1.08553e-17)
(0.013891 -0.155509 4.12265e-17)
(-0.00363045 -0.117662 -4.42386e-17)
(-0.00667499 -0.0872331 2.81534e-17)
(-0.000318585 -0.0677823 4.50568e-18)
(0.00981569 -0.0610944 1.72527e-17)
(0.0201652 -0.067545 -8.35878e-18)
(0.0300061 -0.0867529 0)
(0.216752 -0.0134714 0)
(0.245777 -0.190768 2.73968e-16)
(0.220016 -0.272629 -2.05729e-16)
(0.159461 -0.287413 3.92811e-17)
(0.106135 -0.263458 -3.81813e-17)
(0.0638684 -0.222945 -7.47991e-17)
(0.0352549 -0.181233 9.78992e-17)
(0.0210139 -0.146486 -8.47133e-18)
(0.0174218 -0.124581 0)
(0.018576 -0.117504 -3.0164e-17)
(0.0206065 -0.125053 4.26348e-17)
(0.0219294 -0.145527 0)
(0.164623 -0.0562077 -6.97317e-16)
(0.245483 -0.217688 4.31332e-16)
(0.264571 -0.333245 3.89029e-16)
(0.21964 -0.351638 0)
(0.170915 -0.332498 -2.98247e-16)
(0.123707 -0.296763 -2.64737e-16)
(0.0816895 -0.252944 1.22773e-16)
(0.052022 -0.210873 -2.26903e-17)
(0.0368789 -0.184803 2.32009e-17)
(0.0289755 -0.176249 0)
(0.0232173 -0.18356 1.05778e-20)
(0.0169486 -0.204824 2.06406e-17)
)
;

boundaryField
{
    rotor
    {
        type            fixedValue;
        value           nonuniform List<vector> 
192
(
(0.0684902 2.09216 -0)
(0.205177 2.0832 -0)
(0.340986 2.06532 -0)
(0.475334 2.0386 -0)
(0.607647 2.00314 -0)
(0.737357 1.95911 -0)
(0.863911 1.90669 -0)
(0.986765 1.84611 -0)
(1.10539 1.77762 -0)
(1.21929 1.70151 -0)
(1.32796 1.61813 -0)
(1.43095 1.52781 -0)
(1.52781 1.43095 -0)
(1.61813 1.32796 -0)
(1.70151 1.21929 -0)
(1.77762 1.10539 -0)
(1.84611 0.986765 -0)
(1.90669 0.863911 -0)
(1.95911 0.737358 -0)
(2.00314 0.607647 -0)
(2.0386 0.475334 -0)
(2.06532 0.340986 -0)
(2.0832 0.205177 -0)
(2.09216 0.0684902 -0)
(2.09216 -0.0684902 0)
(2.0832 -0.205177 0)
(2.06532 -0.340986 0)
(2.0386 -0.475334 0)
(2.00314 -0.607647 0)
(1.95911 -0.737357 0)
(1.90669 -0.863911 0)
(1.84611 -0.986765 0)
(1.77762 -1.10539 0)
(1.70151 -1.21929 0)
(1.61813 -1.32796 0)
(1.52781 -1.43095 0)
(1.43095 -1.52781 0)
(1.32796 -1.61813 0)
(1.21929 -1.70151 0)
(1.10539 -1.77762 0)
(0.986765 -1.84611 0)
(0.863911 -1.90669 0)
(0.737357 -1.95911 0)
(0.607647 -2.00314 0)
(0.475334 -2.0386 0)
(0.340986 -2.06532 0)
(0.205177 -2.0832 0)
(0.0684901 -2.09216 0)
(-0.0684902 -2.09216 0)
(-0.205177 -2.0832 0)
(-0.340986 -2.06532 0)
(-0.475334 -2.0386 0)
(-0.607647 -2.00314 0)
(-0.737358 -1.95911 0)
(-0.863911 -1.90669 0)
(-0.986765 -1.84611 0)
(-1.10539 -1.77762 0)
(-1.21929 -1.70151 0)
(-1.32796 -1.61813 0)
(-1.43095 -1.52781 0)
(-1.52781 -1.43095 0)
(-1.61813 -1.32796 0)
(-1.70151 -1.21929 0)
(-1.77762 -1.10539 0)
(-1.84611 -0.986765 0)
(-1.90669 -0.863911 0)
(-1.95911 -0.737357 0)
(-2.00314 -0.607647 0)
(-2.0386 -0.475334 0)
(-2.06532 -0.340986 0)
(-2.0832 -0.205177 0)
(-2.09216 -0.0684902 0)
(-2.09216 0.0684902 0)
(-2.0832 0.205177 0)
(-2.06532 0.340986 0)
(-2.0386 0.475334 0)
(-2.00314 0.607647 0)
(-1.95911 0.737358 0)
(-1.90669 0.863911 0)
(-1.84611 0.986765 0)
(-1.77762 1.10539 0)
(-1.70151 1.21929 0)
(-1.61813 1.32796 0)
(-1.52781 1.43095 0)
(-1.43095 1.52781 0)
(-1.32796 1.61813 0)
(-1.21929 1.70151 0)
(-1.10539 1.77762 0)
(-0.986765 1.84611 0)
(-0.863911 1.90669 0)
(-0.737357 1.95911 0)
(-0.607647 2.00314 0)
(-0.475334 2.0386 0)
(-0.340986 2.06532 0)
(-0.205177 2.0832 0)
(-0.0684902 2.09216 0)
(0 2.2253 0)
(0 2.4871 0)
(0 2.7489 0)
(0 3.0107 0)
(0 3.2725 0)
(0 3.5343 0)
(0 3.7961 0)
(0 4.0579 0)
(0 4.3197 0)
(0 4.5815 0)
(0 4.8433 0)
(0 5.1051 0)
(0 2.2253 0)
(0 2.4871 0)
(0 2.7489 0)
(0 3.0107 0)
(0 3.2725 0)
(0 3.5343 0)
(0 3.7961 0)
(0 4.0579 0)
(0 4.3197 0)
(0 4.5815 0)
(0 4.8433 0)
(0 5.1051 0)
(2.2253 3.99418e-09 -0)
(2.4871 4.46409e-09 -0)
(2.7489 4.93399e-09 -0)
(3.0107 5.4039e-09 -0)
(3.2725 5.8738e-09 -0)
(3.5343 6.3437e-09 -0)
(3.7961 6.81361e-09 -0)
(4.0579 7.28351e-09 -0)
(4.3197 7.75342e-09 -0)
(4.5815 8.22332e-09 -0)
(4.8433 8.69322e-09 -0)
(5.1051 9.16313e-09 -0)
(2.2253 3.99418e-09 -0)
(2.4871 4.46409e-09 -0)
(2.7489 4.93399e-09 -0)
(3.0107 5.4039e-09 -0)
(3.2725 5.8738e-09 -0)
(3.5343 6.3437e-09 -0)
(3.7961 6.81361e-09 -0)
(4.0579 7.28351e-09 -0)
(4.3197 7.75342e-09 -0)
(4.5815 8.22332e-09 -0)
(4.8433 8.69322e-09 -0)
(5.1051 9.16313e-09 -0)
(-7.98837e-09 -2.2253 0)
(-8.92818e-09 -2.4871 0)
(-9.86798e-09 -2.7489 0)
(-1.08078e-08 -3.0107 0)
(-1.17476e-08 -3.2725 0)
(-1.26874e-08 -3.5343 0)
(-1.36272e-08 -3.7961 0)
(-1.4567e-08 -4.0579 0)
(-1.55068e-08 -4.3197 0)
(-1.64466e-08 -4.5815 0)
(-1.73864e-08 -4.8433 0)
(-1.83263e-08 -5.1051 0)
(-7.98837e-09 -2.2253 0)
(-8.92818e-09 -2.4871 0)
(-9.86798e-09 -2.7489 0)
(-1.08078e-08 -3.0107 0)
(-1.17476e-08 -3.2725 0)
(-1.26874e-08 -3.5343 0)
(-1.36272e-08 -3.7961 0)
(-1.4567e-08 -4.0579 0)
(-1.55068e-08 -4.3197 0)
(-1.64466e-08 -4.5815 0)
(-1.73864e-08 -4.8433 0)
(-1.83263e-08 -5.1051 0)
(-2.2253 3.99418e-09 0)
(-2.4871 4.46409e-09 0)
(-2.7489 4.93399e-09 0)
(-3.0107 5.4039e-09 0)
(-3.2725 5.8738e-09 0)
(-3.5343 6.3437e-09 0)
(-3.7961 6.81361e-09 0)
(-4.0579 7.28351e-09 0)
(-4.3197 7.75342e-09 0)
(-4.5815 8.22332e-09 0)
(-4.8433 8.69322e-09 0)
(-5.1051 9.16313e-09 0)
(-2.2253 3.99418e-09 0)
(-2.4871 4.46409e-09 0)
(-2.7489 4.93399e-09 0)
(-3.0107 5.4039e-09 0)
(-3.2725 5.8738e-09 0)
(-3.5343 6.3437e-09 0)
(-3.7961 6.81361e-09 0)
(-4.0579 7.28351e-09 0)
(-4.3197 7.75342e-09 0)
(-4.5815 8.22332e-09 0)
(-4.8433 8.69322e-09 0)
(-5.1051 9.16313e-09 0)
)
;
    }
    stator
    {
        type            noSlip;
    }
    front
    {
        type            empty;
    }
    back
    {
        type            empty;
    }
}


// ************************************************************************* //
