/*--------------------------------*- C++ -*----------------------------------*\
| =========                 |                                                 |
| \\      /  F ield         | foam-extend: Open Source CFD                    |
|  \\    /   O peration     | Version:  3.0                                   |
|   \\  /    A nd           | Web:         http://www.extend-project.de       |
|    \\/     M anipulation  |                                                 |
\*---------------------------------------------------------------------------*/
FoamFile
{
    version     2.0;
    format      ascii;
    class       faceSet;
    location    "constant/polyMesh/sets";
    object      passageSidesLower_0_faces;
}
// * * * * * * * * * * * * * * * * * * * * * * * * * * * * * * * * * * * * * //


600
(
120632 
120633 
120634 
120635 
120636 
120637 
120638 
120639 
120640 
120641 
120642 
120643 
120644 
120645 
120646 
120647 
120648 
120649 
120650 
120651 
120652 
120653 
120654 
120655 
120656 
120657 
120658 
120659 
120660 
120661 
120662 
120663 
120664 
120665 
120666 
120667 
120668 
120669 
120670 
120671 
120672 
120673 
120674 
120675 
120676 
120677 
120678 
120679 
120680 
120681 
120682 
120683 
120684 
120685 
120686 
120687 
120688 
120689 
120690 
120691 
120692 
120693 
120694 
120695 
120696 
120697 
120698 
120699 
120700 
120701 
120702 
120703 
120704 
120705 
120706 
120707 
120708 
120709 
120710 
120711 
120712 
120713 
120714 
120715 
120716 
120717 
120718 
120719 
120720 
120721 
120722 
120723 
120724 
120725 
120726 
120727 
120728 
120729 
120730 
120731 
120732 
120733 
120734 
120735 
120736 
120737 
120738 
120739 
120740 
120741 
120742 
120743 
120744 
120745 
120746 
120747 
120748 
120749 
120750 
120751 
120752 
120753 
120754 
120755 
120756 
120757 
120758 
120759 
120760 
120761 
120762 
120763 
120764 
120765 
120766 
120767 
120768 
120769 
120770 
120771 
120772 
120773 
120774 
120775 
120776 
120777 
120778 
120779 
120780 
120781 
120782 
120783 
120784 
120785 
120786 
120787 
120788 
120789 
120790 
120791 
120792 
120793 
120794 
120795 
120796 
120797 
120798 
120799 
120800 
120801 
120802 
120803 
120804 
120805 
120806 
120807 
120808 
120809 
120810 
120811 
120812 
120813 
120814 
120815 
120816 
120817 
120818 
120819 
120820 
120821 
120822 
120823 
120824 
120825 
120826 
120827 
120828 
120829 
120830 
120831 
120832 
120833 
120834 
120835 
120836 
120837 
120838 
120839 
120840 
120841 
120842 
120843 
120844 
120845 
120846 
120847 
120848 
120849 
120850 
120851 
120852 
120853 
120854 
120855 
120856 
120857 
120858 
120859 
120860 
120861 
120862 
120863 
120864 
120865 
120866 
120867 
120868 
120869 
120870 
120871 
120872 
120873 
120874 
120875 
120876 
120877 
120878 
120879 
120880 
120881 
120882 
120883 
120884 
120885 
120886 
120887 
120888 
120889 
120890 
120891 
120892 
120893 
120894 
120895 
120896 
120897 
120898 
120899 
120900 
120901 
120902 
120903 
120904 
120905 
120906 
120907 
120908 
120909 
120910 
120911 
120912 
120913 
120914 
120915 
120916 
120917 
120918 
120919 
120920 
120921 
120922 
120923 
120924 
120925 
120926 
120927 
120928 
120929 
120930 
120931 
120932 
120933 
120934 
120935 
120936 
120937 
120938 
120939 
120940 
120941 
120942 
120943 
120944 
120945 
120946 
120947 
120948 
120949 
120950 
120951 
120952 
120953 
120954 
120955 
120956 
120957 
120958 
120959 
120960 
120961 
120962 
120963 
120964 
120965 
120966 
120967 
120968 
120969 
120970 
120971 
120972 
120973 
120974 
120975 
120976 
120977 
120978 
120979 
120980 
120981 
120982 
120983 
120984 
120985 
120986 
120987 
120988 
120989 
120990 
120991 
120992 
120993 
120994 
120995 
120996 
120997 
120998 
120999 
121000 
121001 
121002 
121003 
121004 
121005 
121006 
121007 
121008 
121009 
121010 
121011 
121012 
121013 
121014 
121015 
121016 
121017 
121018 
121019 
121020 
121021 
121022 
121023 
121024 
121025 
121026 
121027 
121028 
121029 
121030 
121031 
121032 
121033 
121034 
121035 
121036 
121037 
121038 
121039 
121040 
121041 
121042 
121043 
121044 
121045 
121046 
121047 
121048 
121049 
121050 
121051 
121052 
121053 
121054 
121055 
121056 
121057 
121058 
121059 
121060 
121061 
121062 
121063 
121064 
121065 
121066 
121067 
121068 
121069 
121070 
121071 
121072 
121073 
121074 
121075 
121076 
121077 
121078 
121079 
121080 
121081 
121082 
121083 
121084 
121085 
121086 
121087 
121088 
121089 
121090 
121091 
121092 
121093 
121094 
121095 
121096 
121097 
121098 
121099 
121100 
121101 
121102 
121103 
121104 
121105 
121106 
121107 
121108 
121109 
121110 
121111 
121112 
121113 
121114 
121115 
121116 
121117 
121118 
121119 
121120 
121121 
121122 
121123 
121124 
121125 
121126 
121127 
121128 
121129 
121130 
121131 
121132 
121133 
121134 
121135 
121136 
121137 
121138 
121139 
121140 
121141 
121142 
121143 
121144 
121145 
121146 
121147 
121148 
121149 
121150 
121151 
121152 
121153 
121154 
121155 
121156 
121157 
121158 
121159 
121160 
121161 
121162 
121163 
121164 
121165 
121166 
121167 
121168 
121169 
121170 
121171 
121172 
121173 
121174 
121175 
121176 
121177 
121178 
121179 
121180 
121181 
121182 
121183 
121184 
121185 
121186 
121187 
121188 
121189 
121190 
121191 
121192 
121193 
121194 
121195 
121196 
121197 
121198 
121199 
121200 
121201 
121202 
121203 
121204 
121205 
121206 
121207 
121208 
121209 
121210 
121211 
121212 
121213 
121214 
121215 
121216 
121217 
121218 
121219 
121220 
121221 
121222 
121223 
121224 
121225 
121226 
121227 
121228 
121229 
121230 
121231 
)

// ************************************************************************* //
