/*--------------------------------*- C++ -*----------------------------------*\
| =========                 |                                                 |
| \\      /  F ield         | foam-extend: Open Source CFD                    |
|  \\    /   O peration     | Version:  3.0                                   |
|   \\  /    A nd           | Web:         http://www.extend-project.de       |
|    \\/     M anipulation  |                                                 |
\*---------------------------------------------------------------------------*/
FoamFile
{
    version     2.0;
    format      ascii;
    class       faceSet;
    location    "constant/polyMesh/sets";
    object      passageSidesUpper_1_faces;
}
// * * * * * * * * * * * * * * * * * * * * * * * * * * * * * * * * * * * * * //


600
(
126968 
126969 
126970 
126971 
126972 
126973 
126974 
126975 
126976 
126977 
126978 
126979 
126980 
126981 
126982 
126983 
126984 
126985 
126986 
126987 
126988 
126989 
126990 
126991 
126992 
126993 
126994 
126995 
126996 
126997 
126998 
126999 
127000 
127001 
127002 
127003 
127004 
127005 
127006 
127007 
127008 
127009 
127010 
127011 
127012 
127013 
127014 
127015 
127016 
127017 
127018 
127019 
127020 
127021 
127022 
127023 
127024 
127025 
127026 
127027 
127028 
127029 
127030 
127031 
127032 
127033 
127034 
127035 
127036 
127037 
127038 
127039 
127040 
127041 
127042 
127043 
127044 
127045 
127046 
127047 
127048 
127049 
127050 
127051 
127052 
127053 
127054 
127055 
127056 
127057 
127058 
127059 
127060 
127061 
127062 
127063 
127064 
127065 
127066 
127067 
127068 
127069 
127070 
127071 
127072 
127073 
127074 
127075 
127076 
127077 
127078 
127079 
127080 
127081 
127082 
127083 
127084 
127085 
127086 
127087 
127088 
127089 
127090 
127091 
127092 
127093 
127094 
127095 
127096 
127097 
127098 
127099 
127100 
127101 
127102 
127103 
127104 
127105 
127106 
127107 
127108 
127109 
127110 
127111 
127112 
127113 
127114 
127115 
127116 
127117 
127118 
127119 
127120 
127121 
127122 
127123 
127124 
127125 
127126 
127127 
127128 
127129 
127130 
127131 
127132 
127133 
127134 
127135 
127136 
127137 
127138 
127139 
127140 
127141 
127142 
127143 
127144 
127145 
127146 
127147 
127148 
127149 
127150 
127151 
127152 
127153 
127154 
127155 
127156 
127157 
127158 
127159 
127160 
127161 
127162 
127163 
127164 
127165 
127166 
127167 
127168 
127169 
127170 
127171 
127172 
127173 
127174 
127175 
127176 
127177 
127178 
127179 
127180 
127181 
127182 
127183 
127184 
127185 
127186 
127187 
127188 
127189 
127190 
127191 
127192 
127193 
127194 
127195 
127196 
127197 
127198 
127199 
127200 
127201 
127202 
127203 
127204 
127205 
127206 
127207 
127208 
127209 
127210 
127211 
127212 
127213 
127214 
127215 
127216 
127217 
127218 
127219 
127220 
127221 
127222 
127223 
127224 
127225 
127226 
127227 
127228 
127229 
127230 
127231 
127232 
127233 
127234 
127235 
127236 
127237 
127238 
127239 
127240 
127241 
127242 
127243 
127244 
127245 
127246 
127247 
127248 
127249 
127250 
127251 
127252 
127253 
127254 
127255 
127256 
127257 
127258 
127259 
127260 
127261 
127262 
127263 
127264 
127265 
127266 
127267 
127268 
127269 
127270 
127271 
127272 
127273 
127274 
127275 
127276 
127277 
127278 
127279 
127280 
127281 
127282 
127283 
127284 
127285 
127286 
127287 
127288 
127289 
127290 
127291 
127292 
127293 
127294 
127295 
127296 
127297 
127298 
127299 
127300 
127301 
127302 
127303 
127304 
127305 
127306 
127307 
127308 
127309 
127310 
127311 
127312 
127313 
127314 
127315 
127316 
127317 
127318 
127319 
127320 
127321 
127322 
127323 
127324 
127325 
127326 
127327 
127328 
127329 
127330 
127331 
127332 
127333 
127334 
127335 
127336 
127337 
127338 
127339 
127340 
127341 
127342 
127343 
127344 
127345 
127346 
127347 
127348 
127349 
127350 
127351 
127352 
127353 
127354 
127355 
127356 
127357 
127358 
127359 
127360 
127361 
127362 
127363 
127364 
127365 
127366 
127367 
127368 
127369 
127370 
127371 
127372 
127373 
127374 
127375 
127376 
127377 
127378 
127379 
127380 
127381 
127382 
127383 
127384 
127385 
127386 
127387 
127388 
127389 
127390 
127391 
127392 
127393 
127394 
127395 
127396 
127397 
127398 
127399 
127400 
127401 
127402 
127403 
127404 
127405 
127406 
127407 
127408 
127409 
127410 
127411 
127412 
127413 
127414 
127415 
127416 
127417 
127418 
127419 
127420 
127421 
127422 
127423 
127424 
127425 
127426 
127427 
127428 
127429 
127430 
127431 
127432 
127433 
127434 
127435 
127436 
127437 
127438 
127439 
127440 
127441 
127442 
127443 
127444 
127445 
127446 
127447 
127448 
127449 
127450 
127451 
127452 
127453 
127454 
127455 
127456 
127457 
127458 
127459 
127460 
127461 
127462 
127463 
127464 
127465 
127466 
127467 
127468 
127469 
127470 
127471 
127472 
127473 
127474 
127475 
127476 
127477 
127478 
127479 
127480 
127481 
127482 
127483 
127484 
127485 
127486 
127487 
127488 
127489 
127490 
127491 
127492 
127493 
127494 
127495 
127496 
127497 
127498 
127499 
127500 
127501 
127502 
127503 
127504 
127505 
127506 
127507 
127508 
127509 
127510 
127511 
127512 
127513 
127514 
127515 
127516 
127517 
127518 
127519 
127520 
127521 
127522 
127523 
127524 
127525 
127526 
127527 
127528 
127529 
127530 
127531 
127532 
127533 
127534 
127535 
127536 
127537 
127538 
127539 
127540 
127541 
127542 
127543 
127544 
127545 
127546 
127547 
127548 
127549 
127550 
127551 
127552 
127553 
127554 
127555 
127556 
127557 
127558 
127559 
127560 
127561 
127562 
127563 
127564 
127565 
127566 
127567 
)

// ************************************************************************* //
