/*--------------------------------*- C++ -*----------------------------------*\
  =========                 |
  \\      /  F ield         | OpenFOAM: The Open Source CFD Toolbox
   \\    /   O peration     | Website:  https://openfoam.org
    \\  /    A nd           | Version:  6
     \\/     M anipulation  |
\*---------------------------------------------------------------------------*/
FoamFile
{
    version     2.0;
    format      ascii;
    class       volScalarField;
    location    "150";
    object      epsilon;
}
// * * * * * * * * * * * * * * * * * * * * * * * * * * * * * * * * * * * * * //

dimensions      [0 2 -3 0 0 0 0];

internalField   nonuniform List<scalar> 
3072
(
3.63377
10.4489
12.0607
11.3972
14.1914
55.5143
148.95
201.255
227.408
247.746
257.654
262.762
31.4441
27.847
35.3029
69.96
97.1497
109.58
145.163
160.326
165.397
167.9
168.53
166.448
53.4549
59.8449
81.5104
85.6605
96.5832
111.334
127.932
132.679
135.036
135.838
134.272
130.162
65.0665
70.515
82.1066
84.5837
94.7052
106.96
113.229
116.098
117.281
116.942
114.49
110.274
69.2635
72.9173
81.1399
83.1813
90.5565
99.4106
104.075
106.237
106.959
106.121
103.588
99.5775
62.0865
69.0796
77.8771
80.1963
86.2994
93.1647
97.0552
99.0374
99.632
98.7352
96.345
92.6329
51.6889
59.632
71.4741
76.4749
82.3039
87.8181
91.2801
93.1813
93.7587
92.9664
90.8111
87.4445
42.5752
48.033
63.3069
74.2322
81.259
85.3672
87.5768
88.6121
88.8572
88.0613
86.0815
82.9769
40.0477
42.094
63.8853
78.2032
85.464
88.1106
88.5399
87.863
86.3436
84.4668
82.1538
79.1274
43.6105
49.2214
83.6087
101.898
105.812
103.176
97.6001
92.4768
88.2056
84.4534
80.6375
76.7935
56.7469
94.1635
154.853
171.49
163.839
145.263
125.638
109.476
97.8059
89.2357
82.6739
77.1632
315.706
265.219
271.515
264.229
239.426
205.876
172.099
142.947
119.673
102.383
89.9555
80.735
260.368
257.775
251.808
241.872
227.186
209.696
188.016
163.387
133.882
101.297
74.991
102.852
161.288
155.609
149.234
143.813
140.342
140.795
146.415
156.561
170.263
185.944
211.104
277.144
123.995
117.073
110.366
105.167
102.646
102.931
108.268
120.424
142.783
179.133
236.617
367.794
104.786
98.7803
93.0179
88.3702
85.9825
85.8536
90.1508
101.219
123.103
164.416
245.605
434.355
94.4751
88.821
83.2699
78.5908
75.839
75.3527
78.7542
88.5417
109.024
150.319
242.382
470.079
87.9304
82.687
77.4731
72.9501
69.9549
69.1366
71.7782
80.2933
99.0199
138.626
235.624
503.177
83.1756
78.3972
73.5939
69.3199
66.2334
65.1109
67.0742
74.325
91.1883
127.903
221.369
524.999
79.1202
74.818
70.4534
66.4834
63.4659
62.1786
63.5767
69.6513
84.8806
119.413
210.546
555.459
75.5283
71.5977
67.6099
63.9197
61.0145
59.6847
60.6923
65.7496
79.4549
112.323
202.626
592.705
72.8975
68.99
65.1532
61.6126
58.7819
57.4795
58.265
62.5098
74.6877
105.725
194.918
628.546
72.1572
67.6347
63.5213
59.9034
57.101
56.0285
56.7887
60.3124
70.7103
99.4365
188.153
676.068
73.714
68.0142
63.1596
59.2332
56.4699
55.7012
56.4977
59.444
67.3672
91.3234
175.337
755.698
18.3687
10.7537
11.9289
11.2599
13.9692
54.226
147.41
199.892
226.074
246.442
256.409
261.602
31.1525
27.3906
34.3917
68.6011
96.6536
108.634
144.157
159.516
164.814
167.481
167.487
165.947
52.644
59.0547
80.8035
85.1907
96.0291
110.712
127.378
132.097
134.499
135.344
133.804
129.814
64.3626
69.8744
81.5619
84.1068
94.2039
106.424
112.736
115.625
116.836
116.552
114.148
109.989
68.6644
72.3929
80.6486
82.719
90.047
98.952
103.644
105.833
106.578
105.784
103.291
99.3225
61.7268
68.6148
77.4231
79.7776
85.8769
92.7699
96.6852
98.6848
99.2999
98.4325
96.0763
92.3961
51.4456
59.2668
71.0737
76.1016
81.9449
87.4885
90.9657
92.878
93.4675
92.697
90.5661
87.2267
42.4668
47.7666
63.0077
73.9526
80.9988
85.1262
87.3441
88.3711
88.619
87.833
85.8696
82.7852
40.0636
41.9593
63.652
77.9833
85.2666
87.928
88.3629
87.6996
86.1783
84.2963
81.9888
78.9746
43.6447
49.1409
83.4803
101.799
105.737
103.107
97.5277
92.3835
88.0976
84.3491
80.5314
76.6922
56.7447
94.0757
154.753
171.467
163.863
145.323
125.698
109.496
97.7844
89.1874
82.6118
77.0971
314.553
264.621
271.114
263.955
239.325
205.867
172.132
142.996
119.718
102.401
89.95
80.7103
259.297
256.8
250.93
241.184
226.608
209.278
187.69
163.167
133.736
101.251
74.9442
102.8
160.784
155.216
148.904
143.561
140.139
140.639
146.289
156.458
170.186
185.899
211.103
277.116
123.699
116.839
110.175
105.015
102.541
102.857
108.243
120.443
142.834
179.213
236.726
367.888
104.545
98.5786
92.8482
88.2302
85.8852
85.7865
90.1454
101.263
123.196
164.556
245.779
434.586
94.2567
88.6378
83.1188
78.4717
75.7602
75.303
78.7529
88.5906
109.131
150.499
242.652
470.457
87.7261
82.5129
77.3284
72.8352
69.8747
69.0865
71.7695
80.3335
99.1203
138.811
235.917
503.691
82.9846
78.2328
73.4554
69.2071
66.1498
65.0564
67.0559
74.3519
91.2747
128.067
221.693
525.6
78.9498
74.6692
70.3263
66.3776
63.3839
62.124
63.5511
69.6671
84.9495
119.564
210.82
556.153
75.3884
71.4726
67.5011
63.8275
60.9416
59.6372
60.6676
65.7621
79.5203
112.459
202.906
593.504
72.7965
68.8951
65.068
61.5393
58.7248
57.4477
58.2525
62.5304
74.757
105.865
195.199
629.47
72.0915
67.5694
63.4606
59.8515
57.0666
56.024
56.8027
60.3579
70.7998
99.5912
188.44
677.235
73.675
67.9705
63.1193
59.2004
56.4563
55.7216
56.5366
59.517
67.4803
91.4931
175.639
757.181
18.3297
10.7307
11.8866
11.2277
13.9885
54.7733
148.32
200.927
227.181
247.594
257.554
262.724
31.1422
27.3826
34.4072
68.7919
97.0513
109.299
144.833
160.143
165.488
168.151
168.196
166.491
52.7367
59.2224
81.0803
85.5383
96.4483
111.254
127.901
132.621
135.023
135.849
134.277
130.217
64.5249
70.1324
81.9037
84.4813
94.6331
106.894
113.189
116.071
117.274
116.964
114.534
110.34
68.8599
72.6838
80.9952
83.084
90.4499
99.3622
104.054
106.236
106.975
106.162
103.648
99.6544
61.8861
68.8994
77.7656
80.1276
86.2371
93.1441
97.0624
99.0651
99.6747
98.7962
96.4215
92.7215
51.5779
59.5253
71.4031
76.4357
82.2835
87.8339
91.3213
93.2382
93.8281
93.0483
90.904
87.5458
42.5626
47.9728
63.2929
74.269
81.3183
85.4487
87.6729
88.7087
88.9584
88.1677
86.1935
83.093
40.1536
42.1208
63.9202
78.2948
85.5794
88.2368
88.6724
88.0031
86.4814
84.6001
82.2857
79.2584
43.7594
49.313
83.7497
102.098
106.023
103.377
97.7884
92.6461
88.3632
84.6062
80.7847
76.9353
56.9152
94.3254
155.051
171.73
164.085
145.503
125.859
109.666
97.9726
89.3893
82.8197
77.3026
315.379
265.095
271.469
264.234
239.495
205.971
172.203
143.061
119.794
102.506
90.0773
80.854
260.367
257.817
251.891
242.021
227.36
209.901
188.217
163.577
134.047
101.445
75.0858
102.988
161.323
155.683
149.331
143.942
140.491
140.966
146.612
156.783
170.515
186.23
211.439
277.554
124.07
117.172
110.482
105.3
102.8
103.1
108.467
120.66
143.063
179.473
237.05
368.419
104.868
98.8771
93.1281
88.4947
86.1249
86.0088
90.3349
101.438
123.371
164.759
246.08
435.166
94.5647
88.9209
83.3792
78.7106
75.9734
75.4989
78.9251
88.7461
109.278
150.657
242.888
471.024
88.0283
82.7917
77.5837
73.0674
70.0826
69.2754
71.9378
80.4836
99.2581
138.947
236.13
504.243
83.2832
78.5087
73.7082
69.4373
66.357
65.2438
67.224
74.5024
91.4107
128.206
221.853
526.154
79.2389
74.9376
70.5727
66.6027
63.5876
62.3075
63.7181
69.8168
85.0879
119.699
211.017
556.713
75.6579
71.725
67.7342
64.0412
61.1356
59.8108
60.8274
65.9051
79.6482
112.592
203.088
594.077
73.0342
69.1217
65.2796
61.7344
58.902
57.6034
58.3954
62.6563
74.8663
105.974
195.361
630.011
72.2909
67.7627
63.6436
60.0205
57.2169
56.1487
56.9131
60.4474
70.8713
99.6602
188.571
677.643
73.8307
68.1273
63.2684
59.3404
56.5799
55.8175
56.617
59.5676
67.508
91.5124
175.69
757.431
18.4106
10.7801
11.9646
11.296
14.0119
54.38
147.595
200.027
226.177
246.507
256.436
261.594
31.2152
27.4568
34.496
68.8023
96.8042
108.782
144.272
159.577
164.668
167.18
167.836
165.857
52.684
59.1747
81.0167
85.4045
96.1452
110.773
127.401
132.091
134.45
135.277
133.762
129.722
64.3699
70.0375
81.7603
84.2639
94.2694
106.445
112.718
115.58
116.771
116.467
114.055
109.886
68.6293
72.5655
80.8201
82.8099
90.059
98.9391
103.603
105.768
106.497
105.688
103.187
99.2162
61.6625
68.7703
77.5643
79.8339
85.8681
92.7417
96.6311
98.6099
99.2123
98.3336
95.9723
92.2917
51.372
59.3909
71.1908
76.1462
81.9267
87.4491
90.9046
92.8011
93.3788
92.5998
90.465
87.1258
42.3869
47.8372
63.0965
73.9947
80.9795
85.0734
87.2704
88.2871
88.5266
87.7357
85.7693
82.6861
40.0151
41.9978
63.7299
78.0301
85.2497
87.8674
88.2766
87.5991
86.0713
84.1895
81.8831
78.8711
43.6376
49.2003
83.5884
101.877
105.733
103.043
97.42
92.2627
87.9741
84.2252
80.4125
76.5759
56.8181
94.2486
155.014
171.647
163.949
145.288
125.583
109.352
97.6402
89.0497
82.4833
76.9757
315.148
265.052
271.517
264.302
239.553
205.959
172.115
142.906
119.59
102.264
89.8179
80.5897
259.266
256.746
250.863
241.079
226.5
209.156
187.578
163.064
133.652
101.174
74.9041
102.745
160.734
155.149
148.829
143.475
140.047
140.542
146.181
156.342
170.056
185.752
210.928
276.912
123.604
116.738
110.072
104.91
102.431
102.743
108.117
120.299
142.669
179.018
236.481
367.538
104.44
98.4751
92.746
88.1275
85.7785
85.6759
90.0228
101.123
123.031
164.352
245.503
434.114
94.1518
88.5358
83.0198
78.3738
75.6596
75.1985
78.6372
88.4569
108.969
150.288
242.344
469.885
87.6245
82.4153
77.2349
72.744
69.7825
68.9905
71.663
80.209
98.9666
138.606
235.604
503.03
82.8869
78.1396
73.3669
69.122
66.0651
64.9685
66.9588
74.2378
91.1315
127.872
221.383
524.87
78.8544
74.5788
70.2409
66.2966
63.3046
62.0426
63.4626
69.5633
84.8181
119.382
210.519
555.353
75.2908
71.3815
67.4161
63.7477
60.865
59.5597
60.5852
65.6668
79.3999
112.289
202.612
592.641
72.6916
68.8
64.9807
61.4585
58.6479
57.371
58.1726
62.4407
74.6461
105.708
194.918
628.534
71.9823
67.4715
63.3714
59.7692
56.9877
55.9451
56.7218
60.2705
70.6956
99.4471
188.169
676.211
73.5679
67.8746
63.0317
59.1182
56.3757
55.6401
56.4537
59.4306
67.3822
91.3637
175.398
755.985
224.976
237.461
242.808
239.618
231.16
214.301
188.8
163.342
139.101
117.881
100.835
87.6548
116.357
126.09
137.876
149.777
162.336
167.365
163.751
155.001
138.427
121.614
106.078
92.4479
70.5322
76.0571
83.4612
92.2614
103.001
113.071
119.757
122.739
120.245
114.236
103.314
91.7627
50.9807
54.8213
59.6421
65.5562
72.8811
81.0382
88.3119
94.2711
96.0134
95.075
91.748
85.3289
77.6245
69.9805
64.0748
59.8278
57.3234
57.0389
57.7079
59.5014
63.8859
76.9387
114.935
224.875
81.1503
72.2895
65.7514
61.7336
59.9073
59.0953
58.7091
58.5422
59.2741
63.5016
77.5405
107.756
81.203
72.8893
67.273
63.9293
61.6256
59.0262
55.878
52.883
51.0627
51.339
55.5045
65.338
77.4658
71.5579
66.5979
61.4839
55.7616
49.9544
45.3895
42.4402
41.1642
41.3496
43.5142
47.5386
224.87
237.141
242.461
239.308
230.911
214.174
188.742
163.33
139.119
117.899
100.842
87.6497
116.184
125.863
137.596
149.48
162.029
167.158
163.594
154.917
138.423
121.616
106.081
92.443
70.42
75.9148
83.2828
92.0548
102.771
112.868
119.584
122.621
120.167
114.203
103.316
91.7568
50.9286
54.7414
59.5362
65.4267
72.7308
80.8895
88.1774
94.1635
95.9454
95.0313
91.7236
85.3269
77.6058
69.9546
64.0503
59.8161
57.3414
57.0978
57.7876
59.6027
64.0158
77.1127
115.156
225.441
81.1353
72.2708
65.7435
61.7526
59.9658
59.1889
58.826
58.6701
59.4167
63.6658
77.7478
108.013
81.194
72.8883
67.3008
63.9968
61.7295
59.1566
56.0191
53.0232
51.2057
51.4866
55.6702
65.5244
77.4872
71.6107
66.6941
61.6095
55.9008
50.0929
45.5202
42.5632
41.2854
41.4705
43.6418
47.6776
225.125
237.491
242.78
239.595
231.153
214.317
188.823
163.373
139.141
117.933
100.898
87.7268
116.437
126.131
137.877
149.764
162.318
167.369
163.762
155.017
138.447
121.631
106.099
92.476
70.6115
76.1128
83.4909
92.2725
103.004
113.081
119.774
122.757
120.262
114.25
103.325
91.7764
51.072
54.8884
59.6887
65.5868
72.9026
81.0586
88.3347
94.2947
96.0321
95.0899
91.7599
85.3379
77.7026
70.0626
64.1609
59.9197
57.4247
57.1467
57.8165
59.6121
64.0026
77.0811
115.125
225.476
81.1886
72.3379
65.8134
61.811
59.9973
59.1923
58.8045
58.6327
59.3637
63.6024
77.6747
107.955
81.2217
72.9215
67.3257
63.9998
61.706
59.1053
55.9516
52.9511
51.132
51.4132
55.5973
65.4565
77.4914
71.6025
66.6598
61.5525
55.8306
50.0189
45.4486
42.4956
41.2204
41.4082
43.5827
47.6215
225.148
237.506
242.829
239.661
231.221
214.379
188.849
163.35
139.089
117.822
100.746
87.5516
116.386
126.081
137.841
149.749
162.333
167.399
163.79
155.03
138.428
121.593
106.032
92.3831
70.5504
76.0552
83.4387
92.2306
102.979
113.074
119.779
122.772
120.271
114.245
103.292
91.7195
51.0207
54.8405
59.6456
65.5488
72.8737
81.041
88.3286
94.3004
96.0393
95.0972
91.7607
85.3182
77.5141
69.8699
63.9702
59.7368
57.2594
57.0137
57.7034
59.5176
63.925
77.0043
115.002
225.14
81.072
72.2067
65.6754
61.6779
59.8848
59.1045
58.7423
58.5868
59.3297
63.5675
77.6192
107.836
81.1522
72.8391
67.2395
63.9238
61.6488
59.0735
55.9344
52.9365
51.1098
51.3852
55.5531
65.3719
77.4522
71.5591
66.6265
61.531
55.8139
49.9999
45.422
42.4601
41.174
41.3527
43.5111
47.5135
44.852
48.9363
53.7561
59.3265
65.5654
71.7824
75.9307
78.1266
77.848
75.2317
71.7892
68.6184
40.5714
44.4668
48.876
53.715
58.7176
62.4546
64.4857
65.0972
63.9607
61.6489
59.3196
56.7136
37.5847
41.0826
44.9013
48.9283
52.353
54.4364
55.5016
55.5944
54.5383
52.9553
50.6795
46.6782
35.3256
38.3915
41.616
44.8273
47.0742
48.3715
49.0607
49.1342
48.4944
47.2037
44.6098
39.9866
65.211
56.372
46.7928
39.8124
35.5555
33.7998
33.5752
34.0707
35.0784
36.596
38.8352
41.5802
51.9103
38.8656
30.2703
26.5204
25.8074
26.8186
28.5517
30.2926
31.806
33.264
35.0987
37.4249
40.5215
26.9155
21.3415
20.1377
21.265
23.5417
25.9875
28.0487
29.6326
30.9908
32.5893
34.6856
33.7991
19.5938
16.4645
16.7827
18.8492
21.5348
24.1012
26.1709
27.7532
29.1223
30.6889
32.6928
44.7982
48.8704
53.6767
59.2379
65.4701
71.6989
75.8649
78.0738
77.8268
75.236
71.8269
68.6953
40.5345
44.4242
48.8278
53.6613
58.6662
62.4173
64.458
65.0838
63.9813
61.6999
59.4044
56.8269
37.5638
41.0612
44.8762
48.9022
52.335
54.4311
55.5061
55.6167
54.5949
53.0371
50.7779
46.7781
35.326
38.3933
41.617
44.8278
47.0826
48.3934
49.0941
49.1867
48.5734
47.2934
44.6996
40.062
65.3337
56.5144
46.9304
39.9333
35.6567
33.8938
33.6667
34.1645
35.1767
36.697
38.9418
41.6895
52.0385
38.978
30.3564
26.5869
25.8661
26.8784
28.6177
30.3673
31.8876
33.3498
35.1846
37.5122
40.6118
26.9778
21.3844
20.1731
21.3007
23.5839
26.0399
28.1112
29.7017
31.0612
32.6605
34.7534
33.8414
19.62
16.4838
16.8026
18.8746
21.5692
24.1465
26.225
27.8117
29.1809
30.7436
32.7462
44.91
48.9842
53.794
59.3566
65.591
71.8038
75.948
78.1413
77.8628
75.2533
71.8223
68.6628
40.6199
44.5091
48.9121
53.7455
58.7441
62.4758
64.505
65.1178
63.9898
61.6901
59.3724
56.7749
37.6303
41.1255
44.9393
48.9614
52.3819
54.4641
55.5304
55.6281
54.5833
53.0086
50.7367
46.7392
35.3753
38.4396
41.6596
44.8665
47.1112
48.4101
49.1017
49.1802
48.5451
47.2537
44.664
40.0538
65.2784
56.4509
46.8691
39.8787
35.6101
33.8466
33.6167
34.111
35.1223
36.6456
38.8935
41.6468
51.9818
38.9354
30.3272
26.5642
25.8433
26.8491
28.5799
30.3212
31.838
33.3014
35.1427
37.4747
40.5861
26.9639
21.3777
20.1669
21.2891
23.5624
26.0068
28.0683
29.6545
31.0164
32.6197
34.7202
33.859
19.6263
16.4885
16.8028
18.8664
21.5497
24.1145
26.1836
27.7667
29.1377
30.7074
32.7143
44.8712
48.9502
53.7651
59.336
65.5788
71.8014
75.9512
78.1463
77.8629
75.2463
71.8077
68.6453
40.5893
44.4847
48.8946
53.7336
58.7393
62.4741
64.5037
65.1135
63.9781
61.6721
59.348
56.7395
37.6022
41.1036
44.9226
48.9523
52.3747
54.456
55.5207
55.6148
54.5644
52.9845
50.6984
46.673
35.35
38.4192
41.6442
44.8533
47.0976
48.3948
49.085
49.1617
48.5239
47.2226
44.6038
39.944
65.2533
56.4217
46.8324
39.8327
35.5584
33.7916
33.5582
34.048
35.0509
36.5611
38.7905
41.5283
51.9305
38.8788
30.2663
26.5012
25.7789
26.7829
28.51
30.2476
31.757
33.2084
35.0276
37.3507
40.496
26.8923
21.3116
20.1022
21.2235
23.4946
25.9357
27.993
29.5716
30.9199
32.5037
34.5953
33.7276
19.5521
16.4263
16.743
18.8052
21.4856
24.0473
26.1115
27.6862
29.0438
30.5905
32.5906
33.6196
36.3518
39.0828
41.6134
43.2296
44.155
44.6391
44.6346
43.7491
42.1071
40.4167
42.2827
32.303
34.863
37.3078
39.3647
40.588
41.2094
41.2576
40.2457
37.8178
33.1901
21.8628
5.50035
31.1407
33.6673
36.0026
37.699
38.5582
38.7486
37.7925
35.2337
30.4777
22.2627
7.88185
2.56271
29.8518
32.4069
34.6584
36.0225
36.6106
36.1728
34.0503
29.8878
23.1532
13.3632
4.10987
2.31636
28.237
30.8203
32.9053
34.0508
34.4378
33.327
30.2193
24.8922
17.3172
8.49549
3.14041
2.29918
26.2054
28.7192
30.6145
31.6544
31.8647
30.2628
26.5561
20.7321
13.3777
6.39612
2.94485
2.287
23.8234
26.1604
27.8657
28.8351
28.9222
27.1047
23.2468
17.5441
11.0054
5.61992
3.02793
2.27917
21.2759
23.3553
24.8755
25.775
25.8008
24.025
20.3957
15.2362
9.69351
5.44613
3.28134
2.12423
18.8554
20.6412
21.9886
22.8055
22.8188
21.2564
18.0943
13.6812
9.0698
5.57122
3.58027
1.87188
17.0376
18.5405
19.7621
20.4832
20.5117
19.2097
16.5978
12.9387
9.03889
5.95531
3.88642
1.48221
17.1367
18.5262
19.7131
20.4321
20.4688
19.3135
16.9926
13.7656
10.0969
6.87651
4.18587
1.05341
29.646
31.8898
33.7491
34.7601
34.9888
33.3704
29.8954
24.9943
18.1783
10.8332
5.15345
2.12343
40.1776
15.3082
13.5474
14.7807
17.1659
19.867
22.3423
24.3606
25.9912
27.4853
29.1526
31.1694
22.6728
11.9986
11.6379
13.3071
15.7106
18.2659
20.5876
22.5553
24.2717
25.9446
27.7905
29.911
17.5169
10.0001
10.2419
12.0308
14.3238
16.6796
18.8338
20.7507
22.5489
24.3951
26.4295
28.6998
14.1258
8.5004
9.06282
10.8346
12.973
15.1192
17.1034
18.9529
20.7927
22.7552
24.9331
27.3343
11.4137
7.21872
7.97859
9.68977
11.6667
13.609
15.4213
17.1757
18.997
20.9924
23.2232
25.6788
9.09721
6.05242
6.95773
8.59804
10.4208
12.1718
13.812
15.4425
17.1833
19.1204
21.3
23.7016
7.0494
4.9743
5.99847
7.56796
9.25043
10.8281
12.3026
13.7902
15.4013
17.2047
19.2365
21.4771
5.25003
3.9875
5.10686
6.60697
8.1679
9.59851
10.9264
12.2698
13.7266
15.349
17.1695
19.1712
3.65872
3.10512
4.29175
5.72337
7.18944
8.5151
9.73516
10.9595
12.272
13.7087
15.2989
17.0332
2.39949
2.34876
3.57654
4.93953
6.36116
7.68164
8.88921
10.0691
11.2904
12.5817
13.9638
15.467
1.33255
1.79133
3.12831
4.45127
5.94956
7.40348
8.75459
10.0777
11.4225
12.7787
14.1455
15.615
0.351906
2.31207
4.16066
5.61129
7.92697
10.6376
13.2829
15.9021
18.6151
21.401
24.1531
26.989
33.6371
36.373
39.1019
41.64
43.2618
44.1991
44.6932
44.706
43.8289
42.1824
40.4835
42.3416
32.3399
34.9031
37.3476
39.4108
40.6398
41.2671
41.3219
40.3157
37.882
33.2368
21.8823
5.50105
31.1879
33.7192
36.0544
37.7553
38.6169
38.8094
37.8538
35.2899
30.5192
22.283
7.88512
2.55919
29.9043
32.4638
34.715
36.0792
36.6676
36.2274
34.0992
29.9253
23.1739
13.3672
4.10688
2.31174
28.2845
30.8725
32.9559
34.1003
34.4857
33.3687
30.2517
24.9117
17.3228
8.49198
3.13594
2.29415
26.2433
28.7608
30.6533
31.6918
31.8988
30.2888
26.5722
20.7372
13.3742
6.38989
2.94027
2.28177
23.8461
26.186
27.8888
28.8575
28.9403
27.1151
23.2488
17.5389
10.9966
5.61241
3.02351
2.27363
21.2833
23.3641
24.8828
25.7818
25.8034
24.0216
20.3864
15.2238
9.68175
5.43805
3.27677
2.11862
18.8473
20.6344
21.981
22.7979
22.8079
21.2418
18.0764
13.6641
9.05587
5.56226
3.57523
1.86721
17.0163
18.5206
19.7421
20.4635
20.4903
19.186
16.5734
12.9176
9.02293
5.94523
3.88057
1.47856
17.0974
18.4916
19.6797
20.399
20.4368
19.2812
16.9613
13.7395
10.0775
6.86384
4.17849
1.05094
29.5378
31.7964
33.659
34.6764
34.9202
33.3003
29.8303
24.9388
18.1366
10.8092
5.14304
2.11898
40.1875
15.3147
13.5557
14.7944
17.1875
19.8982
22.3833
24.4083
26.0407
27.5316
29.1962
31.2083
22.6601
11.9982
11.6428
13.3192
15.7314
18.2961
20.6259
22.598
24.3135
25.9823
27.8218
29.9393
17.5069
9.99889
10.247
12.0433
14.345
16.7094
18.8705
20.7899
22.5855
24.4255
26.4543
28.7184
14.1197
8.50051
9.06913
10.8483
12.9951
15.1492
17.1392
18.99
20.8264
22.7825
24.9523
27.3479
11.411
7.22028
7.98608
9.70457
11.6896
13.6395
15.4569
17.2122
19.0302
21.0188
23.2424
25.69
9.0956
6.05488
6.96605
8.61363
10.4444
12.2026
13.8477
15.4795
17.2174
19.1489
21.3204
23.7149
7.04908
4.97713
6.00714
7.58385
9.2744
10.8593
12.3387
13.8282
15.4374
17.2361
19.2616
21.4944
5.25017
3.99017
5.11532
6.62264
8.1919
9.62997
10.9631
12.309
13.765
15.3843
17.1992
19.1946
3.65922
3.10716
4.29947
5.73814
7.21306
8.54678
9.77256
11.0004
12.3129
13.7479
15.3339
17.0628
2.39922
2.34982
3.5829
4.95262
6.38412
7.71412
8.92872
10.1123
11.3348
12.6253
14.0043
15.5031
1.33218
1.79177
3.13279
4.46194
5.97221
7.43815
8.79887
10.1285
11.4759
12.8323
14.1964
15.6617
0.351837
2.31129
4.16174
5.61898
7.95597
10.6904
13.3579
15.9934
18.7177
21.5086
24.2616
27.0942
33.6741
36.407
39.134
41.6621
43.2771
44.2031
44.6878
44.6817
43.7902
42.1445
40.464
42.3823
32.3641
34.9249
37.3667
39.4206
40.6417
41.2613
41.3041
40.2835
37.8456
33.2118
21.8893
5.51395
31.2033
33.7315
36.063
37.7541
38.6101
38.7956
37.8297
35.2613
30.4967
22.2814
7.89865
2.56622
29.9123
32.4679
34.7131
36.0706
36.6547
36.2083
34.0765
29.9065
23.1678
13.3806
4.11728
2.31763
28.2901
30.8727
32.9494
34.088
34.4693
33.349
30.2338
24.9034
17.3282
8.50804
3.14331
2.29984
26.2492
28.7598
30.6453
31.6796
31.882
30.2714
26.5601
20.7362
13.3844
6.4026
2.94541
2.28687
23.8565
26.1887
27.8845
28.8485
28.9265
27.1016
23.2422
17.5416
11.0074
5.62121
3.02629
2.2781
21.2997
23.3728
24.8846
25.7789
25.7953
24.0134
20.3849
15.2282
9.6912
5.44422
3.27795
2.1217
18.8709
20.6507
21.991
22.8025
22.8088
21.2384
18.082
13.668
9.06458
5.56672
3.57467
1.86924
17.0468
18.5448
19.7606
20.4773
20.4993
19.1914
16.5834
12.9239
9.03064
5.94862
3.88097
1.47961
17.1384
18.5272
19.7102
20.4245
20.4559
19.2954
16.9776
13.7494
10.0859
6.86809
4.17949
1.05136
29.6355
31.887
33.7424
34.7475
34.9671
33.3455
29.8661
24.9667
18.1564
10.8201
5.14554
2.11873
40.2623
15.3312
13.5647
14.7958
17.1793
19.8782
22.3514
24.368
25.9978
27.4922
29.1611
31.1797
22.7092
12.015
11.6515
13.3194
15.7216
18.2748
20.5937
22.5586
24.2729
25.9449
27.7912
29.9125
17.5439
10.0137
10.2534
12.0415
14.3333
16.6867
18.8378
20.7512
22.5463
24.3908
26.4247
28.695
14.1477
8.51228
9.07312
10.8443
12.9815
15.1253
17.106
18.9516
20.7879
22.7481
24.9251
27.326
11.4333
7.22929
7.98797
9.69872
11.6746
13.6146
15.4234
17.1737
18.9914
20.9843
23.2139
25.6692
9.11392
6.06167
6.96629
8.60645
10.4284
12.1771
13.8139
15.4405
17.1778
19.1126
21.2911
23.6926
7.06285
4.98226
6.0063
7.57595
9.25785
10.8335
12.3048
13.7888
15.3968
17.198
19.229
21.4698
5.26199
3.99418
5.11396
6.61459
8.17526
9.60414
10.9292
12.2692
13.7233
15.3439
17.164
19.1662
3.66788
3.11057
4.29824
5.73061
7.19677
8.521
9.73858
10.96
12.27
13.7054
15.2954
17.0307
2.41081
2.35393
3.58209
4.94634
6.36837
7.68787
8.89335
10.0705
11.2898
12.5799
13.9622
15.4666
1.38984
1.79765
3.13215
4.4576
5.95661
7.41002
8.75934
10.0801
11.4231
12.7785
14.1456
15.6166
1.76437
2.34182
4.17009
5.62001
7.93543
10.6466
13.2901
15.9065
18.6174
21.4027
24.1559
26.995
33.6487
36.3849
39.1138
41.6427
43.2573
44.1828
44.6675
44.6618
43.7652
42.0951
40.3727
42.1825
32.3415
34.9035
37.3456
39.3983
40.6192
41.2389
41.2828
40.2605
37.8124
33.1523
21.8015
5.48428
31.1825
33.7115
36.0423
37.7332
38.5888
38.7738
37.8063
35.2311
30.4517
22.2132
7.85601
2.55531
29.8952
32.4523
34.6976
36.0539
36.6372
36.1878
34.05
29.8689
23.1157
13.3207
4.09553
2.30978
28.2742
30.8603
32.9382
34.0766
34.4568
33.3306
30.206
24.8624
17.2774
8.46451
3.13044
2.2926
26.2341
28.7502
30.6384
31.673
31.8745
30.2562
26.5337
20.6976
13.3417
6.37419
2.9366
2.28055
23.8393
26.1788
27.879
28.8449
28.9225
27.0903
23.2193
17.5095
10.9749
5.60343
3.02126
2.27272
21.2793
23.3607
24.8783
25.7755
25.7926
24.0053
20.3662
15.2039
9.668
5.43253
3.27516
2.11827
18.8462
20.6346
21.9812
22.797
22.8038
21.2332
18.0645
13.6519
9.04781
5.55916
3.57397
1.86665
17.0177
18.5236
19.7457
20.4667
20.4913
19.1838
16.568
12.9112
9.01844
5.94341
3.87927
1.47799
17.101
18.4969
19.6859
20.4051
20.4416
19.2829
16.9601
13.7368
10.0752
6.86235
4.17693
1.05037
29.5475
31.809
33.6731
34.691
34.9335
33.3094
29.8344
24.9392
18.1321
10.8061
5.14106
2.11809
40.0443
15.2622
13.5095
14.7426
17.1242
19.8205
22.2906
24.302
25.9224
27.4008
29.048
31.0558
22.5886
11.9598
11.6046
13.2732
15.6736
18.2246
20.5407
22.5004
24.2041
25.8594
27.6797
29.7887
17.4553
9.96865
10.2143
12.0022
14.2926
16.6445
18.7934
20.7015
22.4858
24.3121
26.3203
28.5733
14.0791
8.47553
9.04057
10.8114
12.9478
15.0909
17.0703
18.9112
20.7372
22.6801
24.8294
27.2119
11.3779
7.19918
7.961
9.67161
11.6472
13.5875
15.3959
17.1428
18.9515
20.9284
23.1333
25.5683
9.06906
6.03701
6.94405
8.58426
10.4067
12.1567
13.7941
15.4187
17.149
19.071
21.2268
23.6104
7.02791
4.96211
5.9879
7.55777
9.24077
10.8187
12.2917
13.7753
15.3784
17.1702
19.1839
21.4086
5.23382
3.97773
5.09857
6.59946
8.16188
9.59393
10.9218
12.2628
13.7144
15.3295
17.1364
19.127
3.64726
3.09708
4.28491
5.71743
7.18589
8.51427
9.73539
10.9595
12.2689
13.7025
15.2841
17.012
2.39135
2.34181
3.57014
4.93372
6.35845
7.68301
8.89345
10.0747
11.2958
12.5874
13.9657
15.4656
1.3279
1.78523
3.12091
4.44351
5.94603
7.40524
8.76102
10.0889
11.437
12.798
14.1648
15.639
0.351017
2.30257
4.14501
5.5923
7.91415
10.6325
13.2883
15.9206
18.6468
21.449
24.2151
27.0776
)
;

boundaryField
{
    rotor
    {
        Cmu             0.09;
        kappa           0.41;
        E               9.8;
        type            epsilonWallFunction;
        value           nonuniform List<scalar> 
192
(
3.63377
10.4489
12.0607
11.3972
14.1914
55.5143
148.95
201.255
227.408
247.746
257.654
262.762
260.368
257.775
251.808
241.872
227.186
209.696
188.016
163.387
133.882
101.297
74.991
102.852
18.3687
10.7537
11.9289
11.2599
13.9692
54.226
147.41
199.892
226.074
246.442
256.409
261.602
259.297
256.8
250.93
241.184
226.608
209.278
187.69
163.167
133.736
101.251
74.9442
102.8
18.3297
10.7307
11.8866
11.2277
13.9885
54.7733
148.32
200.927
227.181
247.594
257.554
262.724
260.367
257.817
251.891
242.021
227.36
209.901
188.217
163.577
134.047
101.445
75.0858
102.988
18.4106
10.7801
11.9646
11.296
14.0119
54.38
147.595
200.027
226.177
246.507
256.436
261.594
259.266
256.746
250.863
241.079
226.5
209.156
187.578
163.064
133.652
101.174
74.9041
102.745
3.63377
31.4441
53.4549
65.0665
69.2635
62.0865
51.6889
42.5752
40.0477
43.6105
56.7469
315.706
102.745
276.912
367.538
434.114
469.885
503.03
524.87
555.353
592.641
628.534
676.211
755.985
18.3687
31.1525
52.644
64.3626
68.6644
61.7268
51.4456
42.4668
40.0636
43.6447
56.7447
314.553
102.852
277.144
367.794
434.355
470.079
503.177
524.999
555.459
592.705
628.546
676.068
755.698
18.3297
31.1422
52.7367
64.5249
68.8599
61.8861
51.5779
42.5626
40.1536
43.7594
56.9152
315.379
102.8
277.116
367.888
434.586
470.457
503.691
525.6
556.153
593.504
629.47
677.235
757.181
18.4106
31.2152
52.684
64.3699
68.6293
61.6625
51.372
42.3869
40.0151
43.6376
56.8181
315.148
102.988
277.554
368.419
435.166
471.024
504.243
526.154
556.713
594.077
630.011
677.643
757.431
)
;
    }
    stator
    {
        Cmu             0.09;
        kappa           0.41;
        E               9.8;
        type            epsilonWallFunction;
        value           nonuniform List<scalar> 
192
(
29.646
31.8898
33.7491
34.7601
34.9888
33.3704
29.8954
24.9943
18.1783
10.8332
5.15345
2.12343
0.351906
2.31207
4.16066
5.61129
7.92697
10.6376
13.2829
15.9021
18.6151
21.401
24.1531
26.989
29.5378
31.7964
33.659
34.6764
34.9202
33.3003
29.8303
24.9388
18.1366
10.8092
5.14304
2.11898
0.351837
2.31129
4.16174
5.61898
7.95597
10.6904
13.3579
15.9934
18.7177
21.5086
24.2616
27.0942
29.6355
31.887
33.7424
34.7475
34.9671
33.3455
29.8661
24.9667
18.1564
10.8201
5.14554
2.11873
1.76437
2.34182
4.17009
5.62001
7.93543
10.6466
13.2901
15.9065
18.6174
21.4027
24.1559
26.995
29.5475
31.809
33.6731
34.691
34.9335
33.3094
29.8344
24.9392
18.1321
10.8061
5.14106
2.11809
0.351017
2.30257
4.14501
5.5923
7.91415
10.6325
13.2883
15.9206
18.6468
21.449
24.2151
27.0776
40.1776
22.6728
17.5169
14.1258
11.4137
9.09721
7.0494
5.25003
3.65872
2.39949
1.33255
0.351906
42.2827
5.50035
2.56271
2.31636
2.29918
2.287
2.27917
2.12423
1.87188
1.48221
1.05341
2.12343
40.1875
22.6601
17.5069
14.1197
11.411
9.0956
7.04908
5.25017
3.65922
2.39922
1.33218
0.351837
42.3416
5.50105
2.55919
2.31174
2.29415
2.28177
2.27363
2.11862
1.86721
1.47856
1.05094
2.11898
40.2623
22.7092
17.5439
14.1477
11.4333
9.11392
7.06285
5.26199
3.66788
2.41081
1.38984
1.76437
42.3823
5.51395
2.56622
2.31763
2.29984
2.28687
2.2781
2.1217
1.86924
1.47961
1.05136
2.11873
40.0443
22.5886
17.4553
14.0791
11.3779
9.06906
7.02791
5.23382
3.64726
2.39135
1.3279
0.351017
42.1825
5.48428
2.55531
2.30978
2.2926
2.28055
2.27272
2.11827
1.86665
1.47799
1.05037
2.11809
)
;
    }
    front
    {
        type            empty;
    }
    back
    {
        type            empty;
    }
}


// ************************************************************************* //
