/*--------------------------------*- C++ -*----------------------------------*\
  =========                 |
  \\      /  F ield         | OpenFOAM: The Open Source CFD Toolbox
   \\    /   O peration     | Website:  https://openfoam.org
    \\  /    A nd           | Version:  6
     \\/     M anipulation  |
\*---------------------------------------------------------------------------*/
FoamFile
{
    version     2.0;
    format      ascii;
    class       surfaceScalarField;
    location    "150";
    object      phi;
}
// * * * * * * * * * * * * * * * * * * * * * * * * * * * * * * * * * * * * * //

dimensions      [0 3 -1 0 0 0 0];

internalField   nonuniform List<scalar> 
5952
(
7.25194e-06
-7.55689e-06
1.24096e-05
-5.15934e-06
1.51453e-05
-2.73499e-06
1.34504e-05
1.70032e-06
5.76203e-06
7.68717e-06
-1.06916e-05
1.64595e-05
-3.5252e-05
2.45571e-05
-5.61212e-05
2.08699e-05
-7.29639e-05
1.68393e-05
-8.61743e-05
1.32083e-05
-9.62794e-05
1.01022e-05
7.01979e-06
-0.000103302
3.36862e-06
-1.0922e-05
2.92066e-06
-4.70822e-06
-3.66167e-06
3.84841e-06
-1.82028e-05
1.62441e-05
-3.75826e-05
2.70671e-05
-5.3007e-05
3.18857e-05
-6.01196e-05
3.16691e-05
-6.63995e-05
2.71496e-05
-7.23235e-05
2.27618e-05
-7.74792e-05
1.83619e-05
-8.13043e-05
1.39253e-05
9.80949e-06
-8.40974e-05
-1.59268e-06
-9.32648e-06
-7.74263e-06
1.4441e-06
-1.9682e-05
1.57888e-05
-3.29038e-05
2.94675e-05
-4.25549e-05
3.67189e-05
-4.83687e-05
3.77007e-05
-5.20087e-05
3.53091e-05
-5.56043e-05
3.0745e-05
-5.86461e-05
2.58023e-05
-6.11534e-05
2.08673e-05
-6.32689e-05
1.60389e-05
1.15082e-05
-6.49705e-05
-5.85659e-06
-3.46711e-06
-1.42228e-05
9.81181e-06
-2.29959e-05
2.45629e-05
-3.02151e-05
3.66884e-05
-3.50539e-05
4.15586e-05
-3.82827e-05
4.09306e-05
-4.03048e-05
3.73313e-05
-4.19905e-05
3.24306e-05
-4.36261e-05
2.7437e-05
-4.52358e-05
2.24758e-05
-4.67681e-05
1.75699e-05
1.27956e-05
-4.80572e-05
-6.63652e-06
3.16992e-06
-1.29094e-05
1.60863e-05
-1.82529e-05
2.99079e-05
-2.22345e-05
4.0672e-05
-2.45657e-05
4.38906e-05
-2.57354e-05
4.21018e-05
-2.64982e-05
3.80941e-05
-2.74306e-05
3.33632e-05
-2.85144e-05
2.852e-05
-2.96884e-05
2.36492e-05
-3.08767e-05
1.87571e-05
1.38627e-05
-3.19448e-05
-5.25785e-06
8.42843e-06
-9.3823e-06
2.02122e-05
-1.19548e-05
3.24821e-05
-1.30202e-05
4.17381e-05
-1.30736e-05
4.39457e-05
-1.27967e-05
4.18244e-05
-1.27537e-05
3.80516e-05
-1.30966e-05
3.37046e-05
-1.37581e-05
2.91811e-05
-1.464e-05
2.45294e-05
-1.5627e-05
1.97432e-05
1.48202e-05
-1.65864e-05
-3.4334e-06
1.18614e-05
-5.45172e-06
2.22319e-05
-5.4374e-06
3.2468e-05
-3.85278e-06
4.01551e-05
-1.80671e-06
4.18989e-05
-2.16239e-07
4.02344e-05
6.776e-07
3.7156e-05
9.05888e-07
3.34757e-05
6.1442e-07
2.94705e-05
-3.61013e-08
2.51786e-05
-8.90598e-07
2.05956e-05
1.57251e-05
-1.79724e-06
-2.62588e-06
1.44911e-05
-2.71664e-06
2.2325e-05
-8.30267e-08
2.98361e-05
4.36066e-06
3.57124e-05
8.56138e-06
3.76987e-05
1.16378e-05
3.71577e-05
1.35102e-05
3.5283e-05
1.43649e-05
3.26201e-05
1.44521e-05
2.93822e-05
1.40121e-05
2.56175e-05
1.32584e-05
2.13478e-05
1.66041e-05
1.2378e-05
-2.87748e-06
1.73739e-05
-1.717e-06
2.11685e-05
3.70327e-06
2.44192e-05
1.09116e-05
2.85062e-05
1.74468e-05
3.11646e-05
2.22895e-05
3.23153e-05
2.53794e-05
3.21929e-05
2.70132e-05
3.09856e-05
2.75546e-05
2.884e-05
2.73514e-05
2.58197e-05
2.67017e-05
2.19963e-05
1.74539e-05
2.58506e-05
-5.77646e-06
2.31575e-05
-9.96618e-07
1.63929e-05
8.05723e-06
1.53685e-05
1.74822e-05
1.9083e-05
2.57562e-05
2.28914e-05
3.20656e-05
2.60058e-05
3.63026e-05
2.79555e-05
3.87337e-05
2.85538e-05
3.97724e-05
2.78007e-05
3.98439e-05
2.57474e-05
3.9318e-05
2.25215e-05
1.82586e-05
3.85121e-05
-1.31921e-07
2.33032e-05
1.00835e-05
6.18383e-06
2.06777e-05
4.77794e-06
2.99004e-05
9.8624e-06
3.75547e-05
1.5238e-05
4.34898e-05
2.00708e-05
4.76727e-05
2.3772e-05
5.02341e-05
2.59918e-05
5.14243e-05
2.66098e-05
5.15993e-05
2.55715e-05
5.11173e-05
2.30027e-05
1.90508e-05
5.03236e-05
3.34105e-05
-1.01074e-05
4.40981e-05
-4.50095e-06
4.94637e-05
-5.86319e-07
5.38716e-05
5.45509e-06
5.73716e-05
1.17379e-05
6.00677e-05
1.73742e-05
6.20047e-05
2.18345e-05
6.31464e-05
2.48498e-05
6.34824e-05
2.62737e-05
6.31559e-05
2.58982e-05
6.23619e-05
2.37964e-05
6.13833e-05
2.00286e-05
-0.000107678
4.37364e-06
-0.000109415
1.73377e-06
-0.000108807
-6.09026e-07
-0.000105928
-2.88283e-06
-0.000100826
-5.10252e-06
-9.32855e-05
-7.54392e-06
-8.3221e-05
-1.00647e-05
-7.03802e-05
-1.28408e-05
-5.45939e-05
-1.57868e-05
-3.58459e-05
-1.87474e-05
-1.5645e-05
-2.02019e-05
-1.56449e-05
-8.57183e-05
5.9928e-06
-8.63765e-05
2.38811e-06
-8.5938e-05
-1.04863e-06
-8.43308e-05
-4.49379e-06
-8.13005e-05
-8.13378e-06
-7.6808e-05
-1.20395e-05
-7.06031e-05
-1.62699e-05
-6.25022e-05
-2.09419e-05
-5.21216e-05
-2.61663e-05
-3.89791e-05
-3.18895e-05
-2.26481e-05
-3.65325e-05
-3.82926e-05
-6.61592e-05
7.17974e-06
-6.67236e-05
2.94937e-06
-6.64673e-05
-1.30635e-06
-6.52319e-05
-5.73246e-06
-6.29367e-05
-1.04304e-05
-5.94942e-05
-1.54844e-05
-5.47577e-05
-2.1007e-05
-4.85863e-05
-2.7113e-05
-4.08196e-05
-3.39328e-05
-3.10605e-05
-4.1648e-05
-1.80975e-05
-4.94949e-05
-5.63896e-05
-4.8967e-05
8.08825e-06
-4.93708e-05
3.35118e-06
-4.91629e-05
-1.51554e-06
-4.82605e-05
-6.63685e-06
-4.65977e-05
-1.20946e-05
-4.41351e-05
-1.79488e-05
-4.07773e-05
-2.43649e-05
-3.64345e-05
-3.14565e-05
-3.09566e-05
-3.94105e-05
-2.41691e-05
-4.84352e-05
-1.47721e-05
-5.88915e-05
-7.11623e-05
-3.27691e-05
8.91141e-06
-3.32493e-05
3.83005e-06
-3.33057e-05
-1.46047e-06
-3.28725e-05
-7.07154e-06
-3.19233e-05
-1.30454e-05
-3.0424e-05
-1.94495e-05
-2.83176e-05
-2.64722e-05
-2.55327e-05
-3.42416e-05
-2.1951e-05
-4.29924e-05
-1.7199e-05
-5.31898e-05
-1.05115e-05
-6.55814e-05
-8.1675e-05
-1.74028e-05
9.72655e-06
-1.79916e-05
4.41705e-06
-1.82893e-05
-1.16459e-06
-1.82925e-05
-7.07032e-06
-1.79987e-05
-1.33415e-05
-1.73565e-05
-2.00934e-05
-1.63568e-05
-2.74733e-05
-1.49706e-05
-3.56286e-05
-1.31449e-05
-4.48234e-05
-1.08012e-05
-5.5536e-05
-7.16956e-06
-6.92178e-05
-8.88486e-05
-2.63806e-06
1.05652e-05
-3.34035e-06
5.1172e-06
-3.8757e-06
-6.31514e-07
-4.25331e-06
-6.69535e-06
-4.47726e-06
-1.31199e-05
-4.5572e-06
-2.00159e-05
-4.51311e-06
-2.75192e-05
-4.3779e-06
-3.57679e-05
-4.18728e-06
-4.50144e-05
-3.94224e-06
-5.57885e-05
-3.2473e-06
-6.99202e-05
-9.2098e-05
1.15089e-05
1.14327e-05
1.07184e-05
5.90571e-06
1.0023e-05
6.17295e-08
9.39885e-06
-6.07361e-06
8.80888e-06
-1.25322e-05
8.20458e-06
-1.94137e-05
7.51768e-06
-2.68343e-05
6.63155e-06
-3.4882e-05
5.3865e-06
-4.37756e-05
3.60963e-06
-5.40131e-05
1.12005e-06
-6.7434e-05
-9.09806e-05
2.49776e-05
1.23041e-05
2.41576e-05
6.72361e-06
2.34056e-05
8.11265e-07
2.26876e-05
-5.35823e-06
2.19457e-05
-1.17927e-05
2.11006e-05
-1.85704e-05
2.00302e-05
-2.57649e-05
1.84976e-05
-3.33519e-05
1.61715e-05
-4.14473e-05
1.25794e-05
-5.04225e-05
7.27648e-06
-6.21331e-05
-8.37039e-05
3.76748e-05
1.31397e-05
3.68945e-05
7.50177e-06
3.61996e-05
1.5036e-06
3.55619e-05
-4.72302e-06
3.49251e-05
-1.11581e-05
3.41978e-05
-1.78444e-05
3.32083e-05
-2.4776e-05
3.15569e-05
-3.16989e-05
2.86695e-05
-3.85595e-05
2.37096e-05
-4.54612e-05
1.529e-05
-5.37106e-05
-6.84095e-05
4.95417e-05
1.39195e-05
4.88576e-05
8.1831e-06
4.83323e-05
2.02546e-06
4.79638e-05
-4.35759e-06
4.77264e-05
-1.09233e-05
4.75421e-05
-1.76614e-05
4.72084e-05
-2.44425e-05
4.61173e-05
-3.06071e-05
4.34862e-05
-3.59269e-05
3.80592e-05
-4.00286e-05
2.64122e-05
-4.20586e-05
-4.19942e-05
6.05812e-05
1.47201e-05
6.00341e-05
8.72779e-06
5.97874e-05
2.26954e-06
5.99118e-05
-4.48476e-06
6.04224e-05
-1.14356e-05
6.12534e-05
-1.84933e-05
6.21638e-05
-2.53528e-05
6.23195e-05
-3.07619e-05
6.10148e-05
-3.46181e-05
5.66188e-05
-3.5633e-05
4.40784e-05
-2.95141e-05
2.08709e-06
7.14133e-06
-7.15349e-06
1.23126e-05
-5.17966e-06
1.50814e-05
-2.78333e-06
1.34772e-05
1.60194e-06
5.85953e-06
7.606e-06
-1.04146e-05
1.62771e-05
-3.49148e-05
2.44938e-05
-5.58408e-05
2.0927e-05
-7.27016e-05
1.68573e-05
-8.59428e-05
1.32401e-05
-9.60684e-05
1.01237e-05
7.04656e-06
-0.000103117
3.70467e-06
-1.087e-05
3.15649e-06
-4.63922e-06
-3.43819e-06
3.80182e-06
-1.79094e-05
1.60716e-05
-3.72667e-05
2.69606e-05
-5.2811e-05
3.18217e-05
-5.99916e-05
3.16722e-05
-6.62494e-05
2.71841e-05
-7.21745e-05
2.27804e-05
-7.73313e-05
1.83949e-05
-8.11662e-05
1.39568e-05
9.84449e-06
-8.3967e-05
-1.54634e-06
-9.32672e-06
-7.56022e-06
1.37095e-06
-1.94221e-05
1.56614e-05
-3.26937e-05
2.9343e-05
-4.23915e-05
3.66574e-05
-4.82589e-05
3.76891e-05
-5.19082e-05
3.53203e-05
-5.54873e-05
3.07623e-05
-5.85328e-05
2.5824e-05
-6.10386e-05
2.08987e-05
-6.31561e-05
1.6072e-05
1.1545e-05
-6.48593e-05
-5.79695e-06
-3.53205e-06
-1.41191e-05
9.69174e-06
-2.2885e-05
2.44272e-05
-3.0126e-05
3.65847e-05
-3.49755e-05
4.15068e-05
-3.82033e-05
4.09175e-05
-4.02237e-05
3.73397e-05
-4.19043e-05
3.24424e-05
-4.35355e-05
2.74535e-05
-4.51385e-05
2.25004e-05
-4.66689e-05
1.76007e-05
1.2833e-05
-4.79586e-05
-6.60636e-06
3.07049e-06
-1.28767e-05
1.59607e-05
-1.82228e-05
2.97744e-05
-2.2203e-05
4.05646e-05
-2.45298e-05
4.38354e-05
-2.56929e-05
4.20798e-05
-2.64411e-05
3.80891e-05
-2.73647e-05
3.33645e-05
-2.84403e-05
2.85293e-05
-2.96089e-05
2.36672e-05
-3.07938e-05
1.87853e-05
1.38999e-05
-3.18626e-05
-5.25671e-06
8.31647e-06
-9.37655e-06
2.00798e-05
-1.19616e-05
3.23566e-05
-1.30264e-05
4.16316e-05
-1.30741e-05
4.38814e-05
-1.27804e-05
4.1788e-05
-1.27237e-05
3.80299e-05
-1.30532e-05
3.36947e-05
-1.37072e-05
2.91807e-05
-1.45816e-05
2.45416e-05
-1.5566e-05
1.97673e-05
1.48572e-05
-1.65241e-05
-3.45866e-06
1.17733e-05
-5.49489e-06
2.21128e-05
-5.47693e-06
3.23395e-05
-3.89297e-06
4.00464e-05
-1.8341e-06
4.18227e-05
-2.28991e-07
4.01812e-05
6.80921e-07
3.71194e-05
9.21117e-07
3.34524e-05
6.39784e-07
2.9461e-05
-4.34516e-09
2.51836e-05
-8.54295e-07
2.06158e-05
1.57604e-05
-1.75973e-06
-2.67042e-06
1.44415e-05
-2.78525e-06
2.22289e-05
-1.5928e-07
2.97133e-05
4.28848e-06
3.55984e-05
8.50316e-06
3.76075e-05
1.15959e-05
3.70874e-05
1.34833e-05
3.52308e-05
1.43504e-05
3.2584e-05
1.44477e-05
2.93623e-05
1.4015e-05
2.56148e-05
1.32664e-05
2.13628e-05
1.66367e-05
1.23884e-05
-2.91784e-06
1.73624e-05
-1.78621e-06
2.10981e-05
3.61477e-06
2.4313e-05
1.0819e-05
2.83954e-05
1.73623e-05
3.10645e-05
2.22183e-05
3.22309e-05
2.53216e-05
3.21265e-05
2.69672e-05
3.0937e-05
2.75186e-05
2.88096e-05
2.73234e-05
2.58085e-05
2.66796e-05
2.20051e-05
1.74825e-05
2.5832e-05
-5.79127e-06
2.31612e-05
-1.03342e-06
1.63449e-05
7.99116e-06
1.52935e-05
1.73976e-05
1.89902e-05
2.56658e-05
2.27966e-05
3.19779e-05
2.59184e-05
3.62218e-05
2.78815e-05
3.86613e-05
2.84963e-05
3.9708e-05
2.77616e-05
3.97869e-05
2.57286e-05
3.92668e-05
2.25237e-05
1.82826e-05
3.8465e-05
-1.29849e-07
2.32998e-05
1.00686e-05
6.15189e-06
2.06381e-05
4.7242e-06
2.98415e-05
9.7904e-06
3.74812e-05
1.51581e-05
4.34073e-05
1.99924e-05
4.75866e-05
2.37014e-05
5.01483e-05
2.59334e-05
5.13412e-05
2.65676e-05
5.15197e-05
2.55486e-05
5.10419e-05
2.30001e-05
1.90708e-05
5.02514e-05
3.34137e-05
-1.01097e-05
4.40927e-05
-4.52522e-06
4.94476e-05
-6.24714e-07
5.38376e-05
5.40106e-06
5.73204e-05
1.16759e-05
6.00017e-05
1.7311e-05
6.19272e-05
2.17754e-05
6.3061e-05
2.47992e-05
6.33923e-05
2.62358e-05
6.30637e-05
2.58768e-05
6.22699e-05
2.3793e-05
6.12918e-05
2.00474e-05
-0.000107515
4.39692e-06
-0.000109276
1.75829e-06
-0.000108687
-5.88504e-07
-0.000105828
-2.86278e-06
-0.000100745
-5.08344e-06
-9.32218e-05
-7.52659e-06
-8.31729e-05
-1.0049e-05
-7.03458e-05
-1.28275e-05
-5.45705e-05
-1.57758e-05
-3.58315e-05
-1.87388e-05
-1.56381e-05
-2.01945e-05
-1.56381e-05
-8.55988e-05
6.02736e-06
-8.62668e-05
2.42277e-06
-8.58412e-05
-1.01512e-06
-8.42481e-05
-4.45969e-06
-8.12318e-05
-8.10073e-06
-7.67534e-05
-1.20083e-05
-7.05617e-05
-1.62411e-05
-6.24731e-05
-2.09166e-05
-5.21028e-05
-2.61453e-05
-3.89686e-05
-3.18731e-05
-2.26446e-05
-3.65184e-05
-3.82827e-05
-6.60531e-05
7.21921e-06
-6.66249e-05
2.99146e-06
-6.63795e-05
-1.26211e-06
-6.51556e-05
-5.68691e-06
-6.2873e-05
-1.03851e-05
-5.9443e-05
-1.54409e-05
-5.47187e-05
-2.09663e-05
-4.85592e-05
-2.70764e-05
-4.08033e-05
-3.39015e-05
-3.10528e-05
-4.16235e-05
-1.80949e-05
-4.94763e-05
-5.63777e-05
-4.88726e-05
8.13151e-06
-4.92831e-05
3.40007e-06
-4.90847e-05
-1.46217e-06
-4.81929e-05
-6.5809e-06
-4.65419e-05
-1.20377e-05
-4.40911e-05
-1.78939e-05
-4.07446e-05
-2.43133e-05
-3.64123e-05
-3.14099e-05
-3.09437e-05
-3.93708e-05
-2.41637e-05
-4.84042e-05
-1.47717e-05
-5.88686e-05
-7.11507e-05
-3.26899e-05
8.95804e-06
-3.31764e-05
3.88464e-06
-3.3241e-05
-1.39911e-06
-3.28174e-05
-7.00613e-06
-3.18791e-05
-1.29786e-05
-3.03903e-05
-1.93839e-05
-2.82945e-05
-2.6411e-05
-2.55185e-05
-3.41865e-05
-2.1944e-05
-4.29461e-05
-1.71966e-05
-5.31528e-05
-1.0511e-05
-6.55589e-05
-8.16625e-05
-1.73432e-05
9.77501e-06
-1.79367e-05
4.47624e-06
-1.82411e-05
-1.09652e-06
-1.82535e-05
-6.99692e-06
-1.79682e-05
-1.32655e-05
-1.73359e-05
-2.00192e-05
-1.63444e-05
-2.74035e-05
-1.49654e-05
-3.55664e-05
-1.31437e-05
-4.47702e-05
-1.0806e-05
-5.54966e-05
-7.16968e-06
-6.9196e-05
-8.88375e-05
-2.60162e-06
1.06149e-05
-3.30727e-06
5.17945e-06
-3.84791e-06
-5.58657e-07
-4.23186e-06
-6.61549e-06
-4.46321e-06
-1.30372e-05
-4.54987e-06
-1.99346e-05
-4.51191e-06
-2.74432e-05
-4.3803e-06
-3.57005e-05
-4.19347e-06
-4.49598e-05
-3.94469e-06
-5.57451e-05
-3.25495e-06
-6.98981e-05
-9.20928e-05
1.15193e-05
1.14819e-05
1.07274e-05
5.96914e-06
1.00288e-05
1.37258e-07
9.40046e-06
-5.98969e-06
8.80583e-06
-1.2445e-05
8.1975e-06
-1.93281e-05
7.50759e-06
-2.67549e-05
6.61962e-06
-3.48128e-05
5.37772e-06
-4.37179e-05
3.59944e-06
-5.3974e-05
1.11514e-06
-6.74111e-05
-9.09792e-05
2.49605e-05
1.23511e-05
2.41411e-05
6.78586e-06
2.33883e-05
8.87033e-07
2.26687e-05
-5.27277e-06
2.19251e-05
-1.17036e-05
2.10791e-05
-1.84835e-05
2.00088e-05
-2.56849e-05
1.84792e-05
-3.3283e-05
1.6155e-05
-4.13938e-05
1.2569e-05
-5.03829e-05
7.2698e-06
-6.21121e-05
-8.37075e-05
3.76301e-05
1.31838e-05
3.68524e-05
7.56041e-06
3.61594e-05
1.5773e-06
3.55228e-05
-4.63893e-06
3.48877e-05
-1.10701e-05
3.4163e-05
-1.77593e-05
3.31772e-05
-2.46987e-05
3.1531e-05
-3.1635e-05
2.8651e-05
-3.85098e-05
2.36969e-05
-4.54256e-05
1.52815e-05
-5.36934e-05
-6.84163e-05
4.94716e-05
1.39605e-05
4.87924e-05
8.2363e-06
4.82709e-05
2.09517e-06
4.79062e-05
-4.27729e-06
4.7674e-05
-1.08398e-05
4.74961e-05
-1.75821e-05
4.71695e-05
-2.43713e-05
4.60875e-05
-3.05506e-05
4.34657e-05
-3.58845e-05
3.80445e-05
-4.0001e-05
2.64065e-05
-4.20403e-05
-4.20079e-05
6.04924e-05
1.47576e-05
5.99503e-05
8.77581e-06
5.97085e-05
2.33391e-06
5.98397e-05
-4.41054e-06
6.03587e-05
-1.13599e-05
6.12e-05
-1.84234e-05
6.21208e-05
-2.52909e-05
6.22885e-05
-3.07165e-05
6.09915e-05
-3.45846e-05
5.6606e-05
-3.56088e-05
4.40715e-05
-2.95077e-05
2.07333e-06
7.13865e-06
-7.1419e-06
1.23044e-05
-5.1685e-06
1.50711e-05
-2.76888e-06
1.34577e-05
1.62025e-06
5.81511e-06
7.64191e-06
-1.05236e-05
1.63465e-05
-3.505e-05
2.45249e-05
-5.59686e-05
2.09212e-05
-7.28342e-05
1.68637e-05
-8.60731e-05
1.32383e-05
-9.61984e-05
1.01233e-05
7.04214e-06
-0.000103243
3.70304e-06
-1.08487e-05
3.14588e-06
-4.61323e-06
-3.46289e-06
3.83768e-06
-1.79681e-05
1.61274e-05
-3.73432e-05
2.70169e-05
-5.28651e-05
3.18705e-05
-6.00424e-05
3.17019e-05
-6.63188e-05
2.71979e-05
-7.22525e-05
2.27963e-05
-7.74169e-05
1.84011e-05
-8.12552e-05
1.39598e-05
9.84182e-06
-8.40578e-05
-1.54004e-06
-9.31152e-06
-7.56167e-06
1.40641e-06
-1.9438e-05
1.57132e-05
-3.27255e-05
2.94156e-05
-4.24269e-05
3.67186e-05
-4.82928e-05
3.77373e-05
-5.19507e-05
3.53596e-05
-5.55449e-05
3.0792e-05
-5.85967e-05
2.58466e-05
-6.11097e-05
2.09123e-05
-6.32322e-05
1.60802e-05
1.15463e-05
-6.49395e-05
-5.79272e-06
-3.52177e-06
-1.41139e-05
9.72607e-06
-2.28875e-05
2.44866e-05
-3.01346e-05
3.66634e-05
-3.49912e-05
4.15754e-05
-3.82279e-05
4.09746e-05
-4.02559e-05
3.73869e-05
-4.19462e-05
3.24816e-05
-4.35866e-05
2.74855e-05
-4.5199e-05
2.25232e-05
-4.67354e-05
1.76149e-05
1.2838e-05
-4.8029e-05
-6.60126e-06
3.07412e-06
-1.28669e-05
1.5991e-05
-1.82152e-05
2.9835e-05
-2.21994e-05
4.06483e-05
-2.45347e-05
4.39107e-05
-2.57055e-05
4.21453e-05
-2.64644e-05
3.81447e-05
-2.73968e-05
3.34128e-05
-2.84815e-05
2.85685e-05
-2.9657e-05
2.36971e-05
-3.08479e-05
1.88041e-05
1.39083e-05
-3.19197e-05
-5.2487e-06
8.31872e-06
-9.36595e-06
2.01077e-05
-1.19467e-05
3.24155e-05
-1.30139e-05
4.17153e-05
-1.30658e-05
4.39623e-05
-1.27818e-05
4.18597e-05
-1.27327e-05
3.80939e-05
-1.30721e-05
3.37494e-05
-1.37325e-05
2.9227e-05
-1.46146e-05
2.45763e-05
-1.5603e-05
1.97908e-05
1.48679e-05
-1.65651e-05
-3.4491e-06
1.17648e-05
-5.47704e-06
2.21345e-05
-5.4565e-06
3.23943e-05
-3.86889e-06
4.01276e-05
-1.81391e-06
4.19052e-05
-2.14316e-07
4.02584e-05
6.87265e-07
3.71885e-05
9.20586e-07
3.35134e-05
6.31722e-07
2.95118e-05
-1.76989e-08
2.52231e-05
-8.72506e-07
2.06425e-05
1.57738e-05
-1.78054e-06
-2.65987e-06
1.44252e-05
-2.76628e-06
2.22415e-05
-1.3161e-07
2.976e-05
4.32314e-06
3.56718e-05
8.53836e-06
3.76889e-05
1.16267e-05
3.7167e-05
1.35079e-05
3.53046e-05
1.43682e-05
3.26493e-05
1.44593e-05
2.94175e-05
1.40215e-05
2.56579e-05
1.32688e-05
2.13926e-05
1.66522e-05
1.23883e-05
-2.91289e-06
1.73431e-05
-1.77342e-06
2.11052e-05
3.64142e-06
2.43468e-05
1.08589e-05
2.8455e-05
1.74082e-05
3.11387e-05
2.22637e-05
3.23097e-05
2.53627e-05
3.22027e-05
2.7003e-05
3.10058e-05
2.75492e-05
2.88683e-05
2.73496e-05
2.58548e-05
2.67024e-05
2.20377e-05
1.75001e-05
2.58525e-05
-5.79868e-06
2.31485e-05
-1.03169e-06
1.63419e-05
8.00769e-06
1.53096e-05
1.74306e-05
1.9033e-05
2.57102e-05
2.28584e-05
3.2028e-05
2.59907e-05
3.62723e-05
2.79558e-05
3.87098e-05
2.85659e-05
3.97538e-05
2.78219e-05
3.983e-05
2.57766e-05
3.93076e-05
2.25584e-05
1.83018e-05
3.85042e-05
-1.32364e-07
2.32928e-05
1.00673e-05
6.14782e-06
2.06441e-05
4.73573e-06
2.98571e-05
9.82151e-06
3.75087e-05
1.52071e-05
4.34452e-05
2.00534e-05
4.76322e-05
2.37675e-05
5.01983e-05
2.59981e-05
5.13934e-05
2.66252e-05
5.15732e-05
2.55954e-05
5.10954e-05
2.30348e-05
1.90905e-05
5.0305e-05
3.34119e-05
-1.01161e-05
4.40863e-05
-4.524e-06
4.94364e-05
-6.13128e-07
5.38297e-05
5.42848e-06
5.73214e-05
1.17157e-05
6.00146e-05
1.73596e-05
6.1953e-05
2.18288e-05
6.30982e-05
2.48525e-05
6.3439e-05
2.62845e-05
6.31177e-05
2.59171e-05
6.23286e-05
2.38238e-05
6.13542e-05
2.00641e-05
-0.000107636
4.39094e-06
-0.000109388
1.74972e-06
-0.000108791
-5.97629e-07
-0.000105922
-2.87344e-06
-0.000100827
-5.09535e-06
-9.32918e-05
-7.53903e-06
-8.32304e-05
-1.0062e-05
-7.03907e-05
-1.28402e-05
-5.46036e-05
-1.5788e-05
-3.58535e-05
-1.87501e-05
-1.565e-05
-2.02056e-05
-1.56503e-05
-8.56892e-05
6.02058e-06
-8.63554e-05
2.41225e-06
-8.59255e-05
-1.02879e-06
-8.4326e-05
-4.47687e-06
-8.13023e-05
-8.12034e-06
-7.68149e-05
-1.20298e-05
-7.06136e-05
-1.6264e-05
-6.25146e-05
-2.09398e-05
-5.21341e-05
-2.6168e-05
-3.89892e-05
-3.18953e-05
-2.26537e-05
-3.65413e-05
-3.83039e-05
-6.61348e-05
7.21393e-06
-6.67058e-05
2.98001e-06
-6.64569e-05
-1.27936e-06
-6.52278e-05
-5.70935e-06
-6.29385e-05
-1.04115e-05
-5.95005e-05
-1.54706e-05
-5.47672e-05
-2.09984e-05
-4.85976e-05
-2.71097e-05
-4.08309e-05
-3.39349e-05
-3.10705e-05
-4.16554e-05
-1.81032e-05
-4.95085e-05
-5.64068e-05
-4.89444e-05
8.12776e-06
-4.93543e-05
3.38771e-06
-4.91527e-05
-1.48246e-06
-4.82559e-05
-6.60838e-06
-4.65984e-05
-1.20706e-05
-4.414e-05
-1.79311e-05
-4.07851e-05
-2.43537e-05
-3.6444e-05
-3.14519e-05
-3.09665e-05
-3.94124e-05
-2.41783e-05
-4.84438e-05
-1.47774e-05
-5.89092e-05
-7.1185e-05
-3.27488e-05
8.95525e-06
-3.32343e-05
3.87172e-06
-3.32961e-05
-1.42218e-06
-3.28681e-05
-7.03812e-06
-3.19235e-05
-1.30171e-05
-3.04279e-05
-1.94282e-05
-2.83241e-05
-2.64587e-05
-2.55405e-05
-3.42359e-05
-2.19588e-05
-4.29946e-05
-1.72056e-05
-5.31998e-05
-1.05157e-05
-6.56018e-05
-8.17021e-05
-1.73851e-05
9.77373e-06
-1.79782e-05
4.46277e-06
-1.82803e-05
-1.12192e-06
-1.82884e-05
-7.03214e-06
-1.79986e-05
-1.33093e-05
-1.73596e-05
-2.00691e-05
-1.6362e-05
-2.74579e-05
-1.49766e-05
-3.56225e-05
-1.31505e-05
-4.48263e-05
-1.0805e-05
-5.55481e-05
-7.17369e-06
-6.92382e-05
-8.88799e-05
-2.62378e-06
1.06146e-05
-3.32914e-06
5.16593e-06
-3.86832e-06
-5.85154e-07
-4.24981e-06
-6.65337e-06
-4.47708e-06
-1.30846e-05
-4.55938e-06
-1.99894e-05
-4.51658e-06
-2.75028e-05
-4.38154e-06
-3.57618e-05
-4.1904e-06
-4.50181e-05
-3.94467e-06
-5.58015e-05
-3.24779e-06
-6.99428e-05
-9.213e-05
1.15181e-05
1.14828e-05
1.07258e-05
5.95607e-06
1.00278e-05
1.10543e-07
9.40085e-06
-6.02903e-06
8.80867e-06
-1.24949e-05
8.20315e-06
-1.93862e-05
7.51618e-06
-2.6818e-05
6.63087e-06
-3.48769e-05
5.38688e-06
-4.37806e-05
3.61064e-06
-5.40269e-05
1.12114e-06
-6.74568e-05
-9.10114e-05
2.49799e-05
1.23533e-05
2.41596e-05
6.77402e-06
2.34065e-05
8.61015e-07
2.26871e-05
-5.31249e-06
2.19444e-05
-1.17548e-05
2.10996e-05
-1.85435e-05
2.00306e-05
-2.57503e-05
1.85001e-05
-3.33491e-05
1.61759e-05
-4.14543e-05
1.25844e-05
-5.0437e-05
7.28017e-06
-6.21546e-05
-8.37311e-05
3.76687e-05
1.31868e-05
3.68898e-05
7.5505e-06
3.61953e-05
1.55265e-06
3.5558e-05
-4.67785e-06
3.49222e-05
-1.11214e-05
3.4197e-05
-1.78199e-05
3.32105e-05
-2.47646e-05
3.15625e-05
-3.16998e-05
2.8678e-05
-3.85695e-05
2.37188e-05
-4.54766e-05
1.52962e-05
-5.37292e-05
-6.84307e-05
4.95261e-05
1.39633e-05
4.88452e-05
8.22839e-06
4.83221e-05
2.07218e-06
4.79558e-05
-4.31498e-06
4.77217e-05
-1.08901e-05
4.75415e-05
-1.76413e-05
4.72121e-05
-2.44358e-05
4.61254e-05
-3.06125e-05
4.34975e-05
-3.59403e-05
3.80716e-05
-4.00452e-05
2.64205e-05
-4.20733e-05
-4.20072e-05
6.0557e-05
1.4759e-05
6.00142e-05
8.76867e-06
5.97712e-05
2.31236e-06
5.99002e-05
-4.44704e-06
6.04164e-05
-1.14083e-05
6.12534e-05
-1.84795e-05
6.21688e-05
-2.53513e-05
6.23287e-05
-3.07715e-05
6.10261e-05
-3.46337e-05
5.66316e-05
-3.56513e-05
4.409e-05
-2.95277e-05
2.08562e-06
7.14883e-06
-7.16035e-06
1.23214e-05
-5.18048e-06
1.50881e-05
-2.78076e-06
1.34812e-05
1.60535e-06
5.85046e-06
7.61926e-06
-1.0449e-05
1.63028e-05
-3.49687e-05
2.45134e-05
-5.58991e-05
2.09316e-05
-7.27632e-05
1.68605e-05
-8.60026e-05
1.32386e-05
-9.61247e-05
1.01202e-05
7.04048e-06
-0.000103167
3.70801e-06
-1.08795e-05
3.16373e-06
-4.64328e-06
-3.43465e-06
3.8086e-06
-1.79198e-05
1.60892e-05
-3.72936e-05
2.69905e-05
-5.28432e-05
3.18528e-05
-6.00271e-05
3.16952e-05
-6.62921e-05
2.71959e-05
-7.22198e-05
2.27864e-05
-7.73772e-05
1.8394e-05
-8.12098e-05
1.39512e-05
9.83545e-06
-8.40076e-05
-1.5378e-06
-9.34414e-06
-7.54451e-06
1.36026e-06
-1.9408e-05
1.56702e-05
-3.27009e-05
2.9382e-05
-4.24146e-05
3.67034e-05
-4.82884e-05
3.77267e-05
-5.19416e-05
3.53473e-05
-5.55259e-05
3.07795e-05
-5.85734e-05
2.5832e-05
-6.10798e-05
2.08985e-05
-6.31964e-05
1.60657e-05
1.15339e-05
-6.48975e-05
-5.78497e-06
-3.56072e-06
-1.41043e-05
9.67866e-06
-2.28808e-05
2.44467e-05
-3.01393e-05
3.66415e-05
-3.49981e-05
4.15623e-05
-3.82332e-05
4.09625e-05
-4.0259e-05
3.73723e-05
-4.19433e-05
3.24636e-05
-4.3577e-05
2.7464e-05
-4.5181e-05
2.25014e-05
-4.67107e-05
1.75937e-05
1.28198e-05
-4.79982e-05
-6.59425e-06
3.03062e-06
-1.28655e-05
1.59487e-05
-1.82215e-05
2.98042e-05
-2.22145e-05
4.06343e-05
-2.4551e-05
4.39009e-05
-2.57217e-05
4.21326e-05
-2.64754e-05
3.81274e-05
-2.74031e-05
3.33896e-05
-2.84811e-05
2.85425e-05
-2.96509e-05
2.36694e-05
-3.08352e-05
1.87779e-05
1.38846e-05
-3.19019e-05
-5.24854e-06
8.26857e-06
-9.36783e-06
2.00676e-05
-1.19592e-05
3.23928e-05
-1.30329e-05
4.17105e-05
-1.30901e-05
4.39564e-05
-1.28037e-05
4.18483e-05
-1.27529e-05
3.80742e-05
-1.30868e-05
3.37245e-05
-1.37438e-05
2.9197e-05
-1.46198e-05
2.45455e-05
-1.56043e-05
1.976e-05
1.48404e-05
-1.65607e-05
-3.45266e-06
1.17199e-05
-5.48756e-06
2.20995e-05
-5.47203e-06
3.23784e-05
-3.8919e-06
4.01292e-05
-1.83975e-06
4.19048e-05
-2.41276e-07
4.02483e-05
6.62453e-07
3.71701e-05
8.97343e-07
3.34876e-05
6.1202e-07
2.94815e-05
-3.46388e-08
2.51901e-05
-8.85519e-07
2.06096e-05
1.57431e-05
-1.7903e-06
-2.66801e-06
1.4386e-05
-2.78107e-06
2.22141e-05
-1.51832e-07
2.9749e-05
4.30066e-06
3.56768e-05
8.51353e-06
3.76916e-05
1.16004e-05
3.71606e-05
1.34809e-05
3.52886e-05
1.43415e-05
3.26258e-05
1.44334e-05
2.93883e-05
1.39968e-05
2.56253e-05
1.32459e-05
2.1359e-05
1.66202e-05
1.23673e-05
-2.92556e-06
1.73151e-05
-1.79662e-06
2.10862e-05
3.6151e-06
2.43383e-05
1.08354e-05
2.84579e-05
1.7386e-05
3.11416e-05
2.22403e-05
3.2306e-05
2.53375e-05
3.21906e-05
2.69764e-05
3.0986e-05
2.75213e-05
2.88422e-05
2.73208e-05
2.58245e-05
2.66733e-05
2.20053e-05
1.74684e-05
2.58234e-05
-5.81942e-06
2.31423e-05
-1.06113e-06
1.63328e-05
7.97758e-06
1.53047e-05
1.74047e-05
1.90323e-05
2.56878e-05
2.2859e-05
3.20062e-05
2.59875e-05
3.62496e-05
2.79464e-05
3.86851e-05
2.85496e-05
3.97265e-05
2.77996e-05
3.98002e-05
2.575e-05
3.92756e-05
2.25286e-05
1.82718e-05
3.84705e-05
-1.46557e-07
2.32979e-05
1.00453e-05
6.14645e-06
2.06206e-05
4.72985e-06
2.98365e-05
9.82008e-06
3.74897e-05
1.52073e-05
4.34265e-05
2.0051e-05
4.76122e-05
2.37602e-05
5.0176e-05
2.59849e-05
5.1368e-05
2.66067e-05
5.15443e-05
2.55725e-05
5.10633e-05
2.30083e-05
1.90631e-05
5.027e-05
3.34118e-05
-1.01097e-05
4.4082e-05
-4.5218e-06
4.9431e-05
-6.13225e-07
5.38233e-05
5.4286e-06
5.73143e-05
1.17169e-05
6.00058e-05
1.73594e-05
6.19411e-05
2.18248e-05
6.30822e-05
2.48435e-05
6.34182e-05
2.62704e-05
6.3092e-05
2.58985e-05
6.22984e-05
2.38012e-05
6.13197e-05
2.00404e-05
-0.000107558
4.39011e-06
-0.000109312
1.75087e-06
-0.000108717
-5.94972e-07
-0.000105852
-2.86882e-06
-0.000100762
-5.08902e-06
-9.32345e-05
-7.53126e-06
-8.31815e-05
-1.0053e-05
-7.03513e-05
-1.28305e-05
-5.45736e-05
-1.57781e-05
-3.58329e-05
-1.87403e-05
-1.56382e-05
-2.01955e-05
-1.56381e-05
-8.56351e-05
6.01638e-06
-8.62987e-05
2.41096e-06
-8.58677e-05
-1.02678e-06
-8.4269e-05
-4.47123e-06
-8.12475e-05
-8.1115e-06
-7.67641e-05
-1.20178e-05
-7.05682e-05
-1.62491e-05
-6.24761e-05
-2.0923e-05
-5.21032e-05
-2.61501e-05
-3.89676e-05
-3.18758e-05
-2.26437e-05
-3.65192e-05
-3.82817e-05
-6.6088e-05
7.20503e-06
-6.66554e-05
2.97542e-06
-6.64047e-05
-1.27903e-06
-6.51754e-05
-5.70371e-06
-6.28876e-05
-1.04009e-05
-5.94531e-05
-1.54549e-05
-5.47249e-05
-2.0978e-05
-4.85623e-05
-2.70857e-05
-4.08041e-05
-3.39084e-05
-3.1052e-05
-4.16278e-05
-1.80939e-05
-4.94772e-05
-5.63756e-05
-4.89085e-05
8.11375e-06
-4.93143e-05
3.37939e-06
-4.91105e-05
-1.48439e-06
-4.82135e-05
-6.60285e-06
-4.65573e-05
-1.20586e-05
-4.41019e-05
-1.79122e-05
-4.07517e-05
-2.43286e-05
-3.64164e-05
-3.1422e-05
-3.09455e-05
-3.93799e-05
-2.41638e-05
-4.841e-05
-1.4771e-05
-5.88702e-05
-7.11478e-05
-3.27256e-05
8.93679e-06
-3.32074e-05
3.85935e-06
-3.32669e-05
-1.42633e-06
-3.28381e-05
-7.03318e-06
-3.18949e-05
-1.30043e-05
-3.04016e-05
-1.94066e-05
-2.8302e-05
-2.64299e-05
-2.55233e-05
-3.42014e-05
-2.19466e-05
-4.2957e-05
-1.71976e-05
-5.316e-05
-1.05117e-05
-6.55604e-05
-8.16601e-05
-1.73768e-05
9.75077e-06
-1.79662e-05
4.44702e-06
-1.8266e-05
-1.12833e-06
-1.82731e-05
-7.02897e-06
-1.79832e-05
-1.32958e-05
-1.73467e-05
-2.00459e-05
-1.63519e-05
-2.74257e-05
-1.49704e-05
-3.55835e-05
-1.31469e-05
-4.47827e-05
-1.08078e-05
-5.55045e-05
-7.17032e-06
-6.91984e-05
-8.88354e-05
-2.6301e-06
1.05887e-05
-3.33263e-06
5.1472e-06
-3.86932e-06
-5.94274e-07
-4.24902e-06
-6.65172e-06
-4.4763e-06
-1.30714e-05
-4.55952e-06
-1.99647e-05
-4.51888e-06
-2.74678e-05
-4.38549e-06
-3.57192e-05
-4.19734e-06
-4.49731e-05
-3.94779e-06
-5.57536e-05
-3.25635e-06
-6.99012e-05
-9.20917e-05
1.1499e-05
1.14551e-05
1.07088e-05
5.93523e-06
1.00129e-05
9.90832e-08
9.38765e-06
-6.02892e-06
8.796e-06
-1.24821e-05
8.19007e-06
-1.93604e-05
7.50174e-06
-2.67809e-05
6.61464e-06
-3.48322e-05
5.37319e-06
-4.37315e-05
3.59589e-06
-5.39827e-05
1.11281e-06
-6.7415e-05
-9.09797e-05
2.49511e-05
1.23253e-05
2.41317e-05
6.75202e-06
2.338e-05
8.47946e-07
2.2662e-05
-5.31347e-06
2.19199e-05
-1.17421e-05
2.10749e-05
-1.85166e-05
2.00049e-05
-2.5711e-05
1.84748e-05
-3.33018e-05
1.61501e-05
-4.14065e-05
1.25642e-05
-5.03914e-05
7.26702e-06
-6.21164e-05
-8.37104e-05
3.76336e-05
1.31601e-05
3.68541e-05
7.52847e-06
3.61603e-05
1.5391e-06
3.55236e-05
-4.67932e-06
3.48883e-05
-1.11083e-05
3.41629e-05
-1.77916e-05
3.31758e-05
-2.47234e-05
3.15279e-05
-3.16518e-05
2.8646e-05
-3.85204e-05
2.36915e-05
-4.54327e-05
1.52778e-05
-5.3699e-05
-6.84214e-05
4.94879e-05
1.39393e-05
4.88054e-05
8.20777e-06
4.82817e-05
2.05933e-06
4.79152e-05
-4.31566e-06
4.76809e-05
-1.08756e-05
4.75006e-05
-1.76117e-05
4.71714e-05
-2.43933e-05
4.60866e-05
-3.05642e-05
4.34621e-05
-3.58922e-05
3.80392e-05
-4.00063e-05
2.64032e-05
-4.20462e-05
-4.20141e-05
6.0518e-05
1.47388e-05
5.99729e-05
8.75052e-06
5.97281e-05
2.30112e-06
5.98561e-05
-4.44546e-06
6.03714e-05
-1.13919e-05
6.12089e-05
-1.84489e-05
6.21265e-05
-2.53094e-05
6.22909e-05
-3.07267e-05
6.09917e-05
-3.45898e-05
5.66037e-05
-3.5611e-05
4.4068e-05
-2.9511e-05
2.0622e-06
8.77003e-05
-7.92575e-06
-8.98741e-05
8.78093e-05
-4.60858e-06
8.59118e-05
1.31124e-06
8.39778e-05
7.38908e-06
8.22624e-05
1.34529e-05
8.07723e-05
1.88639e-05
7.94114e-05
2.31953e-05
7.80671e-05
2.61944e-05
7.66083e-05
2.77331e-05
7.50427e-05
2.74644e-05
7.33966e-05
2.54429e-05
2.15196e-05
7.19054e-05
0.000107395
-9.72916e-06
-0.000105595
0.000107066
-4.2817e-06
0.00010588
2.49565e-06
0.000103954
9.31444e-06
0.000101529
1.58764e-05
9.87464e-05
2.1646e-05
9.57759e-05
2.61659e-05
9.27484e-05
2.92225e-05
8.96976e-05
3.07851e-05
8.677e-05
3.03933e-05
8.4005e-05
2.8209e-05
2.37635e-05
8.17614e-05
0.000118868
-1.04747e-05
-0.000118127
0.000118597
-4.01448e-06
0.000117724
3.36479e-06
0.000116186
1.08497e-05
0.000114027
1.80335e-05
0.000111286
2.43868e-05
0.000108064
2.93879e-05
0.000104477
3.28106e-05
0.000100646
3.46176e-05
9.68445e-05
3.41971e-05
9.31832e-05
3.18718e-05
2.63682e-05
9.05793e-05
0.000126767
-0.000127073
-1.01738e-05
0.000125955
-3.20642e-06
0.000124672
4.64393e-06
0.000122887
1.26324e-05
0.000120594
2.03248e-05
0.000117832
2.71478e-05
0.000114614
3.26062e-05
0.000110973
3.64522e-05
0.000107055
3.8537e-05
0.000103281
3.79725e-05
0.000100144
3.50107e-05
9.87336e-05
2.77794e-05
7.09197e-05
1.57044e-05
7.0489e-05
9.15603e-06
7.06976e-05
2.058e-06
7.16603e-05
-5.4503e-06
7.3378e-05
-1.31553e-05
7.56776e-05
-2.07945e-05
7.81163e-05
-2.7792e-05
7.98508e-05
-3.24964e-05
8.04796e-05
-3.52491e-05
7.95096e-05
-3.46599e-05
7.85962e-05
-2.86008e-05
-9.21521e-06
8.98988e-05
8.05887e-05
1.68762e-05
8.04723e-05
9.27079e-06
8.16011e-05
9.27225e-07
8.40047e-05
-7.85533e-06
8.74646e-05
-1.66165e-05
9.14567e-05
-2.47872e-05
9.52347e-05
-3.15708e-05
9.79904e-05
-3.52536e-05
9.94984e-05
-3.67566e-05
9.95591e-05
-3.47238e-05
9.98081e-05
-2.8852e-05
-1.50131e-05
0.000105604
8.9837e-05
1.76185e-05
9.0905e-05
8.2017e-06
9.39995e-05
-2.16876e-06
9.85864e-05
-1.24436e-05
0.00010392
-2.1952e-05
0.00010906
-2.99284e-05
0.000113114
-3.56269e-05
0.000115855
-3.79967e-05
0.000117186
-3.80917e-05
0.000116897
-3.44393e-05
0.000116166
-2.8124e-05
-1.69649e-05
0.000118115
0.000100664
1.56878e-05
0.000104954
3.91141e-06
0.000111037
-8.25291e-06
0.00011748
-1.88868e-05
0.000123247
-2.77199e-05
0.000127498
-3.41795e-05
0.000129897
-3.80277e-05
0.000130884
-3.89864e-05
0.000130512
-3.77231e-05
0.000129062
-3.29917e-05
0.00012723
-2.62979e-05
0.00012704
-1.67806e-05
8.77171e-05
-7.92832e-06
8.7818e-05
-4.62464e-06
8.59115e-05
1.28036e-06
8.39646e-05
7.34904e-06
8.22332e-05
1.34077e-05
8.0726e-05
1.88184e-05
7.93489e-05
2.31526e-05
7.79905e-05
2.61579e-05
7.65203e-05
2.77063e-05
7.49468e-05
2.74504e-05
7.32958e-05
2.54438e-05
2.15395e-05
7.18029e-05
0.000107402
-9.72818e-06
0.00010707
-4.29438e-06
0.00010588
2.47037e-06
0.000103946
9.28275e-06
0.00010151
1.58432e-05
9.87131e-05
2.16152e-05
9.57264e-05
2.61398e-05
9.26825e-05
2.92024e-05
8.96165e-05
3.07732e-05
8.66764e-05
3.03913e-05
8.39023e-05
2.82186e-05
2.37873e-05
8.16541e-05
0.000118857
-1.04724e-05
0.000118586
-4.0249e-06
0.000117713
3.34277e-06
0.000116171
1.08228e-05
0.000114005
1.80079e-05
0.000111254
2.43662e-05
0.00010802
2.93745e-05
0.000104418
3.28054e-05
0.000100571
3.46212e-05
9.67554e-05
3.4209e-05
9.30837e-05
3.18916e-05
2.63976e-05
9.04744e-05
0.000126738
-1.0175e-05
0.000125929
-3.22017e-06
0.000124646
4.6211e-06
0.000122859
1.26088e-05
0.000120561
2.03052e-05
0.000117792
2.71355e-05
0.000114564
3.2603e-05
0.000110912
3.64583e-05
0.000106981
3.85526e-05
0.000103197
3.79948e-05
0.000100054
3.50352e-05
9.86453e-05
2.78074e-05
7.08199e-05
1.57388e-05
7.03932e-05
9.19995e-06
7.06084e-05
2.11607e-06
7.15805e-05
-5.38474e-06
7.33105e-05
-1.30913e-05
7.56237e-05
-2.07372e-05
7.80754e-05
-2.7743e-05
7.98214e-05
-3.2462e-05
8.04585e-05
-3.5221e-05
7.94924e-05
-3.46455e-05
7.85846e-05
-2.85926e-05
-9.22466e-06
8.98784e-05
8.0482e-05
1.69098e-05
8.03721e-05
9.3082e-06
8.15105e-05
9.76402e-07
8.39268e-05
-7.80202e-06
8.74028e-05
-1.65677e-05
9.14097e-05
-2.47445e-05
9.52007e-05
-3.15343e-05
9.79657e-05
-3.52279e-05
9.94789e-05
-3.6736e-05
9.95451e-05
-3.47106e-05
9.97951e-05
-2.88486e-05
-1.50175e-05
0.000105588
8.97356e-05
1.76487e-05
9.08117e-05
8.23142e-06
9.39192e-05
-2.13184e-06
9.85233e-05
-1.24069e-05
0.000103874
-2.19192e-05
0.000109028
-2.98994e-05
0.000113093
-3.56014e-05
0.000115839
-3.7977e-05
0.000117175
-3.80746e-05
0.000116889
-3.443e-05
0.00011616
-2.81222e-05
-1.69679e-05
0.000118106
0.000100583
1.57108e-05
0.000104883
3.93166e-06
0.000110981
-8.23039e-06
0.000117441
-1.88659e-05
0.000123223
-2.77017e-05
0.000127486
-3.41625e-05
0.000129894
-3.80118e-05
0.000130886
-3.89712e-05
0.000130517
-3.77089e-05
0.000129066
-3.29834e-05
0.000127233
-2.62931e-05
0.000127037
-1.67817e-05
8.76964e-05
-7.93294e-06
8.7792e-05
-4.6194e-06
8.58821e-05
1.29677e-06
8.39355e-05
7.37511e-06
8.22096e-05
1.34415e-05
8.0713e-05
1.88566e-05
7.93499e-05
2.31924e-05
7.80068e-05
2.61966e-05
7.65518e-05
2.77411e-05
7.49915e-05
2.74788e-05
7.33511e-05
2.54652e-05
2.15486e-05
7.18668e-05
0.000107382
-9.72904e-06
0.000107045
-4.28476e-06
0.00010585
2.48998e-06
0.000103913
9.31073e-06
0.000101479
1.58757e-05
9.86876e-05
2.1648e-05
9.57113e-05
2.61696e-05
9.26817e-05
2.92281e-05
8.96319e-05
3.07933e-05
8.67083e-05
3.04049e-05
8.39488e-05
2.82269e-05
2.37847e-05
8.17134e-05
0.000118843
-1.04708e-05
0.000118566
-4.01244e-06
0.000117687
3.36545e-06
0.000116142
1.08537e-05
0.000113976
1.80409e-05
0.000111227
2.43964e-05
0.000108
2.9398e-05
0.000104409
3.28207e-05
0.000100578
3.46279e-05
9.67786e-05
3.42073e-05
9.31232e-05
3.18846e-05
2.63816e-05
9.05283e-05
0.000126728
-1.01675e-05
0.000125913
-3.20181e-06
0.000124625
4.64986e-06
0.000122835
1.26416e-05
0.000120537
2.03376e-05
0.000117771
2.71621e-05
0.00011455
3.26201e-05
0.000110909
3.64641e-05
0.000106993
3.85472e-05
0.000103223
3.7979e-05
0.000100096
3.50144e-05
9.86957e-05
2.77833e-05
7.08877e-05
1.57368e-05
7.04626e-05
9.19132e-06
7.06771e-05
2.09491e-06
7.16471e-05
-5.42012e-06
7.33729e-05
-1.31363e-05
7.56795e-05
-2.0788e-05
7.81234e-05
-2.7796e-05
7.98598e-05
-3.25082e-05
8.04887e-05
-3.52649e-05
7.95183e-05
-3.4678e-05
7.86042e-05
-2.86137e-05
-9.21711e-06
8.99071e-05
8.05477e-05
1.69019e-05
8.04402e-05
9.29725e-06
8.1579e-05
9.54062e-07
8.39928e-05
-7.83546e-06
8.74617e-05
-1.66067e-05
9.146e-05
-2.47872e-05
9.52415e-05
-3.15786e-05
9.7997e-05
-3.52654e-05
9.95033e-05
-3.6771e-05
9.95619e-05
-3.47398e-05
9.98097e-05
-2.88639e-05
-1.50153e-05
0.000105606
8.97957e-05
1.76347e-05
9.08744e-05
8.21759e-06
9.39805e-05
-2.15355e-06
9.85777e-05
-1.24341e-05
0.000103919
-2.19495e-05
0.000109062
-2.99322e-05
0.000113117
-3.56358e-05
0.000115857
-3.80076e-05
0.000117186
-3.81046e-05
0.000116895
-3.44534e-05
0.000116163
-2.81349e-05
-1.69671e-05
0.000118112
0.000100634
1.56967e-05
0.000104932
3.91935e-06
0.000111023
-8.24561e-06
0.000117472
-1.88837e-05
0.000123244
-2.7722e-05
0.000127497
-3.41862e-05
0.000129898
-3.80383e-05
0.000130886
-3.89984e-05
0.000130513
-3.77357e-05
0.000129061
-3.3004e-05
0.000127227
-2.63068e-05
0.000127035
-1.67812e-05
8.77214e-05
-7.92429e-06
8.78136e-05
-4.61257e-06
8.58977e-05
1.30131e-06
8.39469e-05
7.38061e-06
8.22174e-05
1.3447e-05
8.07169e-05
1.88603e-05
7.93493e-05
2.31928e-05
7.80008e-05
2.61925e-05
7.65395e-05
2.77323e-05
7.49727e-05
2.74656e-05
7.3326e-05
2.54479e-05
2.15308e-05
7.1835e-05
0.000107401
-9.72188e-06
0.000107064
-4.27767e-06
0.000105868
2.49742e-06
0.00010393
9.31899e-06
0.000101492
1.5884e-05
9.8698e-05
2.16548e-05
9.57179e-05
2.61736e-05
9.26832e-05
2.9228e-05
8.96273e-05
3.07892e-05
8.6697e-05
3.0397e-05
8.39306e-05
2.82152e-05
2.37739e-05
8.16873e-05
0.000118852
-1.04645e-05
0.000118578
-4.00521e-06
0.000117701
3.37378e-06
0.000116156
1.08622e-05
0.000113989
1.80502e-05
0.000111238
2.4405e-05
0.000108008
2.94044e-05
0.000104414
3.28238e-05
0.000100577
3.46275e-05
9.67718e-05
3.42039e-05
9.31097e-05
3.18787e-05
2.63775e-05
9.05072e-05
0.000126731
-1.01647e-05
0.000125919
-3.19752e-06
0.000124633
4.65496e-06
0.000122844
1.26501e-05
0.000120546
2.03477e-05
0.000117778
2.71724e-05
0.000114555
3.26288e-05
0.00011091
3.64699e-05
0.000106989
3.85499e-05
0.000103214
3.79794e-05
0.000100082
3.50129e-05
9.86775e-05
2.77826e-05
7.08509e-05
1.57212e-05
7.04222e-05
9.1768e-06
7.06342e-05
2.08667e-06
7.1602e-05
-5.4152e-06
7.33271e-05
-1.31183e-05
7.5636e-05
-2.07582e-05
7.80843e-05
-2.7758e-05
7.98284e-05
-3.24701e-05
8.04644e-05
-3.52249e-05
7.94962e-05
-3.46454e-05
7.85856e-05
-2.85935e-05
-9.22831e-06
8.05166e-05
1.6891e-05
8.04044e-05
9.28738e-06
8.15388e-05
9.51188e-07
8.39503e-05
-7.82754e-06
8.74216e-05
-1.65898e-05
9.14256e-05
-2.47624e-05
9.52149e-05
-3.15474e-05
9.79798e-05
-3.52356e-05
9.94927e-05
-3.67395e-05
9.95567e-05
-3.47083e-05
9.98029e-05
-2.88443e-05
-1.50216e-05
8.97695e-05
1.76289e-05
9.08436e-05
8.21281e-06
9.39472e-05
-2.15294e-06
9.8547e-05
-1.24281e-05
0.000103896
-2.19389e-05
0.000109049
-2.99168e-05
0.000113115
-3.56148e-05
0.000115862
-3.79856e-05
0.000117197
-3.80776e-05
0.00011691
-3.4426e-05
0.000116178
-2.81163e-05
-1.69736e-05
0.000100615
1.5692e-05
0.000104913
3.9145e-06
0.00011101
-8.24982e-06
0.000117468
-1.88861e-05
0.000123251
-2.77213e-05
0.000127514
-3.41801e-05
0.000129922
-3.80249e-05
0.000130914
-3.89793e-05
0.000130544
-3.77115e-05
0.000129093
-3.29796e-05
0.000127263
-2.62896e-05
-1.67915e-05
-2.88028e-05
-8.93701e-06
2.75522e-05
-3.05015e-05
-1.51573e-06
-3.25291e-05
6.66445e-06
-3.49156e-05
1.50134e-05
-3.76914e-05
2.30966e-05
-4.08383e-05
3.02927e-05
-4.43004e-05
3.60678e-05
-4.79006e-05
4.00536e-05
-5.09495e-05
4.15877e-05
-5.27993e-05
3.98243e-05
-5.25714e-05
3.47845e-05
2.39356e-05
-4.87272e-05
-3.12349e-05
-7.02532e-06
2.93189e-05
-3.34679e-05
7.12668e-07
-3.59474e-05
9.14006e-06
-3.8693e-05
1.77557e-05
-4.16808e-05
2.60823e-05
-4.47727e-05
3.33836e-05
-4.77686e-05
3.90639e-05
-5.01735e-05
4.24593e-05
-5.13667e-05
4.27822e-05
-5.09749e-05
3.94337e-05
-4.76898e-05
3.14999e-05
1.72651e-05
-4.10182e-05
-3.35298e-05
-4.72492e-06
3.12171e-05
-3.60137e-05
3.1897e-06
-3.86312e-05
1.17517e-05
-4.13485e-05
2.0468e-05
-4.40619e-05
2.87925e-05
-4.65313e-05
3.58512e-05
-4.84682e-05
4.10002e-05
-4.95178e-05
4.3509e-05
-4.9022e-05
4.2287e-05
-4.6306e-05
3.67183e-05
-4.12146e-05
2.64095e-05
1.04571e-05
-3.44077e-05
-3.51866e-05
3.27089e-05
-2.24717e-06
-3.76892e-05
5.69112e-06
-4.01685e-05
1.42297e-05
-4.25263e-05
2.2825e-05
-4.45918e-05
3.08575e-05
-4.6251e-05
3.75105e-05
-4.71572e-05
4.19065e-05
-4.66337e-05
4.29859e-05
-4.41049e-05
3.97585e-05
-3.95106e-05
3.21249e-05
-3.2894e-05
1.97925e-05
-2.80677e-05
5.63228e-06
-4.02259e-05
7.18734e-06
-3.24209e-05
-3.89368e-06
-2.61159e-05
-1.45581e-05
-2.16189e-05
-2.33841e-05
-1.89807e-05
-3.03588e-05
-1.80439e-05
-3.5118e-05
-1.84341e-05
-3.76402e-05
-1.97141e-05
-3.77109e-05
-2.18852e-05
-3.5557e-05
-2.42967e-05
-3.05904e-05
-2.65455e-05
-2.40542e-05
-1.57232e-05
-2.76071e-05
-3.05023e-05
-3.32855e-06
-2.30365e-05
-1.13592e-05
-1.82149e-05
-1.93796e-05
-1.556e-05
-2.60387e-05
-1.47474e-05
-3.11714e-05
-1.53419e-05
-3.45238e-05
-1.70516e-05
-3.59319e-05
-1.94883e-05
-3.52766e-05
-2.23841e-05
-3.2666e-05
-2.51778e-05
-2.77973e-05
-2.76575e-05
-2.1581e-05
-1.3997e-05
-2.93896e-05
-2.3384e-05
-1.43529e-05
-1.73092e-05
-1.74342e-05
-1.41763e-05
-2.25123e-05
-1.29501e-05
-2.72647e-05
-1.32604e-05
-3.08613e-05
-1.47846e-05
-3.30003e-05
-1.72007e-05
-3.35178e-05
-2.01609e-05
-3.23194e-05
-2.33712e-05
-2.94586e-05
-2.63971e-05
-2.47801e-05
-2.90984e-05
-1.88823e-05
-1.17981e-05
-3.12992e-05
-1.68643e-05
-2.55554e-05
-1.33257e-05
-2.09728e-05
-1.18938e-05
-2.39437e-05
-1.18269e-05
-2.73311e-05
-1.29411e-05
-2.97464e-05
-1.50233e-05
-3.09179e-05
-1.78085e-05
-3.07326e-05
-2.10013e-05
-2.91272e-05
-2.4332e-05
-2.61302e-05
-2.7471e-05
-2.16387e-05
-3.03196e-05
-1.60376e-05
-3.27924e-05
-9.3288e-06
-2.8849e-05
-8.9366e-06
-3.05447e-05
-1.52743e-06
-3.25723e-05
6.64952e-06
-3.49631e-05
1.49958e-05
-3.77452e-05
2.30849e-05
-4.08998e-05
3.02889e-05
-4.43696e-05
3.60728e-05
-4.79754e-05
4.00651e-05
-5.10274e-05
4.1606e-05
-5.28763e-05
3.98455e-05
-5.26424e-05
3.48028e-05
2.39539e-05
-4.87875e-05
-3.12977e-05
-7.03351e-06
-3.35271e-05
6.98532e-07
-3.60082e-05
9.12361e-06
-3.87568e-05
1.77441e-05
-4.17497e-05
2.60771e-05
-4.48463e-05
3.33851e-05
-4.7844e-05
3.90707e-05
-5.02471e-05
4.24685e-05
-5.14365e-05
4.27962e-05
-5.10361e-05
3.94458e-05
-4.77389e-05
3.15067e-05
1.7271e-05
-4.10551e-05
-3.36026e-05
-4.73132e-06
-3.60839e-05
3.17853e-06
-3.87011e-05
1.17443e-05
-4.14206e-05
2.04608e-05
-4.4136e-05
2.87904e-05
-4.66054e-05
3.58532e-05
-4.85396e-05
4.10043e-05
-4.95829e-05
4.35117e-05
-4.90758e-05
4.22893e-05
-4.63457e-05
3.67159e-05
-4.12432e-05
2.64051e-05
1.04561e-05
-3.44279e-05
-3.52631e-05
-2.26371e-06
-3.77624e-05
5.67634e-06
-4.02413e-05
1.42181e-05
-4.25975e-05
2.28182e-05
-4.46614e-05
3.08549e-05
-4.63177e-05
3.75096e-05
-4.72173e-05
4.19039e-05
-4.66828e-05
4.2977e-05
-4.41403e-05
3.97465e-05
-3.95343e-05
3.211e-05
-3.29083e-05
1.97794e-05
-2.80785e-05
5.62718e-06
-4.02745e-05
7.19904e-06
-3.24572e-05
-3.885e-06
-2.61367e-05
-1.45503e-05
-2.1625e-05
-2.33772e-05
-1.89757e-05
-3.03514e-05
-1.80309e-05
-3.51086e-05
-1.84168e-05
-3.76288e-05
-1.96956e-05
-3.76968e-05
-2.18681e-05
-3.55426e-05
-2.42817e-05
-3.05765e-05
-2.65377e-05
-2.40494e-05
-1.57168e-05
-2.7607e-05
-3.05268e-05
-3.3284e-06
-2.30479e-05
-1.13634e-05
-1.82128e-05
-1.93846e-05
-1.55471e-05
-2.60423e-05
-1.47266e-05
-3.11715e-05
-1.53157e-05
-3.45201e-05
-1.70224e-05
-3.59234e-05
-1.94592e-05
-3.5263e-05
-2.23571e-05
-3.26488e-05
-2.51571e-05
-2.77829e-05
-2.76425e-05
-2.15651e-05
-1.39877e-05
-2.93849e-05
-2.33916e-05
-1.43653e-05
-1.73052e-05
-1.74497e-05
-1.41624e-05
-2.25268e-05
-1.29286e-05
-2.72755e-05
-1.32326e-05
-3.08673e-05
-1.47525e-05
-3.30011e-05
-1.71665e-05
-3.35114e-05
-2.0127e-05
-3.2306e-05
-2.33402e-05
-2.94402e-05
-2.63697e-05
-2.47578e-05
-2.90795e-05
-1.88674e-05
-1.17809e-05
-3.12866e-05
-1.68606e-05
-2.55819e-05
-1.33139e-05
-2.0996e-05
-1.18754e-05
-2.39648e-05
-1.18027e-05
-2.73475e-05
-1.29122e-05
-2.97573e-05
-1.49909e-05
-3.0922e-05
-1.77743e-05
-3.07286e-05
-2.09671e-05
-2.91144e-05
-2.42993e-05
-2.61101e-05
-2.74431e-05
-2.16176e-05
-3.02951e-05
-1.60125e-05
-3.27743e-05
-9.31202e-06
-2.88575e-05
-8.92671e-06
-3.05583e-05
-1.50931e-06
-3.25886e-05
6.67354e-06
-3.49774e-05
1.50254e-05
-3.77543e-05
2.31114e-05
-4.09004e-05
3.0307e-05
-4.4359e-05
3.60793e-05
-4.79515e-05
4.00587e-05
-5.09911e-05
4.15896e-05
-5.2832e-05
3.98229e-05
-5.25943e-05
3.47791e-05
2.39353e-05
-4.87441e-05
-3.12996e-05
-7.01824e-06
-3.35325e-05
7.18554e-07
-3.60122e-05
9.14926e-06
-3.87565e-05
1.77671e-05
-4.17407e-05
2.6094e-05
-4.48261e-05
3.33919e-05
-4.78121e-05
3.90658e-05
-5.02052e-05
4.24531e-05
-5.13897e-05
4.2776e-05
-5.09884e-05
3.94234e-05
-4.76951e-05
3.1488e-05
1.7264e-05
-4.10225e-05
-3.35955e-05
-4.71704e-06
-3.60779e-05
3.19429e-06
-3.86931e-05
1.17588e-05
-4.14053e-05
2.0475e-05
-4.4111e-05
2.87968e-05
-4.657e-05
3.58494e-05
-4.84966e-05
4.09919e-05
-4.95353e-05
4.3492e-05
-4.90269e-05
4.22685e-05
-4.6301e-05
3.66987e-05
-4.12081e-05
2.63966e-05
1.04606e-05
-3.44033e-05
-3.52471e-05
-2.2464e-06
-3.7746e-05
5.69117e-06
-4.02203e-05
1.42319e-05
-4.25698e-05
2.28237e-05
-4.46252e-05
3.08519e-05
-4.62745e-05
3.74984e-05
-4.71694e-05
4.18866e-05
-4.66337e-05
4.29564e-05
-4.40963e-05
3.97314e-05
-3.95006e-05
3.21039e-05
-3.28861e-05
1.97839e-05
-2.80608e-05
5.6371e-06
-4.02439e-05
7.19725e-06
-3.2437e-05
-3.88772e-06
-2.61266e-05
-1.45561e-05
-2.16239e-05
-2.33869e-05
-1.89811e-05
-3.03656e-05
-1.8041e-05
-3.51281e-05
-1.84296e-05
-3.76527e-05
-1.9709e-05
-3.77236e-05
-2.1881e-05
-3.55689e-05
-2.42949e-05
-3.06005e-05
-2.65469e-05
-2.40602e-05
-1.57207e-05
-2.76119e-05
-3.05105e-05
-3.31409e-06
-2.30433e-05
-1.13547e-05
-1.82177e-05
-1.93818e-05
-1.55587e-05
-2.60457e-05
-1.47427e-05
-3.11818e-05
-1.53349e-05
-3.45365e-05
-1.70434e-05
-3.59457e-05
-1.94801e-05
-3.52895e-05
-2.23771e-05
-3.26769e-05
-2.51733e-05
-2.78051e-05
-2.76565e-05
-2.15838e-05
-1.39914e-05
-2.93921e-05
-2.33839e-05
-1.43345e-05
-1.73086e-05
-1.74303e-05
-1.41735e-05
-2.25169e-05
-1.29449e-05
-2.72743e-05
-1.32529e-05
-3.08741e-05
-1.47754e-05
-3.30149e-05
-1.71908e-05
-3.35324e-05
-2.01511e-05
-3.23322e-05
-2.33625e-05
-2.94687e-05
-2.63905e-05
-2.4786e-05
-2.90948e-05
-1.88824e-05
-1.17899e-05
-3.12987e-05
-1.68598e-05
-2.55342e-05
-1.3321e-05
-2.09692e-05
-1.18883e-05
-2.39493e-05
-1.18201e-05
-2.73421e-05
-1.29328e-05
-2.97609e-05
-1.50138e-05
-3.09338e-05
-1.77984e-05
-3.07478e-05
-2.09914e-05
-2.91401e-05
-2.43228e-05
-2.61396e-05
-2.74634e-05
-2.16431e-05
-3.03143e-05
-1.60357e-05
-3.27893e-05
-9.31878e-06
-2.8857e-05
-8.92333e-06
-3.05551e-05
-1.50262e-06
-3.25839e-05
6.68443e-06
-3.49741e-05
1.50365e-05
-3.77536e-05
2.31249e-05
-4.09035e-05
3.03212e-05
-4.43666e-05
3.60921e-05
-4.79635e-05
4.00679e-05
-5.1006e-05
4.1594e-05
-5.2848e-05
3.98233e-05
-5.26081e-05
3.47747e-05
2.39261e-05
-4.87502e-05
-3.1303e-05
-7.01777e-06
-3.35339e-05
7.24644e-07
-3.60151e-05
9.15834e-06
-3.87618e-05
1.77829e-05
-4.17506e-05
2.61131e-05
-4.48412e-05
3.34117e-05
-4.78319e-05
3.90832e-05
-5.02271e-05
4.24637e-05
-5.14095e-05
4.27774e-05
-5.10027e-05
3.94175e-05
-4.77002e-05
3.14733e-05
1.72425e-05
-4.10152e-05
-3.36041e-05
-4.71378e-06
-3.60864e-05
3.20524e-06
-3.87028e-05
1.17782e-05
-4.14197e-05
2.04968e-05
-4.41306e-05
2.8822e-05
-4.65945e-05
3.58744e-05
-4.85231e-05
4.10114e-05
-4.95601e-05
4.35007e-05
-4.9046e-05
4.22637e-05
-4.63087e-05
3.66806e-05
-4.12029e-05
2.63686e-05
1.04286e-05
-3.43887e-05
-3.52614e-05
-2.24506e-06
-3.77611e-05
5.70319e-06
-4.0239e-05
1.42508e-05
-4.25924e-05
2.28514e-05
-4.46523e-05
3.08825e-05
-4.63042e-05
3.75266e-05
-4.71987e-05
4.19059e-05
-4.66581e-05
4.29602e-05
-4.41092e-05
3.97147e-05
-3.94978e-05
3.20697e-05
-3.28711e-05
1.97422e-05
-2.80412e-05
5.60039e-06
-4.02384e-05
7.18171e-06
-3.24221e-05
-3.90089e-06
-2.61043e-05
-1.45669e-05
-2.15954e-05
-2.33944e-05
-1.89482e-05
-3.03687e-05
-1.80044e-05
-3.51249e-05
-1.83898e-05
-3.76423e-05
-1.96666e-05
-3.77067e-05
-2.18359e-05
-3.55481e-05
-2.42443e-05
-3.05779e-05
-2.64922e-05
-2.4054e-05
-1.57352e-05
-3.04921e-05
-3.34037e-06
-2.30173e-05
-1.13748e-05
-1.81865e-05
-1.93968e-05
-1.55242e-05
-2.6056e-05
-1.47052e-05
-3.1187e-05
-1.52937e-05
-3.45368e-05
-1.69973e-05
-3.594e-05
-1.94285e-05
-3.52782e-05
-2.23191e-05
-3.26616e-05
-2.51099e-05
-2.77934e-05
-2.75853e-05
-2.15801e-05
-1.40104e-05
-2.33622e-05
-1.4367e-05
-1.7282e-05
-1.74546e-05
-1.41434e-05
-2.25346e-05
-1.2912e-05
-2.72868e-05
-1.32163e-05
-3.08824e-05
-1.4734e-05
-3.30198e-05
-1.71427e-05
-3.35331e-05
-2.00952e-05
-3.23291e-05
-2.32986e-05
-2.94628e-05
-2.63169e-05
-2.47792e-05
-2.90159e-05
-1.88926e-05
-1.18099e-05
-1.68392e-05
-2.55675e-05
-1.3298e-05
-2.09952e-05
-1.18623e-05
-2.39696e-05
-1.17909e-05
-2.73573e-05
-1.28997e-05
-2.9773e-05
-1.49752e-05
-3.09439e-05
-1.77523e-05
-3.07564e-05
-2.09361e-05
-2.91463e-05
-2.42575e-05
-2.61433e-05
-2.739e-05
-2.16503e-05
-3.0233e-05
-1.60472e-05
-9.34055e-06
-3.59313e-05
1.96294e-07
3.34806e-05
-3.8249e-05
8.00553e-06
-4.03549e-05
1.63328e-05
-4.21852e-05
2.4653e-05
-4.35657e-05
3.22367e-05
-4.42222e-05
3.81664e-05
-4.36947e-05
4.13786e-05
-4.15181e-05
4.08092e-05
-3.72914e-05
3.55316e-05
-3.04705e-05
2.53037e-05
-1.93509e-05
8.67391e-06
-1.37234e-05
-3.56437e-05
2.44515e-06
3.33992e-05
-3.76245e-05
9.98802e-06
-3.92441e-05
1.79539e-05
-4.03576e-05
2.57675e-05
-4.07692e-05
3.26494e-05
-4.02394e-05
3.76375e-05
-3.84635e-05
3.96034e-05
-3.50735e-05
3.74196e-05
-2.95139e-05
2.99727e-05
-2.07379e-05
1.65291e-05
-8.7786e-06
-3.28561e-06
-2.24984e-05
-3.43418e-05
4.31686e-06
3.24674e-05
-3.58053e-05
1.14512e-05
-3.67403e-05
1.88887e-05
-3.70155e-05
2.60427e-05
-3.64959e-05
3.21302e-05
-3.49942e-05
3.61365e-05
-3.22698e-05
3.68793e-05
-2.80228e-05
3.3173e-05
-2.18165e-05
2.37665e-05
-1.32262e-05
7.93975e-06
-4.39618e-06
-1.21122e-05
-2.68991e-05
-3.21977e-05
5.7041e-06
3.0816e-05
-3.30465e-05
1.23034e-05
-3.32587e-05
1.91035e-05
-3.2733e-05
2.55193e-05
-3.13685e-05
3.07676e-05
-2.90455e-05
3.3815e-05
-2.56295e-05
3.34647e-05
-2.09625e-05
2.85068e-05
-1.49526e-05
1.77583e-05
-8.23668e-06
1.22699e-06
-2.9454e-06
-1.74024e-05
-2.98421e-05
-2.9479e-05
6.53778e-06
2.86451e-05
-2.9687e-05
1.25125e-05
-2.91873e-05
1.86049e-05
-2.79102e-05
2.42435e-05
-2.57965e-05
2.86555e-05
-2.28174e-05
3.0838e-05
-1.89685e-05
2.9617e-05
-1.42925e-05
2.38328e-05
-9.06919e-06
1.25364e-05
-4.39505e-06
-3.44458e-06
-1.43875e-06
-2.03523e-05
-3.12756e-05
-2.64513e-05
6.81971e-06
2.6175e-05
-2.60321e-05
1.20967e-05
-2.48602e-05
1.74359e-05
-2.2897e-05
2.22828e-05
-2.01376e-05
2.58983e-05
-1.66578e-05
2.73601e-05
-1.25988e-05
2.55597e-05
-8.22076e-06
1.94561e-05
-4.04398e-06
8.3617e-06
-1.11189e-06
-6.3726e-06
8.44647e-08
-2.15447e-05
-3.11901e-05
-2.3352e-05
6.5705e-06
2.36023e-05
-2.23484e-05
1.10946e-05
-2.05597e-05
1.56489e-05
-1.79832e-05
1.9708e-05
-1.46781e-05
2.25956e-05
-1.08248e-05
2.35088e-05
-6.70827e-06
2.1446e-05
-2.773e-06
1.55229e-05
3.72183e-07
5.21955e-06
1.89591e-06
-7.8934e-06
1.70068e-06
-2.13426e-05
-2.94772e-05
-2.03686e-05
5.85307e-06
2.10902e-05
-1.88429e-05
9.57168e-06
-1.65039e-05
1.33124e-05
-1.33896e-05
1.65963e-05
-9.62475e-06
1.8833e-05
-5.48109e-06
1.93679e-05
-1.3725e-06
1.73389e-05
2.12537e-06
1.20274e-05
4.40781e-06
2.93881e-06
4.76965e-06
-8.25094e-06
3.2224e-06
-1.97905e-05
-2.62525e-05
-1.76336e-05
4.7394e-06
1.87505e-05
-1.56622e-05
7.60152e-06
-1.28458e-05
1.04987e-05
-9.26423e-06
1.30151e-05
-5.09975e-06
1.46725e-05
-6.98204e-07
1.49646e-05
3.42023e-06
1.32269e-05
6.58626e-06
8.8601e-06
8.22453e-06
1.30598e-06
7.58986e-06
-7.61481e-06
4.68843e-06
-1.68832e-05
-2.15572e-05
-1.52014e-05
3.32205e-06
1.66245e-05
-1.28709e-05
5.27524e-06
-9.65215e-06
7.28342e-06
-5.65881e-06
9.02503e-06
-1.1238e-06
1.01403e-05
3.55543e-06
1.02877e-05
7.76564e-06
9.02041e-06
1.07437e-05
5.88451e-06
1.19376e-05
1.15068e-07
1.0395e-05
-6.06796e-06
6.00296e-06
-1.24886e-05
-1.55536e-05
-1.29455e-05
1.70359e-06
1.45763e-05
-1.03555e-05
2.69491e-06
-6.81021e-06
3.74708e-06
-2.43997e-06
4.66311e-06
2.47135e-06
5.23644e-06
7.48029e-06
5.28311e-06
1.18903e-05
4.61709e-06
1.48151e-05
2.96338e-06
1.56581e-05
-7.21777e-07
1.31585e-05
-3.56452e-06
7.3611e-06
-6.69002e-06
-8.19154e-06
-1.00473e-05
1.17548e-05
-7.35064e-06
-3.6019e-06
1.06293e-06
6.30021e-06
1.15847e-05
1.62024e-05
1.91668e-05
1.84458e-05
1.48814e-05
8.19154e-06
-9.43115e-06
-1.61296e-05
-1.0247e-05
-2.01573e-05
-1.0502e-05
-2.36884e-05
-1.13736e-05
-2.64591e-05
-1.30443e-05
-2.80754e-05
-1.54545e-05
-2.85079e-05
-1.84087e-05
-2.7779e-05
-2.16643e-05
-2.5873e-05
-2.4988e-05
-2.28074e-05
-2.81309e-05
-1.85016e-05
-3.10064e-05
-1.3162e-05
-6.77527e-06
-3.35596e-05
-6.21395e-06
-9.91438e-06
-8.51884e-06
-1.78521e-05
-9.72465e-06
-2.24818e-05
-1.11996e-05
-2.49831e-05
-1.32205e-05
-2.60535e-05
-1.58012e-05
-2.59261e-05
-1.87935e-05
-2.47859e-05
-2.19953e-05
-2.26701e-05
-2.52098e-05
-1.9593e-05
-2.82408e-05
-1.54664e-05
-3.1011e-05
-1.03934e-05
-4.32305e-06
-3.34647e-05
-4.93432e-06
-4.98229e-06
-7.4836e-06
-1.53022e-05
-9.23467e-06
-2.073e-05
-1.10751e-05
-2.31421e-05
-1.32986e-05
-2.38296e-05
-1.59426e-05
-2.32817e-05
-1.88838e-05
-2.18446e-05
-2.19477e-05
-1.96063e-05
-2.49668e-05
-1.65734e-05
-2.77857e-05
-1.26507e-05
-3.03226e-05
-7.85463e-06
-2.12849e-06
-3.25154e-05
-4.16332e-06
-8.15495e-07
-6.78727e-06
-1.26774e-05
-8.8177e-06
-1.86984e-05
-1.08701e-05
-2.10886e-05
-1.32003e-05
-2.1498e-05
-1.58387e-05
-2.0642e-05
-1.86709e-05
-1.90107e-05
-2.15403e-05
-1.67352e-05
-2.43032e-05
-1.38089e-05
-2.68282e-05
-1.0121e-05
-2.9033e-05
-5.65001e-06
-3.19661e-07
-3.0842e-05
-3.58006e-06
2.77154e-06
-6.15478e-06
-1.01005e-05
-8.33303e-06
-1.65185e-05
-1.05112e-05
-1.89095e-05
-1.28941e-05
-1.91145e-05
-1.54897e-05
-1.80455e-05
-1.81829e-05
-1.63168e-05
-2.08282e-05
-1.40892e-05
-2.32995e-05
-1.13365e-05
-2.54841e-05
-7.93779e-06
-2.72945e-05
-3.83698e-06
1.03733e-06
-2.86494e-05
-2.98502e-06
5.76031e-06
-5.42766e-06
-7.65659e-06
-7.69002e-06
-1.42549e-05
-9.95587e-06
-1.66423e-05
-1.23712e-05
-1.66979e-05
-1.49134e-05
-1.55014e-05
-1.74627e-05
-1.37657e-05
-1.98802e-05
-1.16693e-05
-2.20537e-05
-9.16079e-06
-2.38821e-05
-6.10473e-06
-2.5278e-05
-2.44051e-06
1.91704e-06
-2.61574e-05
-2.25944e-06
8.03328e-06
-4.50009e-06
-5.41355e-06
-6.82449e-06
-1.1928e-05
-9.17664e-06
-1.42891e-05
-1.16311e-05
-1.42417e-05
-1.41313e-05
-1.30007e-05
-1.65531e-05
-1.13422e-05
-1.87626e-05
-9.45884e-06
-2.06579e-05
-7.26355e-06
-2.21483e-05
-4.61448e-06
-2.31439e-05
-1.44245e-06
2.34063e-06
-2.35656e-05
-1.32034e-06
9.3541e-06
-3.29706e-06
-3.43504e-06
-5.68491e-06
-9.53892e-06
-8.14993e-06
-1.18223e-05
-1.06725e-05
-1.17183e-05
-1.31586e-05
-1.05122e-05
-1.54864e-05
-9.01246e-06
-1.7527e-05
-7.41522e-06
-1.91878e-05
-5.59995e-06
-2.03837e-05
-3.41432e-06
-2.10243e-05
-8.0047e-07
2.35382e-06
-2.10365e-05
-1.01324e-07
9.47444e-06
-1.76339e-06
-1.77539e-06
-4.22009e-06
-7.07647e-06
-6.84703e-06
-9.19781e-06
-9.48339e-06
-9.07468e-06
-1.1996e-05
-8.00383e-06
-1.42731e-05
-6.72978e-06
-1.6199e-05
-5.49024e-06
-1.76863e-05
-4.10877e-06
-1.86553e-05
-2.44457e-06
-1.90085e-05
-4.44769e-07
2.02995e-06
-1.8683e-05
1.39386e-06
8.08167e-06
1.44873e-07
-5.2648e-07
-2.3648e-06
-4.56408e-06
-5.2124e-06
-6.34761e-06
-8.02843e-06
-6.25444e-06
-1.06088e-05
-5.42191e-06
-1.28815e-05
-4.45235e-06
-1.47521e-05
-3.61595e-06
-1.61412e-05
-2.71428e-06
-1.69673e-05
-1.61307e-06
-1.71188e-05
-2.90089e-07
1.45943e-06
-1.6546e-05
3.14462e-06
4.93824e-06
2.46641e-06
1.51471e-07
3.58981e-08
-2.12772e-06
-3.08952e-06
-3.21572e-06
-6.17953e-06
-3.15141e-06
-8.86129e-06
-2.73427e-06
-1.11458e-05
-2.1569e-06
-1.29992e-05
-1.75333e-06
-1.436e-05
-1.34154e-06
-1.51452e-05
-8.17772e-07
-1.52025e-05
-2.25129e-07
7.51441e-07
-1.44896e-05
4.93797e-06
5.09087e-06
2.96432e-06
-2.48482e-07
-3.39861e-06
-6.13034e-06
-8.28538e-06
-1.00363e-05
-1.13757e-05
-1.2192e-05
-1.2416e-05
-1.16638e-05
-3.60031e-05
1.80729e-07
-3.83178e-05
7.99188e-06
-4.04206e-05
1.63256e-05
-4.2249e-05
2.46459e-05
-4.36259e-05
3.22314e-05
-4.42752e-05
3.81585e-05
-4.37369e-05
4.13651e-05
-4.15491e-05
4.07886e-05
-3.73113e-05
3.55081e-05
-3.04816e-05
2.52793e-05
-1.93553e-05
8.65333e-06
-1.37317e-05
-3.57046e-05
2.41944e-06
-3.76821e-05
9.96963e-06
-3.92986e-05
1.794e-05
-4.04072e-05
2.5757e-05
-4.08127e-05
3.26384e-05
-4.02751e-05
3.76217e-05
-3.84894e-05
3.95798e-05
-3.50896e-05
3.73888e-05
-2.95215e-05
2.99397e-05
-2.07406e-05
1.64986e-05
-8.78096e-06
-3.30739e-06
-2.25106e-05
-3.43853e-05
4.29146e-06
-3.58463e-05
1.14325e-05
-3.67771e-05
1.88755e-05
-3.7048e-05
2.60289e-05
-3.65228e-05
3.21142e-05
-3.50141e-05
3.61137e-05
-3.22817e-05
3.68476e-05
-2.80272e-05
3.31344e-05
-2.18154e-05
2.37273e-05
-1.32237e-05
7.90629e-06
-4.39511e-06
-1.21347e-05
-2.69117e-05
-3.22218e-05
5.67119e-06
-3.3069e-05
1.22807e-05
-3.32786e-05
1.9085e-05
-3.27492e-05
2.55026e-05
-3.138e-05
3.07473e-05
-2.90518e-05
3.3787e-05
-2.56303e-05
3.34272e-05
-2.09586e-05
2.84633e-05
-1.4946e-05
1.77155e-05
-8.23073e-06
1.19203e-06
-2.94159e-06
-1.74254e-05
-2.98522e-05
-2.94826e-05
6.50674e-06
-2.9691e-05
1.24914e-05
-2.919e-05
1.85879e-05
-2.7911e-05
2.42254e-05
-2.57944e-05
2.86329e-05
-2.28124e-05
3.08069e-05
-1.89606e-05
2.95768e-05
-1.42829e-05
2.37872e-05
-9.05946e-06
1.24926e-05
-4.38737e-06
-3.47894e-06
-1.43437e-06
-2.03747e-05
-3.12845e-05
-2.64357e-05
6.78537e-06
-2.60185e-05
1.20752e-05
-2.48473e-05
1.74176e-05
-2.28837e-05
2.22648e-05
-2.01234e-05
2.5875e-05
-1.66432e-05
2.73286e-05
-1.25842e-05
2.55194e-05
-8.20712e-06
1.94115e-05
-4.03232e-06
8.31908e-06
-1.10368e-06
-6.40555e-06
8.84319e-08
-2.15653e-05
-3.11964e-05
-2.33187e-05
6.54016e-06
-2.23188e-05
1.10771e-05
-2.05322e-05
1.5634e-05
-1.79572e-05
1.96915e-05
-1.46533e-05
2.25739e-05
-1.0802e-05
2.34791e-05
-6.68802e-06
2.14083e-05
-2.75636e-06
1.54813e-05
3.84997e-07
5.18025e-06
1.90416e-06
-7.9225e-06
1.70395e-06
-2.13602e-05
-2.9483e-05
-2.03202e-05
5.82478e-06
-1.87993e-05
9.55751e-06
-1.64641e-05
1.32999e-05
-1.33528e-05
1.6583e-05
-9.59087e-06
1.88141e-05
-5.45139e-06
1.93422e-05
-1.3477e-06
1.73056e-05
2.14433e-06
1.19915e-05
4.4214e-06
2.90409e-06
4.7776e-06
-8.27595e-06
3.22481e-06
-1.98044e-05
-2.6257e-05
-1.75731e-05
4.71625e-06
-1.56074e-05
7.5934e-06
-1.27958e-05
1.04906e-05
-9.2186e-06
1.30052e-05
-5.0584e-06
1.46586e-05
-6.63054e-07
1.49436e-05
3.44871e-06
1.32011e-05
6.60665e-06
8.8302e-06
8.23841e-06
1.27841e-06
7.59753e-06
-7.63317e-06
4.69004e-06
-1.68936e-05
-2.15601e-05
-1.51319e-05
3.30411e-06
-1.28078e-05
5.27149e-06
-9.59478e-06
7.27781e-06
-5.60668e-06
9.01879e-06
-1.07711e-06
1.01313e-05
3.59467e-06
1.02729e-05
7.79633e-06
9.00223e-06
1.07649e-05
5.86288e-06
1.19513e-05
9.55956e-08
1.04018e-05
-6.07974e-06
6.00396e-06
-1.24949e-05
-1.55548e-05
-1.28707e-05
1.68945e-06
-1.02873e-05
2.69173e-06
-6.7483e-06
3.74067e-06
-2.38385e-06
4.65802e-06
2.52145e-06
5.23141e-06
7.52193e-06
5.27414e-06
1.19221e-05
4.60707e-06
1.48363e-05
2.95063e-06
1.56705e-05
-7.32174e-07
1.31638e-05
-3.5695e-06
7.36166e-06
-6.69286e-06
-8.19148e-06
-9.97355e-06
-7.28145e-06
-3.54012e-06
1.1192e-06
6.35086e-06
1.16261e-05
1.62334e-05
1.91851e-05
1.84536e-05
1.48841e-05
8.19148e-06
-9.42408e-06
-1.61635e-05
-1.02344e-05
-2.01861e-05
-1.04843e-05
-2.37146e-05
-1.13515e-05
-2.64798e-05
-1.30186e-05
-2.80901e-05
-1.54259e-05
-2.8515e-05
-1.83782e-05
-2.77773e-05
-2.16333e-05
-2.58611e-05
-2.49581e-05
-2.27879e-05
-2.8102e-05
-1.84754e-05
-3.09816e-05
-1.31415e-05
-6.75434e-06
-3.35359e-05
-6.20749e-06
-9.95292e-06
-8.5084e-06
-1.78849e-05
-9.71074e-06
-2.25115e-05
-1.11825e-05
-2.50073e-05
-1.32006e-05
-2.60711e-05
-1.57789e-05
-2.59361e-05
-1.87693e-05
-2.47864e-05
-2.19702e-05
-2.26602e-05
-2.51843e-05
-1.95736e-05
-2.82166e-05
-1.5444e-05
-3.09859e-05
-1.03673e-05
-4.30591e-06
-3.34401e-05
-4.93095e-06
-5.0247e-06
-7.47736e-06
-1.53379e-05
-9.22619e-06
-2.07622e-05
-1.10645e-05
-2.31686e-05
-1.32861e-05
-2.38494e-05
-1.59282e-05
-2.3294e-05
-1.88677e-05
-2.18472e-05
-2.19304e-05
-1.95982e-05
-2.49489e-05
-1.65561e-05
-2.77659e-05
-1.2627e-05
-3.03022e-05
-7.8356e-06
-2.11124e-06
-3.24918e-05
-4.16267e-06
-8.56704e-07
-6.78561e-06
-1.27142e-05
-8.81511e-06
-1.87319e-05
-1.08665e-05
-2.11164e-05
-1.31957e-05
-2.15195e-05
-1.5833e-05
-2.06558e-05
-1.86639e-05
-1.90155e-05
-2.1532e-05
-1.6729e-05
-2.42932e-05
-1.37937e-05
-2.68168e-05
-1.01023e-05
-2.90179e-05
-5.62904e-06
-3.07538e-07
-3.08239e-05
-3.58201e-06
2.7314e-06
-6.15751e-06
-1.01367e-05
-8.33618e-06
-1.6552e-05
-1.05144e-05
-1.89376e-05
-1.28973e-05
-1.91365e-05
-1.54926e-05
-1.80603e-05
-1.81851e-05
-1.63229e-05
-2.08293e-05
-1.40849e-05
-2.32988e-05
-1.13242e-05
-2.54803e-05
-7.92005e-06
-2.7288e-05
-3.82368e-06
1.04774e-06
-2.86381e-05
-2.98901e-06
5.72525e-06
-5.43412e-06
-7.69038e-06
-7.69832e-06
-1.4287e-05
-9.96547e-06
-1.66698e-05
-1.23817e-05
-1.67197e-05
-1.49245e-05
-1.55166e-05
-1.74736e-05
-1.37728e-05
-1.98903e-05
-1.16668e-05
-2.20617e-05
-9.15087e-06
-2.38877e-05
-6.09205e-06
-2.52794e-05
-2.42678e-06
1.92282e-06
-2.6155e-05
-2.26495e-06
8.00365e-06
-4.50934e-06
-5.4435e-06
-6.83705e-06
-1.19573e-05
-9.19159e-06
-1.43147e-05
-1.16479e-05
-1.4262e-05
-1.41496e-05
-1.30152e-05
-1.65717e-05
-1.13495e-05
-1.87807e-05
-9.45777e-06
-2.06743e-05
-7.2562e-06
-2.21617e-05
-4.60329e-06
-2.31542e-05
-1.43503e-06
2.34502e-06
-2.35715e-05
-1.32641e-06
9.33407e-06
-3.30789e-06
-3.45982e-06
-5.70043e-06
-9.56395e-06
-8.16888e-06
-1.18452e-05
-1.06943e-05
-1.17365e-05
-1.31826e-05
-1.05253e-05
-1.55114e-05
-9.01973e-06
-1.75519e-05
-7.41502e-06
-1.92109e-05
-5.5949e-06
-2.04047e-05
-3.40686e-06
-2.10418e-05
-7.94151e-07
2.35497e-06
-2.10506e-05
-1.07298e-07
9.46024e-06
-1.77423e-06
-1.79387e-06
-4.23702e-06
-7.09679e-06
-6.86827e-06
-9.21614e-06
-9.50843e-06
-9.08931e-06
-1.20241e-05
-8.01474e-06
-1.43027e-05
-6.73531e-06
-1.62291e-05
-5.49131e-06
-1.77147e-05
-4.10483e-06
-1.86819e-05
-2.43983e-06
-1.90323e-05
-4.41853e-07
2.03024e-06
-1.87036e-05
1.38968e-06
8.07669e-06
1.35692e-07
-5.38034e-07
-2.38098e-06
-4.57826e-06
-5.23396e-06
-6.36074e-06
-8.05476e-06
-6.26479e-06
-1.06389e-05
-5.42969e-06
-1.2914e-05
-4.45645e-06
-1.47855e-05
-3.61747e-06
-1.61734e-05
-2.71213e-06
-1.6998e-05
-1.61126e-06
-1.7147e-05
-2.88883e-07
1.45828e-06
-1.65717e-05
3.14357e-06
4.94185e-06
2.461e-06
1.48043e-07
2.29905e-08
-2.13553e-06
-3.10909e-06
-3.22287e-06
-6.20496e-06
-3.15728e-06
-8.89138e-06
-2.73935e-06
-1.1179e-05
-2.15987e-06
-1.30341e-05
-1.75593e-06
-1.4394e-05
-1.34152e-06
-1.51783e-05
-8.18597e-07
-1.52335e-05
-2.24947e-07
7.5194e-07
-1.45186e-05
4.94265e-06
5.09184e-06
2.95734e-06
-2.62889e-07
-3.41938e-06
-6.1566e-06
-8.31521e-06
-1.00689e-05
-1.14088e-05
-1.22257e-05
-1.24488e-05
-1.16949e-05
-3.59801e-05
1.93962e-07
-3.82928e-05
8.00062e-06
-4.03922e-05
1.63288e-05
-4.22143e-05
2.46439e-05
-4.35848e-05
3.22211e-05
-4.42285e-05
3.81411e-05
-4.36883e-05
4.13456e-05
-4.15054e-05
4.07725e-05
-3.72784e-05
3.55037e-05
-3.04628e-05
2.52882e-05
-1.93516e-05
8.67343e-06
-1.37122e-05
-3.5678e-05
2.43282e-06
-3.7653e-05
9.97691e-06
-3.9265e-05
1.79419e-05
-4.03686e-05
2.57485e-05
-4.07696e-05
3.26227e-05
-4.02303e-05
3.7602e-05
-3.84474e-05
3.95625e-05
-3.50556e-05
3.73803e-05
-2.95001e-05
2.9948e-05
-2.07336e-05
1.65228e-05
-8.78249e-06
-3.27395e-06
-2.24905e-05
-3.4359e-05
4.29932e-06
-3.58163e-05
1.14339e-05
-3.67437e-05
1.88692e-05
-3.70112e-05
2.60162e-05
-3.64843e-05
3.20959e-05
-3.49763e-05
3.60938e-05
-3.22488e-05
3.68346e-05
-2.80032e-05
3.31339e-05
-2.18035e-05
2.37475e-05
-1.32228e-05
7.94226e-06
-4.3992e-06
-1.20966e-05
-2.68846e-05
-3.21996e-05
5.67801e-06
-3.30433e-05
1.22802e-05
-3.32497e-05
1.90781e-05
-3.27186e-05
2.54869e-05
-3.13493e-05
3.0728e-05
-2.90233e-05
3.37685e-05
-2.56077e-05
3.34191e-05
-2.09441e-05
2.84702e-05
-1.49413e-05
1.77451e-05
-8.23187e-06
1.23463e-06
-2.94231e-06
-1.73804e-05
-2.98252e-05
-2.94674e-05
6.50818e-06
-2.96723e-05
1.24862e-05
-2.91692e-05
1.85759e-05
-2.78892e-05
2.42082e-05
-2.57738e-05
2.86138e-05
-2.27947e-05
3.07905e-05
-1.89487e-05
2.95737e-05
-1.42773e-05
2.3799e-05
-9.06018e-06
1.25281e-05
-4.38965e-06
-3.43488e-06
-1.43585e-06
-2.03336e-05
-3.12454e-05
-2.64292e-05
6.78569e-06
-2.60089e-05
1.20687e-05
-2.48359e-05
1.74056e-05
-2.28723e-05
2.22467e-05
-2.01142e-05
2.58573e-05
-1.6637e-05
2.73143e-05
-1.25831e-05
2.55205e-05
-8.20961e-06
1.94256e-05
-4.03792e-06
8.35711e-06
-1.10826e-06
-6.36282e-06
8.85357e-08
-2.15226e-05
-3.11561e-05
-2.33213e-05
6.53679e-06
-2.23187e-05
1.10679e-05
-2.05314e-05
1.56197e-05
-1.79568e-05
1.9674e-05
-1.46559e-05
2.25575e-05
-1.08072e-05
2.34679e-05
-6.69762e-06
2.14113e-05
-2.76645e-06
1.54964e-05
3.74521e-07
5.21703e-06
1.89727e-06
-7.88382e-06
1.70348e-06
-2.13216e-05
-2.944e-05
-2.03313e-05
5.82086e-06
-1.88086e-05
9.54784e-06
-1.64732e-05
1.32868e-05
-1.33632e-05
1.6566e-05
-9.6047e-06
1.88013e-05
-5.46746e-06
1.93316e-05
-1.36704e-06
1.73128e-05
2.12696e-06
1.20025e-05
4.40607e-06
2.93907e-06
4.76815e-06
-8.24275e-06
3.22479e-06
-1.97792e-05
-2.6208e-05
-1.75916e-05
4.71007e-06
-1.56246e-05
7.58404e-06
-1.28139e-05
1.04769e-05
-9.23789e-06
1.2993e-05
-5.08281e-06
1.46439e-05
-6.87395e-07
1.49421e-05
3.41962e-06
1.32002e-05
6.58381e-06
8.84603e-06
8.21833e-06
1.30415e-06
7.58433e-06
-7.60898e-06
4.69339e-06
-1.68595e-05
-2.15343e-05
-1.51559e-05
3.29885e-06
-1.28312e-05
5.26402e-06
-9.61917e-06
7.26836e-06
-5.63362e-06
9.00949e-06
-1.10856e-06
1.01201e-05
3.56216e-06
1.02731e-05
7.76125e-06
9.00089e-06
1.07362e-05
5.87522e-06
1.19275e-05
1.15257e-07
1.03881e-05
-6.06003e-06
6.00548e-06
-1.24741e-05
-1.55389e-05
-1.28984e-05
1.68883e-06
-1.03148e-05
2.69093e-06
-6.77689e-06
3.73877e-06
-2.41571e-06
4.65474e-06
2.48418e-06
5.22286e-06
7.48397e-06
5.27703e-06
1.18818e-05
4.60296e-06
1.48033e-05
2.95999e-06
1.56446e-05
-7.20171e-07
1.31495e-05
-3.55901e-06
7.36117e-06
-6.68149e-06
-8.18916e-06
-1.00039e-05
-7.31127e-06
-3.57113e-06
1.08411e-06
6.30791e-06
1.15848e-05
1.61889e-05
1.91498e-05
1.84306e-05
1.48725e-05
8.18916e-06
-9.42709e-06
-1.61127e-05
-1.02417e-05
-2.01551e-05
-1.04963e-05
-2.36948e-05
-1.13671e-05
-2.64711e-05
-1.30368e-05
-2.80911e-05
-1.54461e-05
-2.85248e-05
-1.83998e-05
-2.77949e-05
-2.16554e-05
-2.5886e-05
-2.49795e-05
-2.28164e-05
-2.81235e-05
-1.85051e-05
-3.10005e-05
-1.31588e-05
-6.76411e-06
-3.35552e-05
-6.20944e-06
-9.90276e-06
-8.51419e-06
-1.78503e-05
-9.72e-06
-2.24885e-05
-1.11945e-05
-2.49959e-05
-1.32147e-05
-2.60701e-05
-1.57947e-05
-2.59438e-05
-1.87866e-05
-2.48022e-05
-2.19883e-05
-2.26834e-05
-2.5203e-05
-1.96018e-05
-2.82348e-05
-1.54693e-05
-3.10059e-05
-1.03894e-05
-4.31136e-06
-3.34604e-05
-4.9309e-06
-4.97391e-06
-7.48027e-06
-1.53006e-05
-9.23162e-06
-2.07368e-05
-1.10719e-05
-2.31553e-05
-1.3295e-05
-2.38467e-05
-1.59386e-05
-2.33e-05
-1.88795e-05
-2.18612e-05
-2.19433e-05
-1.96196e-05
-2.49627e-05
-1.6582e-05
-2.77819e-05
-1.26534e-05
-3.03192e-05
-7.85038e-06
-2.11666e-06
-3.25124e-05
-4.16088e-06
-8.1073e-07
-6.78525e-06
-1.26758e-05
-8.81628e-06
-1.87049e-05
-1.08689e-05
-2.11018e-05
-1.3199e-05
-2.15153e-05
-1.58373e-05
-2.06604e-05
-1.86695e-05
-1.90274e-05
-2.1539e-05
-1.67484e-05
-2.43021e-05
-1.38174e-05
-2.68273e-05
-1.01235e-05
-2.90321e-05
-5.64576e-06
-3.08104e-07
-3.0841e-05
-3.578e-06
2.77231e-06
-6.15364e-06
-1.00989e-05
-8.33303e-06
-1.65248e-05
-1.05117e-05
-1.89225e-05
-1.2895e-05
-1.91318e-05
-1.54909e-05
-1.80638e-05
-1.81844e-05
-1.63332e-05
-2.08301e-05
-1.41021e-05
-2.33016e-05
-1.13447e-05
-2.54863e-05
-7.94028e-06
-2.72966e-05
-3.83292e-06
1.04833e-06
-2.86508e-05
-2.98266e-06
5.75852e-06
-5.42679e-06
-7.65394e-06
-7.69096e-06
-1.42598e-05
-9.95793e-06
-1.66545e-05
-1.2374e-05
-1.67145e-05
-1.4917e-05
-1.5519e-05
-1.7467e-05
-1.37813e-05
-1.98851e-05
-1.16815e-05
-2.2059e-05
-9.16856e-06
-2.38874e-05
-6.10706e-06
-2.52829e-05
-2.43685e-06
1.92715e-06
-2.61614e-05
-2.25563e-06
8.02035e-06
-4.49866e-06
-5.40967e-06
-6.82585e-06
-1.19311e-05
-9.17967e-06
-1.43e-05
-1.16354e-05
-1.42571e-05
-1.41369e-05
-1.30171e-05
-1.65598e-05
-1.13567e-05
-1.87703e-05
-9.47002e-06
-2.06662e-05
-7.27066e-06
-2.21566e-05
-4.61673e-06
-2.31516e-05
-1.43925e-06
2.34962e-06
-2.3572e-05
-1.31294e-06
9.33635e-06
-3.2941e-06
-3.42729e-06
-5.686e-06
-9.53837e-06
-8.15329e-06
-1.18311e-05
-1.06777e-05
-1.17319e-05
-1.31656e-05
-1.05269e-05
-1.5495e-05
-9.02519e-06
-1.7537e-05
-7.42492e-06
-1.91986e-05
-5.60627e-06
-2.03946e-05
-3.41626e-06
-2.10343e-05
-7.97887e-07
2.36142e-06
-2.10449e-05
-8.55336e-08
9.42932e-06
-1.75754e-06
-1.75544e-06
-4.2203e-06
-7.07128e-06
-6.84993e-06
-9.20321e-06
-9.48881e-06
-9.08594e-06
-1.20038e-05
-8.01592e-06
-1.42831e-05
-6.74007e-06
-1.62109e-05
-5.49817e-06
-1.7699e-05
-4.11376e-06
-1.86682e-05
-2.44644e-06
-1.90205e-05
-4.42924e-07
2.03593e-06
-1.86931e-05
1.42864e-06
8.00417e-06
1.52576e-07
-4.76992e-07
-2.36367e-06
-4.55198e-06
-5.21412e-06
-6.34933e-06
-8.03331e-06
-6.26218e-06
-1.06168e-05
-5.43049e-06
-1.28923e-05
-4.45954e-06
-1.47652e-05
-3.62138e-06
-1.61554e-05
-2.71779e-06
-1.69817e-05
-1.61462e-06
-1.71322e-05
-2.89118e-07
1.46363e-06
-1.65572e-05
3.1723e-06
4.83667e-06
2.47351e-06
2.26817e-07
3.74874e-08
-2.10861e-06
-3.08961e-06
-3.21364e-06
-6.18344e-06
-3.15405e-06
-8.86914e-06
-2.73802e-06
-1.1157e-05
-2.16005e-06
-1.3013e-05
-1.75564e-06
-1.43751e-05
-1.34299e-06
-1.51607e-05
-8.1877e-07
-1.52169e-05
-2.24781e-07
7.54002e-07
-1.45016e-05
4.83765e-06
5.06618e-06
2.95917e-06
-2.51281e-07
-3.40382e-06
-6.13914e-06
-8.29722e-06
-1.00502e-05
-1.13911e-05
-1.22083e-05
-1.24319e-05
-1.16769e-05
-3.59995e-05
1.99961e-07
-3.83143e-05
8.01854e-06
-4.0416e-05
1.63571e-05
-4.2242e-05
2.46767e-05
-4.36157e-05
3.22558e-05
-4.42609e-05
3.81715e-05
-4.37175e-05
4.13622e-05
-4.15246e-05
4.0767e-05
-3.7282e-05
3.54716e-05
-3.04496e-05
2.52367e-05
-1.93286e-05
8.62192e-06
-1.37311e-05
-3.57006e-05
2.43881e-06
-3.7678e-05
9.99591e-06
-3.92934e-05
1.79702e-05
-4.03998e-05
2.57857e-05
-4.08025e-05
3.266e-05
-4.02613e-05
3.76312e-05
-3.84714e-05
3.95728e-05
-3.50678e-05
3.73635e-05
-2.94969e-05
2.99007e-05
-2.07181e-05
1.64585e-05
-8.77012e-06
-3.32639e-06
-2.24977e-05
-3.43822e-05
4.31059e-06
-3.58425e-05
1.14581e-05
-3.67721e-05
1.89045e-05
-3.70411e-05
2.60557e-05
-3.65134e-05
3.21333e-05
-3.50015e-05
3.61202e-05
-3.22659e-05
3.68376e-05
-2.80091e-05
3.31069e-05
-2.17973e-05
2.36886e-05
-1.32116e-05
7.87281e-06
-4.39289e-06
-1.21429e-05
-2.68959e-05
-3.22202e-05
5.68967e-06
-3.30664e-05
1.23052e-05
-3.32744e-05
1.91123e-05
-3.27429e-05
2.55273e-05
-3.13714e-05
3.0764e-05
-2.90406e-05
3.3791e-05
-2.5617e-05
3.34153e-05
-2.09446e-05
2.84353e-05
-1.49345e-05
1.76795e-05
-8.22656e-06
1.16648e-06
-2.94348e-06
-1.74266e-05
-2.98372e-05
-2.9483e-05
6.52418e-06
-2.96898e-05
1.25143e-05
-2.91867e-05
1.86132e-05
-2.79053e-05
2.42478e-05
-2.57864e-05
2.86472e-05
-2.28024e-05
3.08092e-05
-1.89498e-05
2.95642e-05
-1.4273e-05
2.37604e-05
-9.05361e-06
1.24609e-05
-4.38759e-06
-3.49787e-06
-1.43671e-06
-2.03729e-05
-3.12713e-05
-2.64382e-05
6.80134e-06
-2.60187e-05
1.2096e-05
-2.48449e-05
1.74403e-05
-2.28786e-05
2.22845e-05
-2.0116e-05
2.58871e-05
-1.66344e-05
2.73295e-05
-1.25755e-05
2.55072e-05
-8.20075e-06
1.9387e-05
-4.03061e-06
8.29241e-06
-1.1062e-06
-6.41973e-06
8.58489e-08
-2.15625e-05
-3.11846e-05
-2.33231e-05
6.55432e-06
-2.23204e-05
1.10954e-05
-2.05308e-05
1.56536e-05
-1.79526e-05
1.97082e-05
-1.46465e-05
2.25837e-05
-1.07942e-05
2.34792e-05
-6.68123e-06
2.13971e-05
-2.75259e-06
1.54602e-05
3.84235e-07
5.15829e-06
1.90072e-06
-7.9334e-06
1.70152e-06
-2.13577e-05
-2.94731e-05
-2.03263e-05
5.83675e-06
-1.88022e-05
9.57274e-06
-1.64634e-05
1.33162e-05
-1.33487e-05
1.65963e-05
-9.58454e-06
1.88219e-05
-5.44428e-06
1.93416e-05
-1.34221e-06
1.72964e-05
2.14649e-06
1.19739e-05
4.41946e-06
2.8867e-06
4.77385e-06
-8.28443e-06
3.22237e-06
-1.98022e-05
-2.62485e-05
-1.75804e-05
4.72569e-06
-1.56112e-05
7.60523e-06
-1.27956e-05
1.05029e-05
-9.2147e-06
1.30154e-05
-5.05238e-06
1.46639e-05
-6.56249e-07
1.49431e-05
3.4534e-06
1.31933e-05
6.60815e-06
8.81691e-06
8.23597e-06
1.26462e-06
7.59372e-06
-7.63918e-06
4.68746e-06
-1.6892e-05
-2.15534e-05
-1.514e-05
3.31072e-06
-1.2812e-05
5.27954e-06
-9.59467e-06
7.28625e-06
-5.60267e-06
9.02564e-06
-1.07088e-06
1.01346e-05
3.60147e-06
1.02723e-05
7.8009e-06
8.99687e-06
1.07662e-05
5.85348e-06
1.19488e-05
8.60044e-08
1.03978e-05
-6.08326e-06
6.00117e-06
-1.24933e-05
-1.55499e-05
-1.28793e-05
1.69315e-06
-1.02917e-05
2.69601e-06
-6.7479e-06
3.74545e-06
-2.37934e-06
4.66221e-06
2.52814e-06
5.23319e-06
7.52899e-06
5.27417e-06
1.19268e-05
4.60455e-06
1.48376e-05
2.94563e-06
1.56677e-05
-7.36782e-07
1.31593e-05
-3.56994e-06
7.35845e-06
-6.69103e-06
-8.1884e-06
-9.98292e-06
-7.28634e-06
-3.5399e-06
1.12374e-06
6.35741e-06
1.16327e-05
1.62377e-05
1.91845e-05
1.84487e-05
1.4879e-05
8.1884e-06
-9.41403e-06
-1.61582e-05
-1.02249e-05
-2.01846e-05
-1.04759e-05
-2.37181e-05
-1.13434e-05
-2.64892e-05
-1.30091e-05
-2.8107e-05
-1.54128e-05
-2.85403e-05
-1.83588e-05
-2.78113e-05
-2.16051e-05
-2.59017e-05
-2.49198e-05
-2.28311e-05
-2.80537e-05
-1.85179e-05
-3.09261e-05
-1.31827e-05
-6.78372e-06
-6.20305e-06
-9.95124e-06
-8.5031e-06
-1.78839e-05
-9.70563e-06
-2.25147e-05
-1.11771e-05
-2.50169e-05
-1.31937e-05
-2.60894e-05
-1.57686e-05
-2.59647e-05
-1.87534e-05
-2.48259e-05
-2.19468e-05
-2.27081e-05
-2.51524e-05
-1.96253e-05
-2.81771e-05
-1.54942e-05
-3.09423e-05
-1.04125e-05
-4.33011e-06
-4.92859e-06
-5.02409e-06
-7.47431e-06
-1.53375e-05
-9.22308e-06
-2.07652e-05
-1.10611e-05
-2.31784e-05
-1.32814e-05
-2.38688e-05
-1.59208e-05
-2.33251e-05
-1.8856e-05
-2.18908e-05
-2.19132e-05
-1.96516e-05
-2.49256e-05
-1.66135e-05
-2.77379e-05
-1.26818e-05
-3.02728e-05
-7.88172e-06
-2.1313e-06
-4.16108e-06
-8.56795e-07
-6.78364e-06
-1.27138e-05
-8.81318e-06
-1.87347e-05
-1.08645e-05
-2.11261e-05
-1.3193e-05
-2.15395e-05
-1.58285e-05
-2.06885e-05
-1.86568e-05
-1.90617e-05
-2.15217e-05
-1.67854e-05
-2.42797e-05
-1.38543e-05
-2.68015e-05
-1.01588e-05
-2.90039e-05
-5.67351e-06
-3.20155e-07
-3.5806e-06
2.7312e-06
-6.1559e-06
-1.01363e-05
-8.33482e-06
-1.65543e-05
-1.05134e-05
-1.89468e-05
-1.28962e-05
-1.91564e-05
-1.5491e-05
-1.80935e-05
-1.81826e-05
-1.63697e-05
-2.08262e-05
-1.41419e-05
-2.32953e-05
-1.13848e-05
-2.54778e-05
-7.97535e-06
-2.72886e-05
-3.86482e-06
1.04087e-06
-2.98747e-06
5.72442e-06
-5.43247e-06
-7.68989e-06
-7.69714e-06
-1.42887e-05
-9.96504e-06
-1.66781e-05
-1.23819e-05
-1.67389e-05
-1.49254e-05
-1.55489e-05
-1.74756e-05
-1.38185e-05
-1.98941e-05
-1.17218e-05
-2.20678e-05
-9.20912e-06
-2.38973e-05
-6.14378e-06
-2.52935e-05
-2.46293e-06
1.9223e-06
-2.26314e-06
8.00236e-06
-4.50743e-06
-5.44285e-06
-6.83573e-06
-1.19582e-05
-9.1914e-06
-1.43217e-05
-1.16491e-05
-1.42797e-05
-1.41527e-05
-1.30455e-05
-1.65778e-05
-1.13919e-05
-1.87911e-05
-9.50853e-06
-2.06894e-05
-7.30931e-06
-2.21822e-05
-4.64949e-06
-2.318e-05
-1.46597e-06
2.34853e-06
-1.3244e-06
9.33193e-06
-3.30565e-06
-3.45906e-06
-5.69879e-06
-9.56395e-06
-8.16862e-06
-1.18506e-05
-1.06961e-05
-1.17519e-05
-1.31875e-05
-1.05523e-05
-1.55212e-05
-9.0572e-06
-1.75682e-05
-7.4591e-06
-1.92341e-05
-5.64094e-06
-2.04349e-05
-3.44585e-06
-2.10778e-05
-8.19425e-07
2.36194e-06
-1.05187e-07
9.45766e-06
-1.77181e-06
-1.79321e-06
-4.23496e-06
-7.09593e-06
-6.86777e-06
-9.21997e-06
-9.51047e-06
-9.1016e-06
-1.20306e-05
-8.03769e-06
-1.43157e-05
-6.76516e-06
-1.62509e-05
-5.52741e-06
-1.77451e-05
-4.1409e-06
-1.87208e-05
-2.47112e-06
-1.90772e-05
-4.61547e-07
2.03814e-06
1.39136e-06
8.0742e-06
1.38009e-07
-5.37314e-07
-2.37857e-06
-4.57687e-06
-5.233e-06
-6.3626e-06
-8.05691e-06
-6.27346e-06
-1.06466e-05
-5.44676e-06
-1.29299e-05
-4.4774e-06
-1.48121e-05
-3.64289e-06
-1.62102e-05
-2.73701e-06
-1.70447e-05
-1.63342e-06
-1.71998e-05
-3.03611e-07
1.46692e-06
3.14446e-06
4.94111e-06
2.46282e-06
1.49449e-07
2.5747e-08
-2.13365e-06
-3.10734e-06
-3.22239e-06
-6.20676e-06
-3.16079e-06
-8.89991e-06
-2.74877e-06
-1.1197e-05
-2.17016e-06
-1.30641e-05
-1.76877e-06
-1.44358e-05
-1.35338e-06
-1.52315e-05
-8.30664e-07
-1.52933e-05
-2.34478e-07
7.58632e-07
4.9423e-06
5.09323e-06
2.96088e-06
-2.58516e-07
-3.41831e-06
-6.16464e-06
-8.33349e-06
-1.00997e-05
-1.14517e-05
-1.2281e-05
-1.25134e-05
)
;

boundaryField
{
    rotor
    {
        type            calculated;
        value           uniform 0;
    }
    stator
    {
        type            calculated;
        value           uniform 0;
    }
    front
    {
        type            empty;
        value           nonuniform 0();
    }
    back
    {
        type            empty;
        value           nonuniform 0();
    }
}


// ************************************************************************* //
