/*--------------------------------*- C++ -*----------------------------------*\
  =========                 |
  \\      /  F ield         | OpenFOAM: The Open Source CFD Toolbox
   \\    /   O peration     | Website:  https://openfoam.org
    \\  /    A nd           | Version:  6
     \\/     M anipulation  |
\*---------------------------------------------------------------------------*/
FoamFile
{
    version     2.0;
    format      ascii;
    class       volVectorField;
    location    "150";
    object      U;
}
// * * * * * * * * * * * * * * * * * * * * * * * * * * * * * * * * * * * * * //

dimensions      [0 1 -1 0 0 0 0];

internalField   nonuniform List<vector> 
3072
(
(-0.0279505 2.18168 0)
(-0.00325338 1.89346 0)
(0.0847471 1.64203 1.19733e-19)
(0.208662 1.57744 1.9182e-18)
(0.435904 1.7861 -1.96105e-18)
(1.39135 1.77317 7.67555e-19)
(2.9262 2.04017 9.80145e-20)
(3.46627 2.90875 1.21367e-18)
(3.81748 3.29128 -2.51379e-18)
(4.27216 3.68216 1.75379e-18)
(4.68485 3.76499 -2.98449e-19)
(5.07284 3.82963 1.94036e-19)
(-0.659428 2.8151 -1.68136e-19)
(-0.351011 2.32387 -1.36767e-19)
(0.176696 2.45194 2.90035e-19)
(1.1431 2.59887 0)
(2.33672 3.10085 3.01736e-19)
(3.21736 3.46437 -4.44253e-19)
(3.58389 3.58651 0)
(3.63738 3.77693 0)
(3.72065 3.87927 0)
(3.87212 3.99381 7.14169e-19)
(3.99904 4.05393 -6.13235e-19)
(4.15774 4.06475 7.68563e-19)
(-0.512861 3.16442 1.18258e-19)
(0.239256 2.8125 0)
(1.24758 3.07682 0)
(2.33828 3.35423 -1.51312e-18)
(3.17073 3.55927 6.05296e-19)
(3.58778 3.55311 -1.50969e-18)
(3.77475 3.50573 1.4292e-18)
(3.85673 3.5063 0)
(3.92132 3.49246 0)
(3.98981 3.47725 -6.59475e-19)
(4.06037 3.44592 -3.79149e-19)
(4.14947 3.40009 1.67814e-18)
(-0.209643 3.4071 -1.33977e-18)
(0.689688 3.29653 -2.131e-18)
(1.74088 3.50145 9.30589e-19)
(2.70787 3.5848 -1.02953e-18)
(3.28173 3.52886 2.92197e-18)
(3.56055 3.46396 -2.43634e-18)
(3.67732 3.37328 -1.42334e-18)
(3.69467 3.30261 -4.40572e-18)
(3.70432 3.25397 -1.41971e-20)
(3.72806 3.21791 2.11644e-18)
(3.76617 3.18421 2.20305e-18)
(3.82123 3.14683 -1.71167e-18)
(0.131513 3.54985 0)
(1.01696 3.54737 8.23181e-19)
(1.98718 3.62835 -1.54497e-18)
(2.79932 3.54902 2.50045e-18)
(3.24584 3.43889 2.83196e-19)
(3.42383 3.28901 1.62652e-18)
(3.46529 3.16618 1.66249e-18)
(3.47052 3.07435 1.42624e-18)
(3.48086 3.00285 -2.76623e-18)
(3.50092 2.94649 2.42356e-18)
(3.53157 2.90065 -3.10166e-18)
(3.57277 2.85924 4.21659e-18)
(0.38979 3.66795 -2.75159e-18)
(1.21442 3.7149 1.1138e-18)
(2.06368 3.69007 3.79518e-18)
(2.75424 3.50798 0)
(3.1048 3.31033 -4.62956e-18)
(3.21526 3.11635 5.00961e-18)
(3.24312 2.96651 0)
(3.24967 2.85098 -3.6445e-18)
(3.25914 2.76262 3.12468e-18)
(3.27551 2.69551 0)
(3.29942 2.64485 2.12827e-19)
(3.33 2.60518 2.70013e-18)
(0.563794 3.80313 0)
(1.29918 3.87608 -2.83803e-18)
(2.02874 3.74769 2.18715e-18)
(2.61831 3.48837 0)
(2.88422 3.21159 -3.12121e-18)
(2.97854 2.97199 6.02602e-19)
(3.00996 2.78566 4.88323e-18)
(3.02386 2.64435 4.08116e-18)
(3.03749 2.53891 -3.53685e-18)
(3.0546 2.46177 3.31293e-18)
(3.07583 2.40692 -2.81629e-18)
(3.10049 2.36871 -7.65569e-18)
(0.663903 3.99972 0)
(1.29603 4.0901 2.82075e-18)
(1.90686 3.86776 -4.04576e-18)
(2.37967 3.53136 4.45822e-18)
(2.62065 3.17 0)
(2.72397 2.86823 -6.22944e-18)
(2.77155 2.63546 5.45535e-18)
(2.79971 2.46227 -4.19654e-20)
(2.82239 2.33621 -7.9958e-18)
(2.84396 2.2473 -3.50114e-18)
(2.86555 2.18759 -1.61206e-19)
(2.88714 2.15032 5.9652e-18)
(0.727144 4.19864 0)
(1.26309 4.37971 -3.91273e-18)
(1.71564 4.07297 -6.20054e-18)
(2.09271 3.65093 -4.66913e-18)
(2.32262 3.20765 8.9296e-18)
(2.45349 2.82769 0)
(2.5306 2.53335 0)
(2.5811 2.31648 0)
(2.61869 2.16208 0)
(2.64842 2.05721 3.87283e-18)
(2.67272 1.99044 -3.66468e-18)
(2.69302 1.95265 3.42894e-18)
(0.834105 4.60414 0)
(1.13283 4.71436 2.93698e-18)
(1.43258 4.27077 -6.44882e-19)
(1.74376 3.77022 5.08559e-18)
(1.98479 3.27211 4.84543e-18)
(2.15802 2.83011 -7.6412e-18)
(2.28047 2.47682 0)
(2.36555 2.21221 -2.10997e-19)
(2.42605 2.02403 -1.56647e-17)
(2.46927 1.89772 0)
(2.49992 1.82 8.70559e-18)
(2.5209 1.77943 -3.89708e-18)
(1.20075 4.61216 0)
(0.92525 4.62393 3.14307e-18)
(1.02196 4.11866 9.72788e-18)
(1.31495 3.61069 -8.43151e-18)
(1.59508 3.16023 -1.14346e-17)
(1.82724 2.74222 1.72439e-17)
(2.00893 2.39066 -1.80988e-19)
(2.14302 2.11131 -6.30071e-18)
(2.2383 1.90429 5.08168e-18)
(2.30294 1.76285 -1.04928e-17)
(2.34528 1.67563 -1.40958e-17)
(2.37061 1.63179 1.37475e-17)
(0.190682 3.64081 -1.28817e-18)
(0.33038 3.54507 -1.09003e-17)
(0.541088 3.21061 1.87673e-18)
(0.86856 2.904 0)
(1.19407 2.64543 0)
(1.48353 2.38502 1.58621e-19)
(1.72214 2.13964 1.64995e-17)
(1.90877 1.92392 1.03429e-17)
(2.04769 1.74886 0)
(2.14381 1.62154 9.63435e-18)
(2.20592 1.54088 0)
(2.24074 1.50222 4.87872e-19)
(5.3703 3.71366 3.55953e-18)
(5.60988 3.57232 -1.80605e-18)
(5.73965 3.33128 9.67151e-19)
(5.79662 3.07857 -1.72401e-19)
(5.75566 2.7696 7.60384e-20)
(5.61848 2.46737 0)
(5.36544 2.15042 0)
(5.0022 1.86033 5.59419e-19)
(4.51781 1.5846 -6.5611e-19)
(3.8547 1.30488 0)
(3.14048 0.938353 0)
(2.7869 0.186345 1.6113e-20)
(4.3151 4.0126 -2.02826e-20)
(4.47483 3.91119 0)
(4.62275 3.75454 -9.08591e-19)
(4.74577 3.55524 -3.32987e-19)
(4.81007 3.33673 -8.36862e-20)
(4.81059 3.11146 1.43272e-18)
(4.73599 2.89325 -2.46447e-18)
(4.58419 2.70261 4.33039e-19)
(4.35381 2.56159 0)
(3.91783 2.45858 0)
(3.4716 2.36637 0)
(3.38877 2.11382 5.46485e-19)
(4.24461 3.33322 6.09326e-19)
(4.3357 3.24945 -1.75321e-18)
(4.40928 3.15276 4.29885e-19)
(4.4533 3.04984 1.26707e-18)
(4.45988 2.94675 -1.33132e-18)
(4.42407 2.85462 0)
(4.34081 2.78416 0)
(4.21027 2.75067 -9.97411e-20)
(4.03912 2.77185 7.81369e-19)
(3.76611 2.85145 0)
(3.41728 2.92139 0)
(3.46061 2.91435 -3.14133e-19)
(3.8841 3.10024 2.61428e-19)
(3.94579 3.04474 2.12095e-18)
(3.99711 2.98293 1.54003e-18)
(4.02989 2.92128 -1.55639e-18)
(4.039 2.86708 0)
(4.02218 2.8291 1.0053e-18)
(3.97657 2.8177 0)
(3.90191 2.84389 1.85552e-18)
(3.80642 2.92301 -6.40406e-19)
(3.6743 3.07321 0)
(3.39649 3.2899 -2.81429e-19)
(3.6608 3.59962 2.80476e-19)
(3.61874 2.8189 -1.6337e-18)
(3.66319 2.77953 0)
(3.70089 2.7433 0)
(3.72674 2.71627 0)
(3.73862 2.70289 0)
(3.73826 2.70693 -1.8683e-18)
(3.72274 2.74117 -9.57497e-20)
(3.69303 2.81376 -9.48514e-19)
(3.65328 2.93827 0)
(3.61288 3.13132 -7.77914e-19)
(3.3994 3.42322 2.91929e-19)
(3.79782 3.87786 -7.13342e-20)
(3.3638 2.57336 -1.8202e-19)
(3.39709 2.54863 -4.26243e-18)
(3.42705 2.53283 1.92597e-18)
(3.45153 2.52901 -1.26446e-20)
(3.47324 2.54076 1.48338e-19)
(3.49082 2.57368 2.93623e-18)
(3.50472 2.63537 -9.94899e-20)
(3.51748 2.73405 -3.42827e-18)
(3.53334 2.88326 -1.4156e-18)
(3.55785 3.10823 6.41447e-19)
(3.45396 3.44988 -9.54749e-19)
(3.96405 4.04348 -2.07345e-19)
(3.12685 2.34342 7.20007e-18)
(3.15333 2.32935 2.31207e-18)
(3.17953 2.32714 0)
(3.20664 2.33851 0)
(3.23642 2.36619 1.45678e-19)
(3.27006 2.41499 -2.22867e-18)
(3.30978 2.49104 3.56498e-18)
(3.36 2.60078 -9.25657e-20)
(3.42595 2.75477 1.23577e-18)
(3.51918 2.97394 0)
(3.55246 3.31904 -1.79719e-19)
(4.05072 3.97777 -7.39963e-20)
(2.90837 2.13023 -2.81937e-18)
(2.92991 2.12402 -2.52301e-18)
(2.95332 2.13099 2.7151e-18)
(2.98132 2.15144 -2.51965e-18)
(3.01662 2.18737 1.07883e-20)
(3.0619 2.24295 5.11141e-18)
(3.12102 2.32295 -2.36123e-18)
(3.20075 2.43175 1.38566e-18)
(3.30966 2.57765 0)
(3.4649 2.77952 8.67226e-19)
(3.59225 3.10134 3.51314e-19)
(4.14779 3.7953 -5.84888e-19)
(2.71017 1.93618 3.19169e-18)
(2.72697 1.93528 -3.0672e-18)
(2.74642 1.94781 -2.80986e-18)
(2.77231 1.97258 -5.88026e-18)
(2.80809 2.01079 5.67514e-18)
(2.8573 2.06575 -5.48274e-18)
(2.92505 2.1408 0)
(3.02156 2.23749 -1.35479e-18)
(3.16007 2.36068 0)
(3.36461 2.52399 0)
(3.59938 2.78752 0)
(4.13512 3.42303 2.71616e-19)
(2.5343 1.76497 3.69463e-18)
(2.54557 1.76725 -7.25893e-18)
(2.55894 1.78278 7.00905e-18)
(2.5785 1.80865 6.71553e-18)
(2.60773 1.8451 3.24379e-18)
(2.65033 1.89455 0)
(2.71179 1.95824 0)
(2.80691 2.03327 3.33036e-18)
(2.95643 2.12065 0)
(3.1966 2.22537 -1.00309e-18)
(3.51462 2.38985 5.93181e-19)
(4.0649 2.87819 -8.6543e-19)
(2.38164 1.61888 -8.74529e-18)
(2.38647 1.62332 7.81591e-18)
(2.39127 1.64031 -7.53943e-18)
(2.39947 1.66554 -1.89904e-17)
(2.41325 1.69832 -2.26084e-19)
(2.43578 1.74017 1.17572e-19)
(2.47186 1.78946 -3.73473e-18)
(2.5424 1.83596 -3.44841e-18)
(2.67757 1.87609 0)
(2.92382 1.90192 3.12775e-18)
(3.30228 1.90014 8.19022e-19)
(3.83291 1.93752 -1.20459e-18)
(2.25151 1.49694 -4.50588e-19)
(2.25026 1.50396 0)
(2.24307 1.52266 0)
(2.23302 1.54704 4.01548e-18)
(2.21969 1.57604 1.22399e-17)
(2.20509 1.61066 -3.96937e-18)
(2.19424 1.6471 -2.17541e-19)
(2.2167 1.66529 -2.03427e-18)
(2.30823 1.65695 -1.9156e-18)
(2.50309 1.59418 -1.96874e-18)
(2.90227 1.37466 0)
(3.26074 0.483781 1.52935e-18)
(2.20085 0.101384 6.09698e-22)
(1.8966 -0.0012385 0)
(1.6393 -0.0896597 -1.17393e-19)
(1.57366 -0.212903 0)
(1.78019 -0.434385 -9.23966e-19)
(1.774 -1.37601 7.66615e-19)
(2.02471 -2.91391 0)
(2.89858 -3.46338 1.06332e-18)
(3.28155 -3.81083 -2.18379e-18)
(3.67415 -4.26772 1.85645e-18)
(3.75761 -4.67909 -2.53471e-19)
(3.82343 -5.0684 -1.95741e-19)
(2.79824 0.617703 -1.04811e-19)
(2.31469 0.334793 5.88887e-20)
(2.45095 -0.183583 3.94415e-20)
(2.59181 -1.12902 0)
(3.08959 -2.32284 -3.03017e-19)
(3.4582 -3.2061 1.91917e-19)
(3.58302 -3.57871 0)
(3.77025 -3.63853 8.26982e-19)
(3.87266 -3.71876 -2.07977e-18)
(3.9875 -3.87094 1.16005e-18)
(4.04787 -3.99708 7.60481e-20)
(4.05922 -4.15589 -2.00839e-18)
(3.16547 0.51908 -1.18275e-19)
(2.81094 -0.232908 0)
(3.07021 -1.23787 -1.02376e-18)
(3.34774 -2.32897 0)
(3.55297 -3.16556 0)
(3.54888 -3.58661 -6.5792e-19)
(3.50046 -3.7752 3.14322e-18)
(3.50213 -3.85584 -2.35593e-18)
(3.48764 -3.91975 7.37895e-19)
(3.47257 -3.98868 0)
(3.44118 -4.05885 1.47035e-18)
(3.39543 -4.14786 -8.08593e-19)
(3.4066 0.210549 8.47849e-19)
(3.29466 -0.683933 1.1808e-18)
(3.4982 -1.73363 6.70137e-19)
(3.58241 -2.70193 1.54001e-18)
(3.52675 -3.27856 -1.37917e-18)
(3.46119 -3.55915 -8.85558e-19)
(3.37015 -3.67674 0)
(3.29937 -3.69408 0)
(3.25033 -3.70354 1.43399e-18)
(3.21389 -3.72717 0)
(3.17999 -3.76505 3.49735e-19)
(3.1425 -3.82001 6.58442e-19)
(3.55226 -0.125657 1.79059e-18)
(3.54695 -1.01041 -6.61136e-19)
(3.62826 -1.98036 -1.54775e-18)
(3.54944 -2.7943 0)
(3.43805 -3.24297 0)
(3.28821 -3.42273 2.11948e-18)
(3.16441 -3.46462 0)
(3.0721 -3.46977 -3.29377e-18)
(3.00013 -3.47997 -1.21461e-18)
(2.94337 -3.5 2.42909e-18)
(2.8972 -3.53063 -3.10899e-18)
(2.85555 -3.57184 2.00924e-18)
(3.67018 -0.384356 -1.51178e-18)
(3.71571 -1.20819 -9.89182e-19)
(3.6908 -2.05789 1.7132e-18)
(3.50952 -2.74939 1.74724e-19)
(3.3114 -3.1023 2.34615e-18)
(3.11671 -3.21391 -4.80968e-18)
(2.96602 -3.2422 4.43566e-18)
(2.84983 -3.24884 3.26325e-19)
(2.76093 -3.25834 0)
(2.69332 -3.2748 0)
(2.64224 -3.29882 5.15962e-18)
(2.6022 -3.32954 -2.51792e-20)
(3.80585 -0.558578 -6.6551e-20)
(3.87822 -1.29363 -1.57505e-18)
(3.75038 -2.02339 0)
(3.49097 -2.61419 -2.65396e-18)
(3.21394 -2.8817 3.33117e-18)
(2.97355 -2.977 8.8598e-18)
(2.78644 -3.00888 5.25629e-18)
(2.64441 -3.02305 5.78812e-19)
(2.53835 -3.03687 -7.26605e-18)
(2.46063 -3.05422 3.13747e-18)
(2.40526 -3.07568 3.18524e-18)
(2.36657 -3.10059 1.45181e-19)
(4.00264 -0.660645 1.96096e-19)
(4.09305 -1.29175 2.82588e-18)
(3.87183 -1.90208 0)
(3.53527 -2.37594 -4.46582e-18)
(3.17359 -2.61821 -3.54219e-18)
(2.87105 -2.72236 4.49778e-19)
(2.63752 -2.77051 -1.06027e-17)
(2.4636 -2.79905 2.51006e-19)
(2.33686 -2.82209 -2.5336e-19)
(2.24731 -2.844 3.72627e-18)
(2.18698 -2.86594 -2.86849e-18)
(2.14912 -2.88785 1.84605e-19)
(4.20083 -0.725765 -3.9262e-18)
(4.38265 -1.26018 1.63743e-18)
(4.07698 -1.71197 -9.00149e-18)
(3.65551 -2.08933 4.66156e-18)
(3.21225 -2.32012 0)
(2.83175 -2.4518 0)
(2.53671 -2.52961 6.30713e-18)
(2.31912 -2.58067 1.05752e-17)
(2.164 -2.61874 -4.58345e-18)
(2.05842 -2.64894 -3.87229e-18)
(1.99094 -2.67368 -3.51859e-18)
(1.95246 -2.69439 0)
(4.60537 -0.833883 4.02174e-20)
(4.71564 -1.1308 4.43538e-18)
(4.27343 -1.42961 1.09645e-17)
(3.77409 -1.74087 0)
(3.27664 -1.98244 8.65096e-18)
(2.83468 -2.15636 0)
(2.48104 -2.27956 1.99813e-19)
(2.21587 -2.36533 -5.61006e-18)
(2.02705 -2.42644 5.3595e-18)
(1.90004 -2.47023 0)
(1.82157 -2.50141 0)
(1.78022 -2.52289 -8.08048e-18)
(4.61234 -1.20043 -5.70417e-18)
(4.62436 -0.923908 3.14257e-18)
(4.12003 -1.02021 4.87956e-19)
(3.61322 -1.31281 -9.07474e-18)
(3.16371 -1.59311 -3.65544e-18)
(2.74624 -1.82575 -3.48049e-18)
(2.39487 -2.0081 -6.40891e-18)
(2.11537 -2.1429 -1.76084e-17)
(1.90796 -2.23891 -5.08308e-18)
(1.76596 -2.30424 -1.04948e-17)
(1.67806 -2.34721 9.83834e-18)
(1.63345 -2.37314 8.69222e-18)
(3.64106 -0.190302 2.44793e-18)
(3.5451 -0.329371 -1.30513e-18)
(3.21114 -0.539747 1.94351e-19)
(2.9054 -0.866897 6.51561e-18)
(2.64777 -1.19244 0)
(2.38808 -1.48228 -5.84252e-18)
(2.1432 -1.72147 5.39818e-18)
(1.9277 -1.90878 4.91316e-18)
(1.7526 -2.04845 -1.54549e-17)
(1.62499 -2.14535 9.63709e-18)
(1.54383 -2.20815 -9.3406e-18)
(1.50454 -2.24366 0)
(3.70817 -5.3655 -1.85747e-18)
(3.56775 -5.60606 4.73473e-18)
(3.32734 -5.73594 -1.90024e-18)
(3.07552 -5.79343 -2.14348e-18)
(2.76711 -5.75281 1.77798e-18)
(2.46556 -5.61615 -2.25371e-19)
(2.14905 -5.36354 -1.01627e-20)
(1.8594 -5.00079 1.00162e-19)
(1.58394 -4.51678 -6.561e-19)
(1.30443 -3.85397 0)
(0.938003 -3.14017 0)
(0.185961 -2.78662 1.60707e-20)
(4.00748 -4.31294 6.72156e-20)
(3.90667 -4.47263 6.98907e-19)
(3.75066 -4.62037 -9.08663e-19)
(3.55178 -4.74369 0)
(3.33373 -4.80822 5.31972e-19)
(3.10891 -4.80902 0)
(2.89115 -4.73472 6.51366e-19)
(2.70093 -4.58324 1.58372e-18)
(2.5603 -4.35314 -1.36613e-18)
(2.45763 -3.91736 0)
(2.36562 -3.47143 0)
(2.11322 -3.38874 3.41915e-20)
(3.32868 -4.24284 2.90937e-19)
(3.24512 -4.33393 -2.87995e-19)
(3.14868 -4.40756 4.32232e-19)
(3.04612 -4.45173 0)
(2.9434 -4.45847 -5.90306e-19)
(2.85168 -4.42286 1.82216e-18)
(2.78162 -4.33984 -2.64653e-18)
(2.74856 -4.20952 -3.43277e-18)
(2.77017 -4.0386 2.22625e-18)
(2.85019 -3.76586 0)
(2.92038 -3.41719 3.46704e-19)
(2.91372 -3.46061 1.14958e-19)
(3.09591 -3.88282 6.07667e-19)
(3.04049 -3.94453 -1.47764e-18)
(2.97882 -3.99594 1.54363e-18)
(2.91738 -4.02886 -1.55961e-18)
(2.86348 -4.03811 0)
(2.82585 -4.02145 1.00639e-18)
(2.81481 -3.97601 8.13534e-19)
(2.8414 -3.90151 5.52854e-19)
(2.92094 -3.80617 -1.27459e-18)
(3.07163 -3.67418 0)
(3.28875 -3.39652 -2.07533e-19)
(3.59891 -3.66089 3.10757e-19)
(2.81505 -3.61787 1.86505e-18)
(2.77561 -3.66244 -1.01542e-18)
(2.73938 -3.70029 0)
(2.71246 -3.72628 0)
(2.69924 -3.73829 8.9466e-19)
(2.70356 -3.73808 -8.4683e-19)
(2.73814 -3.72266 -1.73489e-19)
(2.81112 -3.69305 0)
(2.93606 -3.65335 -6.01316e-19)
(3.12954 -3.61289 7.7805e-19)
(3.42211 -3.39944 -6.23611e-19)
(3.87724 -3.79798 -1.10046e-19)
(2.57009 -3.36349 -4.31447e-18)
(2.54516 -3.39695 2.05824e-18)
(2.52921 -3.42708 4.01852e-18)
(2.52538 -3.45172 -1.28e-20)
(2.53721 -3.47354 -5.02335e-18)
(2.57033 -3.49121 -2.17486e-18)
(2.63231 -3.50516 -1.65059e-19)
(2.73135 -3.51793 0)
(2.88098 -3.53374 0)
(3.10647 -3.55807 -6.41552e-19)
(3.4488 -3.45433 -5.63401e-19)
(4.04283 -3.96408 8.44126e-20)
(2.34088 -3.12719 2.44613e-18)
(2.32646 -3.15387 -4.84688e-18)
(2.32398 -3.18027 -2.11131e-18)
(2.33521 -3.20751 -1.47276e-19)
(2.36287 -3.23737 2.04282e-18)
(2.41179 -3.27103 2.05468e-18)
(2.48806 -3.31072 1.20631e-18)
(2.59813 -3.36083 1.19042e-18)
(2.75254 -3.42664 -1.35166e-18)
(2.9722 -3.51963 0)
(3.31807 -3.55271 7.33199e-19)
(3.97736 -4.05089 -2.27374e-19)
(2.1285 -2.9094 0)
(2.12183 -2.93118 2.52324e-18)
(2.12841 -2.95478 0)
(2.14858 -2.9829 -1.37042e-19)
(2.1844 -3.01823 1.09573e-20)
(2.24 -3.06345 5.1072e-18)
(2.32016 -3.12243 -5.01522e-18)
(2.42926 -3.20196 0)
(2.57555 -3.31057 -1.5244e-18)
(2.77794 -3.46551 8.66405e-19)
(3.10044 -3.59266 -1.45408e-18)
(3.79519 -4.14785 6.97583e-19)
(1.93535 -2.7119 3.19079e-18)
(1.93389 -2.72897 -3.0658e-18)
(1.94589 -2.7486 -3.07169e-18)
(1.97027 -2.77458 3.00188e-18)
(2.00826 -2.81033 2.83154e-18)
(2.06316 -2.85939 -8.40868e-18)
(2.13831 -2.92689 2.66744e-18)
(2.23524 -3.02307 0)
(2.3588 -3.16122 1.43023e-18)
(2.52262 -3.36535 0)
(2.78674 -3.59978 1.91749e-18)
(3.42307 -4.13533 -1.37972e-18)
(1.76506 -2.53672 0)
(1.7667 -2.54825 -7.25262e-18)
(1.78159 -2.5618 -3.75833e-18)
(1.80695 -2.58142 -6.45688e-18)
(1.84306 -2.61054 3.23828e-18)
(1.89239 -2.65289 3.0608e-18)
(1.95611 -2.71399 0)
(2.03137 -2.80867 0)
(2.11909 -2.95768 0)
(2.22417 -3.19738 0)
(2.38924 -3.5151 -5.87326e-19)
(2.87842 -4.0651 -8.21869e-20)
(1.61982 -2.38466 4.22741e-18)
(1.62358 -2.38974 3.75471e-18)
(1.63983 -2.3947 1.55781e-17)
(1.66447 -2.40294 4.04431e-18)
(1.69684 -2.41654 1.50634e-17)
(1.73849 -2.43869 -3.64455e-18)
(1.78776 -2.4743 -3.72576e-18)
(1.83444 -2.54427 0)
(1.87485 -2.67886 -3.71274e-18)
(1.90102 -2.92463 -2.06148e-18)
(1.89965 -3.30273 -1.59894e-18)
(1.93794 -3.83299 -7.75575e-26)
(1.49844 -2.25501 0)
(1.50493 -2.25393 0)
(1.52286 -2.24693 -1.74306e-17)
(1.54657 -2.23687 -1.25357e-17)
(1.57511 -2.22329 -3.89922e-18)
(1.60948 -2.2082 0)
(1.64581 -2.19678 3.92255e-18)
(1.66418 -2.21854 0)
(1.65606 -2.30951 -1.78583e-19)
(1.59354 -2.50395 1.96435e-18)
(1.37434 -2.90264 5.22712e-19)
(0.4842 -3.26074 3.01007e-18)
(0.100254 -2.20059 6.19936e-20)
(-0.00224671 -1.89685 2.65036e-19)
(-0.0905481 -1.63943 -3.09277e-19)
(-0.213472 -1.57411 2.96205e-19)
(-0.436364 -1.78136 0)
(-1.38105 -1.77312 1.0068e-19)
(-2.91904 -2.03064 0)
(-3.46511 -2.90264 2.17412e-19)
(-3.81438 -3.28603 2.1085e-18)
(-4.27057 -3.67815 -9.64921e-19)
(-4.68273 -3.76178 -2.70301e-18)
(-5.0716 -3.82723 1.79421e-18)
(0.616733 -2.79827 3.25972e-19)
(0.333741 -2.31491 -1.51723e-19)
(-0.18549 -2.45098 1.76709e-19)
(-1.13234 -2.5928 -1.41438e-19)
(-2.32758 -3.09196 -3.05302e-19)
(-3.21039 -3.45917 -8.92e-20)
(-3.58093 -3.58393 -9.34915e-19)
(-3.63962 -3.77235 -1.62635e-18)
(-3.72091 -3.87506 2.59622e-18)
(-3.87278 -3.99014 -5.36016e-19)
(-3.99932 -4.05073 8.07391e-19)
(-4.15814 -4.06204 6.55685e-19)
(0.51825 -3.16519 -2.37547e-19)
(-0.234583 -2.81051 0)
(-1.24034 -3.06986 0)
(-2.33286 -3.348 -6.28254e-19)
(-3.16896 -3.55355 0)
(-3.58921 -3.54922 -8.35077e-19)
(-3.77745 -3.50117 6.76076e-19)
(-3.85797 -3.50325 1.63967e-18)
(-3.92203 -3.48927 -1.07158e-18)
(-3.99068 -3.47442 -1.21539e-18)
(-4.06099 -3.4433 -1.84774e-18)
(-4.14998 -3.39779 1.68196e-18)
(0.210198 -3.40631 -1.69864e-18)
(-0.685655 -3.29411 -1.1789e-18)
(-1.73643 -3.49763 1.24581e-18)
(-2.70587 -3.58186 5.09859e-19)
(-3.28191 -3.52625 0)
(-3.56203 -3.46101 -2.78314e-18)
(-3.67928 -3.37027 2.37201e-18)
(-3.69636 -3.29979 0)
(-3.70572 -3.25118 2.04226e-18)
(-3.72927 -3.21519 -2.97417e-18)
(-3.76713 -3.18162 1.85468e-18)
(-3.82201 -3.14443 2.67368e-19)
(-0.125703 -3.55209 2.60478e-18)
(-1.01182 -3.54635 2.00205e-18)
(-1.98317 -3.62743 4.61817e-19)
(-2.79802 -3.54834 0)
(-3.24634 -3.43719 -1.68894e-18)
(-3.4256 -3.28745 3.46105e-18)
(-3.4672 -3.16404 0)
(-3.47217 -3.07208 -1.8272e-18)
(-3.48223 -3.00048 -1.55627e-18)
(-3.50209 -2.94409 2.42364e-18)
(-3.53256 -2.89829 0)
(-3.57361 -2.85698 -1.74055e-18)
(-0.384221 -3.67008 1.26704e-18)
(-1.20935 -3.7151 4.21593e-19)
(-2.06035 -3.68994 -1.70559e-18)
(-2.75295 -3.50816 -4.89362e-18)
(-3.10553 -3.31 -1.1917e-19)
(-3.21675 -3.11547 5.00892e-18)
(-3.24473 -2.96511 0)
(-3.25115 -2.84924 5.60922e-18)
(-3.26044 -2.76068 -3.11061e-18)
(-3.27667 -2.69344 2.75813e-18)
(-3.30045 -2.64274 2.12619e-19)
(-3.33092 -2.60307 2.5358e-20)
(-0.55825 -3.80583 -1.47516e-18)
(-1.29451 -3.87746 -1.0816e-18)
(-2.02561 -3.74926 0)
(-2.61736 -3.48935 5.64827e-18)
(-2.88474 -3.21207 -9.45077e-18)
(-2.97968 -2.97178 -2.0223e-19)
(-3.01125 -2.7849 -1.01291e-17)
(-3.02514 -2.64317 2.9288e-19)
(-3.0387 -2.53744 -3.53395e-18)
(-3.05575 -2.46008 -3.30981e-18)
(-3.0769 -2.40509 3.17859e-18)
(-3.1015 -2.36681 -2.62517e-18)
(-0.659929 -4.00269 -1.14742e-19)
(-1.29226 -4.09231 -1.49052e-18)
(-1.90391 -3.8706 0)
(-2.37863 -3.53338 4.46068e-18)
(-2.6209 -3.17129 3.32872e-18)
(-2.72478 -2.86871 2.91952e-18)
(-2.77261 -2.63534 -3.24213e-19)
(-2.80084 -2.46169 4.16241e-20)
(-2.82355 -2.33526 -4.14413e-18)
(-2.84512 -2.24607 -3.28143e-19)
(-2.86669 -2.18614 2.01029e-19)
(-2.88824 -2.1487 0)
(-0.724903 -4.20116 2.43946e-18)
(-1.26034 -4.38219 0)
(-1.71323 -4.07602 0)
(-2.09141 -3.65365 -4.66157e-18)
(-2.32238 -3.20972 4.00268e-18)
(-2.45391 -2.82896 -7.49557e-18)
(-2.53143 -2.53396 0)
(-2.58214 -2.31658 5.16073e-18)
(-2.61984 -2.16175 -2.4184e-19)
(-2.64964 -2.05652 3.8657e-18)
(-2.67396 -1.98945 -3.82195e-18)
(-2.69426 -1.95141 7.07687e-18)
(-0.833184 -4.60593 5.00026e-18)
(-1.13085 -4.71563 -1.50499e-18)
(-1.43039 -4.27301 -5.8046e-18)
(-1.74232 -3.77274 -9.79926e-18)
(-1.98423 -3.27444 0)
(-2.15817 -2.83192 7.0765e-18)
(-2.28114 -2.47806 -1.31328e-17)
(-2.36654 -2.21295 5.55983e-18)
(-2.42723 -2.02432 5.35277e-18)
(-2.47055 -1.89761 0)
(-2.50127 -1.81951 -4.63074e-18)
(-2.52228 -1.77862 -7.51166e-18)
(-1.20012 -4.61285 -5.76438e-18)
(-0.923626 -4.62442 1.41376e-18)
(-1.02045 -4.11994 4.61282e-18)
(-1.31379 -3.61264 4.01631e-18)
(-1.59454 -3.16238 1.93335e-20)
(-1.82733 -2.74422 -1.04361e-17)
(-2.00954 -2.39233 1.24373e-17)
(-2.14399 -2.11257 2.32351e-17)
(-2.23951 -1.90514 -1.60104e-17)
(-2.30431 -1.76328 -1.04831e-17)
(-2.34677 -1.67564 9.28858e-18)
(-2.37217 -1.63144 0)
(-0.189994 -3.64105 3.82859e-18)
(-0.329273 -3.54527 1.6058e-18)
(-0.540091 -3.21147 1.68297e-18)
(-0.867833 -2.90568 6.78465e-18)
(-1.19379 -2.64755 0)
(-1.48378 -2.38722 5.68283e-18)
(-1.72286 -2.14169 -1.11023e-17)
(-1.90984 -1.92566 -5.10073e-18)
(-2.04901 -1.75023 -5.12103e-18)
(-2.14531 -1.62248 9.62807e-18)
(-2.20755 -1.54139 4.99565e-18)
(-2.24247 -1.50233 1.42372e-17)
(-5.36908 -3.71188 6.18403e-19)
(-5.60929 -3.57104 1.45929e-19)
(-5.73925 -3.33038 1.5119e-18)
(-5.79648 -3.07805 -4.21125e-18)
(-5.75572 -2.76933 1.70486e-18)
(-5.61871 -2.46731 0)
(-5.36579 -2.15048 -1.05617e-19)
(-5.00259 -1.86047 3.15522e-20)
(-4.51821 -1.58477 0)
(-3.85501 -1.30505 4.86499e-20)
(-3.14072 -0.93851 0)
(-2.78703 -0.186639 -2.62907e-19)
(-4.3153 -4.01035 -1.43834e-18)
(-4.47502 -3.90943 1.61537e-18)
(-4.62283 -3.75328 7.58877e-19)
(-4.74599 -3.55429 -2.44754e-19)
(-4.81038 -3.33607 0)
(-4.81098 -3.11107 0)
(-4.73644 -2.8931 9.31896e-19)
(-4.58468 -2.70266 -1.02657e-18)
(-4.35428 -2.5618 0)
(-3.91828 -2.45896 5.00562e-19)
(-3.47187 -2.36684 -7.65587e-20)
(-3.38884 -2.11444 -8.88627e-19)
(-4.24498 -3.33121 7.51655e-19)
(-4.33604 -3.24774 -1.14528e-18)
(-4.40961 -3.15134 0)
(-4.45368 -3.04873 -1.28966e-18)
(-4.46029 -2.94592 -1.49485e-18)
(-4.42451 -2.85408 3.43405e-18)
(-4.34127 -2.78389 -3.28731e-18)
(-4.21073 -2.75066 0)
(-4.03955 -2.77207 0)
(-3.76648 -2.85193 0)
(-3.41758 -2.92207 -3.81196e-19)
(-3.46065 -2.91517 8.40832e-20)
(-3.88474 -3.09807 -6.05619e-19)
(-3.94635 -3.04283 -3.06748e-19)
(-3.99764 -2.9813 0)
(-4.03039 -2.91993 -2.72589e-19)
(-4.03949 -2.86603 0)
(-4.02265 -2.82837 0)
(-3.97702 -2.81729 9.03513e-19)
(-3.90232 -2.84378 -1.19352e-18)
(-3.80678 -2.9232 1.35215e-18)
(-3.67463 -3.0737 0)
(-3.39677 -3.29078 -2.81209e-19)
(-3.66078 -3.60071 -2.80255e-19)
(-3.61947 -2.81678 3.93329e-18)
(-3.66386 -2.7776 -1.01303e-18)
(-3.70153 -2.74159 1.70596e-18)
(-3.72731 -2.71485 6.89973e-19)
(-3.73916 -2.70171 -2.51638e-18)
(-3.73874 -2.70609 0)
(-3.72316 -2.74067 -1.09087e-18)
(-3.69339 -2.8136 0)
(-3.65358 -2.93842 0)
(-3.6131 -3.13179 7.77994e-19)
(-3.3996 -3.42418 6.41048e-20)
(-3.79772 -3.87906 3.43911e-19)
(-3.36464 -2.57131 -1.93158e-18)
(-3.39788 -2.54669 -1.51631e-19)
(-3.42776 -2.53107 0)
(-3.45218 -2.52748 0)
(-3.47383 -2.53951 -3.19516e-18)
(-3.49132 -2.57276 2.02047e-18)
(-3.50512 -2.6348 2.10215e-18)
(-3.51778 -2.73385 1.1178e-18)
(-3.53355 -2.88342 -2.73258e-18)
(-3.55798 -3.10875 -6.40851e-19)
(-3.45408 -3.4508 0)
(-3.96389 -4.04482 3.30038e-19)
(-3.12779 -2.34151 -5.0459e-18)
(-3.1542 -2.32748 2.04365e-18)
(-3.18033 -2.32539 2.25532e-18)
(-3.20736 -2.33695 1.30401e-19)
(-3.23704 -2.3649 -2.92151e-19)
(-3.27055 -2.41402 -2.36234e-18)
(-3.31014 -2.49044 -3.4855e-18)
(-3.36022 -2.60057 -1.28891e-18)
(-3.42606 -2.75493 1.23367e-18)
(-3.51919 -2.97447 0)
(-3.5525 -3.31996 1.26315e-18)
(-4.05053 -3.97911 -2.91154e-19)
(-2.90943 -2.12852 5.42712e-18)
(-2.9309 -2.12229 -2.96568e-18)
(-2.95422 -2.12931 -2.70975e-18)
(-2.98212 -2.1499 -4.8919e-18)
(-3.01728 -2.18608 4.84036e-18)
(-3.06239 -2.24198 -1.44205e-19)
(-3.12131 -2.32235 7.52064e-18)
(-3.20086 -2.43154 1.216e-18)
(-3.30963 -2.57781 1.52316e-18)
(-3.46476 -2.78002 0)
(-3.59215 -3.10222 -8.88315e-19)
(-4.14758 -3.79652 -3.889e-19)
(-2.71136 -1.93477 0)
(-2.72809 -1.93377 2.90503e-18)
(-2.74744 -1.94627 2.80329e-18)
(-2.7732 -1.97114 -2.86857e-18)
(-2.80879 -2.00957 -1.1804e-19)
(-2.85777 -2.06484 -2.92937e-18)
(-2.92527 -2.14026 -2.66457e-18)
(-3.02155 -2.23732 0)
(-3.15988 -2.36085 -1.42929e-18)
(-3.36431 -2.52446 -9.31696e-19)
(-3.59911 -2.78831 3.10452e-18)
(-4.13488 -3.42412 -6.44759e-19)
(-2.53565 -1.76392 0)
(-2.54683 -1.76603 0)
(-2.5601 -1.78147 0)
(-2.57949 -1.80738 -1.01134e-17)
(-2.60848 -1.844 6.44841e-18)
(-2.65078 -1.89375 6.24516e-18)
(-2.71193 -1.95779 0)
(-2.80676 -2.03318 -3.321e-18)
(-2.95607 -2.12087 0)
(-3.19613 -2.22581 -2.03173e-18)
(-3.5142 -2.39051 -5.87005e-19)
(-4.06461 -2.879 -8.65261e-19)
(-2.38317 -1.61824 0)
(-2.38789 -1.62246 0)
(-2.39256 -1.63927 8.03646e-18)
(-2.40056 -1.66449 1.11056e-17)
(-2.41404 -1.69741 3.58583e-19)
(-2.43619 -1.73953 3.75863e-18)
(-2.4719 -1.78915 -1.82568e-18)
(-2.54213 -1.83598 5.2049e-18)
(-2.67708 -1.87638 3.71088e-18)
(-2.92323 -1.90237 1.89922e-18)
(-3.30171 -1.90065 -1.59856e-18)
(-3.83256 -1.93802 -1.40605e-18)
(-2.25318 -1.49665 0)
(-2.25182 -1.50347 0)
(-2.24448 -1.52194 -8.4413e-18)
(-2.23417 -1.54625 4.51554e-18)
(-2.22046 -1.57535 -3.89505e-18)
(-2.20542 -1.61021 -3.96096e-18)
(-2.19417 -1.64693 4.13639e-18)
(-2.21634 -1.66542 0)
(-2.3077 -1.65731 -3.78001e-18)
(-2.50254 -1.59466 -2.04282e-18)
(-2.90163 -1.37503 2.01731e-18)
(-3.26012 -0.483874 -2.99631e-18)
(-2.20074 -0.101813 5.83702e-20)
(-1.89634 0.00109659 0)
(-1.63895 0.0896214 0)
(-1.57336 0.213019 1.5203e-18)
(-1.78022 0.435024 -1.13827e-18)
(-1.77365 1.37768 0)
(-2.02634 2.91628 0)
(-2.90028 3.4648 2.17073e-19)
(-3.28337 3.81258 4.336e-19)
(-3.67598 4.2693 -5.59443e-19)
(-3.75931 4.68073 -2.95454e-18)
(-3.825 5.06987 1.19626e-18)
(-2.79817 -0.618056 -4.32194e-19)
(-2.31436 -0.334674 0)
(-2.45038 0.18417 0)
(-2.59192 1.12959 -4.39646e-19)
(-3.08995 2.32439 6.31541e-19)
(-3.45876 3.20816 -1.09137e-18)
(-3.58369 3.58037 1.07616e-18)
(-3.77153 3.63958 6.87655e-19)
(-3.87413 3.71976 -9.70673e-20)
(-3.98921 3.87175 7.1286e-19)
(-4.04964 3.99777 0)
(-4.061 4.15649 -9.91461e-20)
(-3.16552 -0.519926 2.36192e-19)
(-2.81043 0.232216 0)
(-3.06929 1.23783 0)
(-3.34719 2.33049 -4.23869e-19)
(-3.55302 3.16798 3.13058e-19)
(-3.54921 3.58885 -1.09902e-18)
(-3.50103 3.77699 0)
(-3.503 3.85736 -2.38471e-18)
(-3.48875 3.92101 2.64708e-18)
(-3.47387 3.9897 -6.61575e-19)
(-3.4426 4.05972 -1.26988e-18)
(-3.39691 4.14861 1.6856e-18)
(-3.40672 -0.211819 -8.46508e-19)
(-3.29399 0.683226 1.18097e-18)
(-3.49739 1.73427 0)
(-3.58213 2.70459 5.08636e-19)
(-3.52668 3.28139 -5.49651e-19)
(-3.46143 3.56158 8.84304e-19)
(-3.37071 3.67872 0)
(-3.3002 3.69567 -1.62297e-18)
(-3.25146 3.7048 -3.47809e-18)
(-3.21527 3.72815 2.12189e-18)
(-3.18156 3.76583 1.85863e-18)
(-3.14417 3.82064 -3.70006e-18)
(-3.55252 0.123956 1.30276e-18)
(-3.54634 1.0097 -8.25879e-19)
(-3.62767 1.98151 1.54686e-18)
(-3.54897 2.79744 0)
(-3.43787 3.24597 -3.55835e-18)
(-3.28834 3.42531 3.95315e-18)
(-3.16484 3.46673 2.14458e-18)
(-3.07285 3.47145 1.42986e-18)
(-3.00118 3.48131 0)
(-2.94468 3.50104 0)
(-2.89873 3.53143 0)
(-2.85722 3.57245 -4.71059e-19)
(-3.67047 0.382254 3.03725e-18)
(-3.71512 1.20758 0)
(-3.69028 2.05935 -1.71221e-18)
(-3.50883 2.75265 2.53589e-18)
(-3.31096 3.10548 2.36036e-18)
(-3.11653 3.21659 -4.66706e-18)
(-2.96621 3.24433 2.38467e-18)
(-2.85036 3.25053 -7.61979e-18)
(-2.76178 3.25964 1.25455e-20)
(-2.69448 3.27579 -2.13813e-19)
(-2.64365 3.29954 2.13007e-19)
(-2.60381 3.33004 6.87435e-18)
(-3.80631 0.556272 -5.2004e-18)
(-3.87766 1.29301 2.8486e-18)
(-3.74989 2.0249 -3.79967e-18)
(-3.49004 2.61754 -2.65078e-18)
(-3.21304 2.88494 -5.93763e-18)
(-2.97292 2.97964 -3.35693e-18)
(-2.78617 3.01095 -4.91497e-18)
(-2.64451 3.02465 7.89592e-18)
(-2.53883 3.03807 0)
(-2.46146 3.05508 6.21804e-18)
(-2.40641 3.07624 -8.44442e-18)
(-2.36799 3.10092 2.80074e-18)
(-4.00326 0.658435 -3.09891e-18)
(-4.09267 1.2911 -4.52749e-18)
(-3.87137 1.90356 6.19825e-18)
(-3.53411 2.37903 0)
(-3.17213 2.62128 -4.0509e-18)
(-2.86976 2.72486 6.24079e-18)
(-2.63658 2.77243 -3.15893e-19)
(-2.46309 2.80049 -4.15426e-20)
(-2.33678 2.82311 -4.02636e-18)
(-2.24766 2.84465 -7.08341e-18)
(-2.18772 2.86627 3.04627e-18)
(-2.1502 2.88794 -2.96828e-18)
(-4.20179 0.723694 2.44293e-18)
(-4.38287 1.25963 0)
(-4.07704 1.71317 0)
(-3.65452 2.09187 0)
(-3.21051 2.32282 4.01216e-18)
(-2.82984 2.4541 0)
(-2.53504 2.53137 -2.66041e-19)
(-2.31787 2.58192 1.04186e-17)
(-2.16322 2.61954 1.40926e-19)
(-2.05814 2.64934 3.87636e-18)
(-1.99114 2.67374 -3.66789e-18)
(-1.95309 2.69419 1.05282e-17)
(-4.60681 0.832756 4.04335e-20)
(-4.71664 1.1306 8.07332e-18)
(-4.27422 1.43039 -2.66758e-18)
(-3.77381 1.74264 0)
(-3.27531 1.98458 0)
(-2.83276 2.15839 0)
(-2.47901 2.28118 0)
(-2.21408 2.36643 5.69459e-18)
(-2.02566 2.42705 -2.06047e-17)
(-1.89913 2.4704 -9.51141e-18)
(-1.82117 2.50121 8.71182e-18)
(-1.78033 2.52239 4.45556e-18)
(-4.61327 1.2002 -5.76252e-18)
(-4.62528 0.92353 -4.39913e-18)
(-4.12083 1.02044 -2.71537e-18)
(-3.61351 1.31393 0)
(-3.16314 1.59476 0)
(-2.74495 1.82748 7.06715e-18)
(-2.39315 2.00959 -1.26438e-17)
(-2.11356 2.14395 2.34817e-17)
(-1.90631 2.23944 1.61836e-17)
(-1.76466 2.30427 9.96527e-18)
(-1.67719 2.34681 -9.31548e-18)
(-1.63308 2.37238 5.40723e-19)
(-3.64112 0.190302 -1.28821e-18)
(-3.54528 0.329353 0)
(-3.21166 0.540025 3.24783e-18)
(-2.90593 0.867848 -1.0127e-17)
(-2.64781 1.19387 9.38759e-18)
(-2.38753 1.48383 1.59005e-19)
(-2.14215 1.72284 5.39989e-18)
(-1.92634 1.90977 -5.10495e-18)
(-1.75115 2.04894 -2.54346e-17)
(-1.62365 2.14531 0)
(-1.54276 2.20765 0)
(-1.50384 2.24274 4.88261e-19)
(-3.70948 5.36683 -1.60694e-19)
(-3.56889 5.6072 4.56244e-19)
(-3.32824 5.73686 1.91832e-18)
(-3.07623 5.79427 -3.73432e-18)
(-2.76763 5.75342 1.33716e-18)
(-2.46594 5.61669 -2.25722e-19)
(-2.14929 5.36387 -1.05166e-19)
(-1.85957 5.00107 6.76039e-19)
(-1.58405 4.51691 -4.28518e-19)
(-1.30451 3.85408 -4.873e-20)
(-0.93807 3.14016 0)
(-0.18596 2.78668 0)
(-4.00916 4.31349 6.70071e-19)
(-3.90818 4.47317 -1.17768e-18)
(-3.75192 4.62093 -9.08678e-19)
(-3.55287 4.74415 0)
(-3.33462 4.80858 -6.14124e-19)
(-3.10961 4.80929 0)
(-2.89167 4.73489 -4.61393e-19)
(-2.70131 4.58332 1.02639e-18)
(-2.56056 4.35316 0)
(-2.45777 3.9173 1.28626e-18)
(-2.36567 3.47138 -1.49485e-18)
(-2.11319 3.38876 1.70634e-19)
(-3.33015 4.24351 6.11511e-19)
(-3.24651 4.3345 -1.75963e-18)
(-3.14997 4.40804 4.31584e-19)
(-3.04726 4.4521 0)
(-2.94438 4.45875 5.8992e-19)
(-2.85248 4.42305 1.82209e-18)
(-2.78226 4.33994 -2.54602e-18)
(-2.74905 4.20957 1.39791e-18)
(-2.77053 4.03861 -6.62617e-19)
(-2.85038 3.76582 0)
(-2.92043 3.41711 0)
(-2.91363 3.46066 -1.14923e-19)
(-3.0976 3.88333 -1.59482e-18)
(-3.04213 3.94494 1.23421e-18)
(-2.98037 3.99626 1.54334e-18)
(-2.91879 4.02909 -8.6544e-19)
(-2.86471 4.03828 -1.64621e-18)
(-2.82687 4.02157 0)
(-2.81564 3.97609 9.1602e-20)
(-2.84203 3.90155 2.39238e-18)
(-2.9214 3.8062 -1.99497e-18)
(-3.07192 3.67416 5.78886e-19)
(-3.28882 3.39646 -6.60483e-20)
(-3.5988 3.66097 -3.10661e-19)
(-2.81679 3.61832 1.86478e-18)
(-2.77734 3.66276 -1.01542e-18)
(-2.74104 3.70052 1.71186e-18)
(-2.71398 3.72645 -8.69795e-19)
(-2.7006 3.7384 0)
(-2.70471 3.73815 0)
(-2.73907 3.72272 -9.19709e-19)
(-2.81184 3.69309 -2.32514e-18)
(-2.93659 3.65338 1.30727e-18)
(-3.1299 3.61294 7.77783e-19)
(-3.42219 3.39942 -6.23148e-19)
(-3.87712 3.79809 0)
(-2.57183 3.36381 -1.82169e-19)
(-2.54693 3.39715 -4.27009e-18)
(-2.53095 3.42719 0)
(-2.52701 3.45176 1.91597e-18)
(-2.53867 3.47356 -1.98601e-18)
(-2.57158 3.49121 0)
(-2.63332 3.50517 -9.10217e-20)
(-2.73213 3.51795 -9.57772e-20)
(-2.88155 3.53378 0)
(-3.10685 3.55814 -1.41096e-18)
(-3.44893 3.45429 7.36894e-19)
(-4.04277 3.96425 -2.63111e-19)
(-2.34249 3.12732 -2.63367e-18)
(-2.32817 3.15389 7.03146e-18)
(-2.32571 3.18021 0)
(-2.33686 3.20741 -2.22002e-18)
(-2.36437 3.23727 2.21862e-18)
(-2.41308 3.27095 2.21615e-18)
(-2.48911 3.31068 -2.52624e-18)
(-2.59894 3.36084 -1.20948e-18)
(-2.75313 3.4267 0)
(-2.97259 3.51973 -1.0018e-18)
(-3.31821 3.55277 9.12974e-19)
(-3.97731 4.05104 0)
(-2.12986 2.90929 5.61437e-18)
(-2.12336 2.93096 -5.21414e-18)
(-2.13002 2.9545 5.29381e-18)
(-2.15017 2.9826 -5.05862e-18)
(-2.18587 3.01797 1.08716e-20)
(-2.24128 3.06326 2.49164e-18)
(-2.32121 3.12232 2.36193e-18)
(-2.43006 3.20195 0)
(-2.57613 3.31064 -1.52616e-18)
(-2.77832 3.46564 3.48957e-18)
(-3.10062 3.59276 -8.88935e-19)
(-3.79523 4.14803 0)
(-1.93633 2.7115 3.1939e-18)
(-1.93512 2.72846 1.14401e-19)
(-1.94729 2.74806 -2.8114e-18)
(-1.97171 2.77406 0)
(-2.00962 2.80988 0)
(-2.06436 2.85906 0)
(-2.13929 2.92671 0)
(-2.23599 3.02303 -3.01985e-18)
(-2.35934 3.1613 1.43216e-18)
(-2.52299 3.36552 2.73479e-19)
(-2.78693 3.59994 0)
(-3.42314 4.13546 0)
(-1.76558 2.53601 -3.69646e-18)
(-1.76755 2.54745 -1.06297e-17)
(-1.78268 2.56097 0)
(-1.80815 2.58064 3.54801e-18)
(-1.84425 2.60989 6.60216e-18)
(-1.89344 2.65241 0)
(-1.95697 2.71371 0)
(-2.03201 2.80859 1.34364e-18)
(-2.11954 2.95777 -5.10602e-18)
(-2.22449 3.19757 2.2817e-19)
(-2.38946 3.51533 0)
(-2.87863 4.06527 0)
(-1.61988 2.38366 -4.51552e-18)
(-1.62401 2.38865 -4.59122e-18)
(-1.64057 2.39361 8.06226e-18)
(-1.66538 2.40191 -1.11403e-17)
(-1.69778 2.41569 4.0761e-18)
(-1.73935 2.43808 7.42095e-18)
(-1.78844 2.47393 -1.90241e-18)
(-1.83493 2.54412 1.67454e-18)
(-1.87517 2.67891 3.46135e-18)
(-1.90126 2.92481 -3.96705e-18)
(-1.89988 3.30299 -1.60024e-18)
(-1.93829 3.83314 0)
(-1.4982 2.25379 -4.50763e-19)
(-1.50497 2.25266 7.15502e-18)
(-1.52324 2.24563 -8.46068e-18)
(-1.54717 2.23565 0)
(-1.57579 2.22227 -8.07237e-18)
(-1.61011 2.20746 -1.23683e-17)
(-1.64632 2.19631 -2.17515e-19)
(-1.6645 2.2183 0)
(-1.65625 2.30945 0)
(-1.59367 2.50397 1.00282e-18)
(-1.37456 2.90289 3.17537e-20)
(-0.484606 3.26096 1.52829e-18)
(-0.257606 1.79505 4.41901e-19)
(-0.0754867 1.8506 1.86493e-18)
(0.256776 1.8796 -1.88988e-20)
(0.589701 1.88804 0)
(0.919824 1.8628 4.71361e-18)
(1.22168 1.79806 -4.68624e-18)
(1.48247 1.70775 -1.39513e-17)
(1.69833 1.6091 -9.39823e-18)
(1.86943 1.5148 -1.91562e-20)
(1.99492 1.44074 -4.65645e-18)
(2.08064 1.39352 9.45926e-18)
(2.13014 1.37829 -9.02566e-18)
(-0.217259 1.34496 0)
(0.0333498 1.32564 0)
(0.295746 1.33597 -1.85557e-18)
(0.56709 1.33648 3.64375e-18)
(0.843158 1.33176 -9.48743e-18)
(1.10869 1.31873 -5.75286e-18)
(1.35136 1.29909 7.97029e-18)
(1.56341 1.27411 2.04376e-17)
(1.744 1.24903 -4.19726e-18)
(1.88417 1.23466 0)
(1.98759 1.23366 2.9842e-19)
(2.04926 1.25752 0)
(-0.238849 1.14661 -3.49129e-19)
(0.000944338 1.14028 3.65916e-19)
(0.270669 1.13359 2.94938e-18)
(0.546396 1.11586 -1.22285e-19)
(0.819437 1.09391 3.12017e-18)
(1.07739 1.07222 1.77505e-19)
(1.31054 1.05641 0)
(1.51577 1.04827 -3.63542e-18)
(1.69618 1.0515 -3.79634e-18)
(1.8387 1.07065 1.22191e-17)
(1.95119 1.10592 -1.25508e-17)
(2.01699 1.16122 9.06698e-18)
(-0.263345 1.08212 -6.36697e-19)
(-0.0176132 1.10348 1.29808e-18)
(0.255567 1.11301 -7.17928e-20)
(0.538374 1.1079 -2.73362e-18)
(0.820604 1.09154 -5.26523e-18)
(1.08971 1.06829 9.59121e-20)
(1.33601 1.04489 -5.9589e-18)
(1.5557 1.02734 3.19568e-18)
(1.75227 1.02197 -3.31667e-18)
(1.9086 1.02806 -7.13076e-18)
(2.03021 1.04361 0)
(2.05527 1.08235 8.91769e-18)
(2.14261 1.39009 9.13985e-18)
(2.13424 1.40716 9.06982e-18)
(2.11052 1.42965 0)
(2.06979 1.45384 0)
(2.01148 1.4799 4.10925e-18)
(1.93861 1.50906 -3.98567e-18)
(1.86524 1.53685 1.82848e-18)
(1.83176 1.52872 5.05732e-18)
(1.86042 1.49244 0)
(1.94713 1.36323 0)
(2.18039 1.04503 4.82021e-19)
(1.99744 0.210295 -1.26682e-18)
(2.05991 1.29845 -9.3522e-18)
(2.03539 1.32859 4.71497e-19)
(1.97874 1.35598 0)
(1.88138 1.37938 -4.16294e-18)
(1.75186 1.40243 2.77952e-20)
(1.60338 1.42684 3.80925e-18)
(1.47159 1.44911 0)
(1.3952 1.4256 -3.90483e-18)
(1.39658 1.37188 0)
(1.43555 1.23477 -3.23834e-18)
(1.6069 0.974439 -1.59782e-18)
(1.53008 0.410525 -1.22247e-26)
(1.99315 1.23658 -5.17628e-19)
(1.92044 1.27388 -8.66181e-18)
(1.78813 1.2955 0)
(1.59651 1.30874 8.26822e-18)
(1.37876 1.32631 3.74653e-18)
(1.16808 1.34733 -3.65239e-20)
(1.01664 1.36762 -8.47367e-18)
(0.948011 1.33597 1.06743e-17)
(0.956028 1.27326 -1.4167e-18)
(1.01163 1.12312 6.30203e-18)
(1.17565 0.898987 2.0551e-18)
(1.2102 0.482175 -3.45136e-19)
(1.95849 1.11515 2.15163e-17)
(1.75087 1.11612 0)
(1.45352 1.12667 0)
(1.14348 1.14495 -7.12862e-18)
(0.869893 1.1799 -6.83905e-18)
(0.671306 1.22156 6.35249e-18)
(0.582666 1.25064 1.25722e-17)
(0.587593 1.24086 -4.85549e-18)
(0.661564 1.19256 2.5056e-18)
(0.786903 1.04793 -2.64145e-18)
(0.964513 0.836519 -1.28795e-18)
(1.06888 0.508303 -3.01977e-19)
(1.79398 0.25775 -8.8397e-19)
(1.85014 0.0760651 0)
(1.87949 -0.255712 -1.8644e-20)
(1.88863 -0.588397 0)
(1.86405 -0.918528 0)
(1.80009 -1.2207 4.68779e-18)
(1.71043 -1.48198 0)
(1.61224 -1.69848 9.21991e-18)
(1.51819 -1.87034 9.18052e-18)
(1.44412 -1.99662 9.43683e-18)
(1.39663 -2.08308 -4.65781e-18)
(1.38094 -2.13334 -4.84664e-18)
(1.34451 0.2173 -4.25425e-19)
(1.32546 -0.0329335 -4.28746e-19)
(1.33598 -0.294958 -9.46807e-19)
(1.33687 -0.566156 0)
(1.33258 -0.842258 -1.89326e-18)
(1.32011 -1.10803 9.66882e-18)
(1.30102 -1.35114 0)
(1.27657 -1.56378 4.10174e-18)
(1.25188 -1.74507 -4.1994e-18)
(1.23768 -1.88601 -8.54993e-18)
(1.23665 -1.9902 -9.03372e-18)
(1.26021 -2.0526 8.87068e-18)
(1.14699 0.238774 -6.94569e-19)
(1.14071 -0.000700825 1.08872e-18)
(1.13409 -0.270117 -2.26327e-18)
(1.11653 -0.545749 1.55536e-18)
(1.09486 -0.818907 0)
(1.07347 -1.07714 -1.33304e-17)
(1.05802 -1.31068 0)
(1.05027 -1.51645 7.28414e-18)
(1.05385 -1.6975 -3.80353e-18)
(1.07327 -1.84071 8.23089e-18)
(1.10862 -1.95393 4.16098e-18)
(1.16375 -2.02035 -9.0703e-18)
(1.08333 0.263282 9.64055e-19)
(1.10456 0.0178367 1.29931e-18)
(1.11411 -0.255114 0)
(1.10911 -0.537914 0)
(1.0929 -0.820308 0)
(1.06983 -1.08974 1.14801e-17)
(1.04667 -1.33649 5.96258e-18)
(1.02933 -1.55672 -9.45915e-18)
(1.02417 -1.75389 1.01372e-17)
(1.03038 -1.91083 -7.13466e-18)
(1.04598 -2.03295 0)
(1.08441 -2.05831 8.5422e-18)
(1.39214 -2.14617 -9.75416e-18)
(1.40855 -2.1381 -9.02387e-18)
(1.4303 -2.11469 8.45855e-18)
(1.45386 -2.07379 -8.76592e-18)
(1.47945 -2.0151 0)
(1.50832 -1.94159 -8.13861e-18)
(1.53597 -1.8676 9.8275e-18)
(1.528 -1.83336 -1.69806e-18)
(1.49179 -1.86159 3.12337e-18)
(1.36283 -1.94801 -9.34134e-19)
(1.04487 -2.18085 8.80788e-19)
(0.210742 -1.99808 -6.8057e-19)
(1.30068 -2.06373 8.89723e-18)
(1.33033 -2.03927 8.97187e-18)
(1.35701 -1.98269 0)
(1.37973 -1.88523 3.97458e-18)
(1.40233 -1.75508 7.98825e-18)
(1.42644 -1.60591 3.6158e-18)
(1.44855 -1.4735 -1.44665e-17)
(1.42514 -1.39652 -3.90037e-18)
(1.37141 -1.39755 -3.24925e-18)
(1.2345 -1.43631 -8.20755e-19)
(0.97435 -1.60736 8.0199e-19)
(0.410757 -1.53062 4.12288e-19)
(1.23877 -1.99683 0)
(1.27561 -1.92402 -1.3619e-17)
(1.29656 -1.79169 4.24225e-18)
(1.30923 -1.59961 4.27017e-18)
(1.32635 -1.38118 7.53215e-18)
(1.34709 -1.16991 -3.5503e-18)
(1.3672 -1.01788 8.23951e-18)
(1.3356 -0.948866 8.88481e-18)
(1.27291 -0.956613 1.42587e-18)
(1.12293 -1.01206 -1.39487e-18)
(0.898982 -1.17589 -3.44473e-19)
(0.48233 -1.21046 -1.20192e-20)
(1.11699 -1.96144 0)
(1.1176 -1.7536 -2.98435e-19)
(1.1276 -1.45599 0)
(1.14541 -1.14545 -1.45399e-17)
(1.17996 -0.871244 3.3432e-18)
(1.22138 -0.672195 -9.51554e-18)
(1.25028 -0.583038 0)
(1.24044 -0.587734 -4.8541e-18)
(1.19213 -0.661483 2.49995e-18)
(1.04765 -0.786772 -2.59574e-18)
(0.836401 -0.964364 -9.3725e-19)
(0.508346 -1.06884 -3.17278e-19)
(0.257947 -1.79473 -8.83865e-19)
(0.0758673 -1.85108 5.44048e-21)
(-0.256315 -1.88056 0)
(-0.589419 -1.88963 -2.41704e-18)
(-0.919858 -1.86482 4.77115e-18)
(-1.22213 -1.80036 -7.07739e-18)
(-1.48333 -1.71009 -9.27076e-20)
(-1.69952 -1.61127 9.33616e-18)
(-1.87091 -1.51668 -4.67181e-18)
(-1.99658 -1.44222 0)
(-2.08245 -1.39453 -1.85431e-17)
(-2.13203 -1.37887 4.3242e-19)
(0.217398 -1.34522 8.4863e-19)
(-0.0331579 -1.32634 -5.19549e-19)
(-0.295581 -1.33699 3.57244e-18)
(-0.567134 -1.33793 -7.41345e-18)
(-0.843484 -1.33357 3.74863e-18)
(-1.10935 -1.32086 1.37347e-19)
(-1.35236 -1.30139 0)
(-1.56472 -1.27643 1.22848e-17)
(-1.74558 -1.25121 -4.19855e-18)
(-1.88595 -1.23654 0)
(-1.98952 -1.23513 8.7298e-18)
(-2.05125 -1.25855 -8.86292e-18)
(0.238796 -1.14745 -3.58797e-19)
(-0.00102117 -1.14137 -5.24495e-20)
(-0.270793 -1.1349 -3.07193e-18)
(-0.546747 -1.11743 3.15025e-18)
(-0.820072 -1.09574 -3.12178e-18)
(-1.07831 -1.07426 9.98561e-18)
(-1.31171 -1.0586 1.03728e-17)
(-1.51719 -1.05054 -3.63754e-18)
(-1.69782 -1.05372 3.86869e-18)
(-1.84049 -1.0727 0)
(-1.95314 -1.1076 -8.62562e-18)
(-2.01885 -1.16255 0)
(0.263174 -1.08357 -1.27369e-18)
(0.0174056 -1.10504 -2.62891e-18)
(-0.255895 -1.11475 2.63867e-18)
(-0.538952 -1.1098 -1.33602e-18)
(-0.821445 -1.09356 2.64288e-18)
(-1.09081 -1.07039 -1.00741e-17)
(-1.33732 -1.04703 -6.07413e-18)
(-1.55718 -1.02946 6.31936e-18)
(-1.75386 -1.02399 -1.00281e-17)
(-1.91022 -1.0299 0)
(-2.03174 -1.04513 7.36525e-18)
(-2.05654 -1.08343 -1.74518e-17)
(-2.14428 -1.3903 1.44514e-17)
(-2.13586 -1.407 -4.38912e-18)
(-2.11205 -1.4292 0)
(-2.07092 -1.45332 -8.29319e-18)
(-2.01214 -1.47944 0)
(-1.93877 -1.5088 0)
(-1.86501 -1.53681 -3.77054e-18)
(-1.83132 -1.52896 0)
(-1.85994 -1.4928 0)
(-1.94674 -1.3637 -2.15741e-20)
(-2.17996 -1.04535 1.78269e-18)
(-1.99712 -0.210374 1.36161e-18)
(-2.06181 -1.29904 -8.88795e-18)
(-2.03706 -1.32884 0)
(-1.98016 -1.3559 0)
(-1.88234 -1.37913 -4.15498e-18)
(-1.75228 -1.4022 4.00439e-18)
(-1.60337 -1.42675 0)
(-1.4713 -1.4492 -5.53656e-18)
(-1.39481 -1.42583 -1.91623e-18)
(-1.39624 -1.37225 0)
(-1.43535 -1.23521 -7.91597e-19)
(-1.60677 -0.974764 -2.02907e-18)
(-1.53 -0.410568 -4.17602e-19)
(-1.99494 -1.2374 9.29307e-18)
(-1.92194 -1.27431 -4.43115e-18)
(-1.78928 -1.29559 -8.70834e-18)
(-1.59717 -1.30868 4.03292e-18)
(-1.37898 -1.32624 -7.71521e-18)
(-1.16803 -1.34736 0)
(-1.01642 -1.36777 1.33482e-17)
(-0.947843 -1.3362 0)
(-0.955881 -1.27358 1.42621e-18)
(-1.0116 -1.12352 7.28307e-19)
(-1.17573 -0.899296 1.03228e-18)
(-1.21031 -0.482241 -9.84766e-21)
(-1.95963 -1.11596 -7.00734e-18)
(-1.75177 -1.11665 0)
(-1.4542 -1.12695 7.68359e-18)
(-1.14388 -1.14511 -1.10384e-17)
(-0.870054 -1.18002 1.68228e-17)
(-0.671307 -1.22172 -6.34656e-18)
(-0.582564 -1.25088 -1.25543e-17)
(-0.587455 -1.24112 0)
(-0.661413 -1.19284 0)
(-0.786824 -1.04823 0)
(-0.964571 -0.836766 -1.24972e-18)
(-1.06902 -0.508344 -9.53003e-19)
(-1.79363 -0.257708 -4.8527e-20)
(-1.85006 -0.075796 4.78793e-19)
(-1.87981 0.256275 0)
(-1.88909 0.589391 4.76509e-18)
(-1.86443 0.919852 -2.37604e-18)
(-1.80012 1.2221 -7.0714e-18)
(-1.71005 1.48325 -4.64833e-18)
(-1.6115 1.69941 4.69207e-18)
(-1.51719 1.87079 9.18303e-18)
(-1.44302 1.99654 9.44058e-18)
(-1.39561 2.08252 -9.46671e-18)
(-1.38014 2.13232 -9.03271e-18)
(-1.34444 -0.217167 -1.33363e-26)
(-1.3255 0.0333335 1.71863e-18)
(-1.3362 0.295687 3.57231e-18)
(-1.3372 0.567216 0)
(-1.33294 0.843532 3.7485e-18)
(-1.32035 1.10934 0)
(-1.30105 1.35229 3.97729e-18)
(-1.27632 1.56461 2.93439e-21)
(-1.25136 1.74546 -1.26524e-17)
(-1.23698 1.88589 -8.55173e-18)
(-1.23586 1.98958 8.7378e-18)
(-1.25949 2.05153 9.27162e-18)
(-1.14713 -0.238577 3.44968e-19)
(-1.14091 0.00121991 -3.61254e-18)
(-1.13435 0.270969 -5.26433e-18)
(-1.11684 0.546885 -1.5455e-18)
(-1.09515 0.820178 -9.14601e-18)
(-1.07373 1.07836 4.9017e-18)
(-1.05818 1.31169 -2.11768e-20)
(-1.05029 1.51712 3.64189e-18)
(-1.0537 1.69774 -5.26787e-20)
(-1.07291 1.84045 0)
(-1.10808 1.9532 0)
(-1.16318 2.01918 3.91545e-19)
(-1.08355 -0.263047 3.10486e-19)
(-1.10485 -0.0172698 1.33051e-18)
(-1.11444 0.256021 2.71046e-18)
(-1.10943 0.539081 -2.66555e-18)
(-1.09315 0.82157 1.06559e-17)
(-1.07001 1.09092 -5.78818e-18)
(-1.04675 1.3374 0)
(-1.02933 1.55724 6.32177e-18)
(-1.02404 1.75394 6.71178e-18)
(-1.03011 1.91036 0)
(-1.04553 2.03202 0)
(-1.0839 2.05703 -2.60181e-17)
(-1.39164 2.14495 9.19968e-18)
(-1.40836 2.13673 -9.05497e-18)
(-1.43042 2.11321 -1.33353e-17)
(-1.45419 2.07247 2.30681e-20)
(-1.47987 2.01402 8.4456e-18)
(-1.50872 1.9408 1.98962e-17)
(-1.53629 1.86705 3.77729e-18)
(-1.52816 1.83302 -3.48202e-18)
(-1.49188 1.86133 0)
(-1.36284 1.94778 -2.17221e-20)
(-1.04495 2.18086 0)
(-0.210926 1.9982 -6.80795e-19)
(-1.30012 2.06238 0)
(-1.32995 2.03787 -4.72409e-19)
(-1.35691 1.98127 8.44876e-18)
(-1.37985 1.88391 -1.27206e-17)
(-1.40255 1.75404 -1.19591e-17)
(-1.42665 1.60509 -7.42844e-18)
(-1.44871 1.47284 9.18584e-18)
(-1.4252 1.39595 5.79045e-18)
(-1.37139 1.39701 -3.25321e-18)
(-1.23439 1.43578 1.62338e-18)
(-0.974288 1.60704 0)
(-0.410877 1.53045 0)
(-1.23824 1.99545 -9.30375e-18)
(-1.27522 1.92265 4.23198e-18)
(-1.29638 1.79033 -4.49766e-18)
(-1.30923 1.59841 3.85152e-18)
(-1.32643 1.38015 1.11591e-17)
(-1.34718 1.16896 0)
(-1.36725 1.01698 2.07482e-19)
(-1.33558 0.94795 -3.50983e-18)
(-1.27281 0.95574 -1.35788e-21)
(-1.12271 1.01123 -2.76962e-18)
(-0.898775 1.17519 3.44793e-19)
(-0.482425 1.20974 -3.54797e-19)
(-1.11645 1.96017 -7.50657e-18)
(-1.11712 1.75243 0)
(-1.12727 1.45479 7.69132e-18)
(-1.14521 1.14426 -1.10486e-17)
(-1.17987 0.87006 3.40802e-18)
(-1.22134 0.671001 0)
(-1.25021 0.581883 1.6255e-19)
(-1.24035 0.586618 4.92864e-18)
(-1.19197 0.66042 2.50064e-18)
(-1.04735 0.785733 4.34375e-20)
(-0.836097 0.963319 0)
(-0.508438 1.06751 6.27128e-19)
(-0.182852 1.13158 9.32493e-19)
(0.0786921 1.18589 2.19553e-20)
(0.368023 1.21932 -3.89013e-18)
(0.665309 1.23201 0)
(0.961038 1.2279 6.20319e-18)
(1.24201 1.2123 1.52743e-17)
(1.49781 1.19235 2.23264e-17)
(1.72408 1.17296 0)
(1.91165 1.15295 0)
(2.01021 1.12676 -3.80998e-18)
(2.02539 1.09732 4.09008e-18)
(1.88472 1.07487 -2.02197e-17)
(-0.156948 1.21631 -4.96382e-19)
(0.113371 1.29189 1.58677e-18)
(0.410883 1.34223 -5.38221e-18)
(0.721448 1.368 0)
(1.03332 1.37022 9.55069e-18)
(1.32987 1.35187 -9.49453e-18)
(1.59444 1.3162 -4.74382e-18)
(1.8124 1.26607 8.24667e-20)
(1.94809 1.19574 -4.27372e-18)
(1.98697 1.11627 0)
(1.90321 1.03784 0)
(1.60368 0.980032 2.18905e-17)
(-0.0960342 1.30009 0)
(0.179123 1.38366 -2.15928e-18)
(0.479845 1.43782 4.49224e-18)
(0.793266 1.46275 2.34947e-18)
(1.10449 1.45652 -1.4206e-17)
(1.39174 1.42055 7.2427e-18)
(1.63546 1.35611 -1.28534e-17)
(1.81095 1.26753 3.83359e-18)
(1.89465 1.16623 6.17622e-20)
(1.84928 1.04921 7.16189e-20)
(1.64238 0.939701 -2.80648e-17)
(1.2967 0.906746 -2.48924e-17)
(-0.0337054 1.36277 0)
(0.241531 1.44557 4.61398e-18)
(0.540277 1.49464 0)
(0.847858 1.5079 9.62084e-18)
(1.14704 1.48155 0)
(1.41083 1.41862 4.352e-18)
(1.62225 1.33016 1.6243e-17)
(1.75077 1.21371 -4.34917e-18)
(1.75271 1.07148 0)
(1.61421 0.921021 0)
(1.3332 0.793619 -6.65143e-18)
(0.960237 0.800629 7.85719e-18)
(1.48308 1.03286 -2.20169e-17)
(1.07497 0.948701 -5.83171e-18)
(0.734628 0.951787 2.7799e-17)
(0.483159 0.989044 -1.51618e-17)
(0.333738 1.0549 1.75734e-17)
(0.288082 1.1166 -1.63099e-17)
(0.33133 1.15822 -2.01393e-17)
(0.441029 1.14512 0)
(0.599445 1.07368 -3.83558e-18)
(0.784892 0.915349 0)
(0.966353 0.700809 0)
(1.08057 0.418832 -9.20073e-19)
(1.06859 0.932263 0)
(0.680087 0.801207 0)
(0.409918 0.803325 -2.05564e-17)
(0.237672 0.853766 4.68999e-18)
(0.168906 0.932324 4.26591e-18)
(0.188894 1.00805 -1.53945e-20)
(0.285095 1.05405 9.97733e-18)
(0.438879 1.05159 5.92232e-18)
(0.628845 0.99038 0)
(0.827776 0.850019 0)
(1.00822 0.652853 -4.82446e-19)
(1.13572 0.39932 2.44588e-18)
(0.676488 0.923295 0)
(0.377983 0.754878 -5.62423e-18)
(0.207746 0.754205 -1.47217e-17)
(0.117249 0.803925 1.78276e-17)
(0.109767 0.874994 1.67757e-17)
(0.177942 0.938989 4.06942e-18)
(0.309029 0.974574 -5.92421e-18)
(0.484997 0.963495 -5.87213e-18)
(0.686433 0.896887 7.98459e-18)
(0.887839 0.762638 0)
(1.06705 0.57619 5.05204e-19)
(1.20325 0.340513 1.56953e-18)
(0.296717 0.91362 -3.58177e-17)
(0.163306 0.709202 -2.40014e-17)
(0.0907655 0.711548 1.98001e-17)
(0.0682413 0.763435 -2.22695e-17)
(0.107359 0.824879 4.25235e-18)
(0.207527 0.87599 0)
(0.357737 0.898579 -2.02745e-18)
(0.542568 0.878565 2.93593e-20)
(0.744794 0.808031 -6.03999e-18)
(0.942871 0.678812 0)
(1.11918 0.500914 -3.72885e-18)
(1.25923 0.277492 -4.87686e-18)
(1.13349 0.182809 -1.87773e-18)
(1.18767 -0.0785143 -1.90964e-18)
(1.22108 -0.367806 0)
(1.23391 -0.665218 0)
(1.22998 -0.961279 6.3112e-18)
(1.21455 -1.24268 -6.54233e-18)
(1.19475 -1.49898 9.41499e-20)
(1.1754 -1.72573 1.37145e-17)
(1.15533 -1.91374 -4.16653e-18)
(1.12895 -2.0125 3.80875e-18)
(1.09929 -2.02774 -2.05923e-17)
(1.07638 -1.88695 0)
(1.21882 0.156984 1.48798e-18)
(1.29433 -0.113264 1.56048e-18)
(1.34464 -0.410871 -4.31675e-18)
(1.37053 -0.721656 -2.2444e-18)
(1.37287 -1.0339 -6.95155e-18)
(1.3546 -1.33088 0)
(1.31891 -1.59584 -1.45833e-17)
(1.26863 -1.81406 -4.35266e-18)
(1.19802 -1.94996 -8.61094e-18)
(1.11816 -1.98888 0)
(1.03937 -1.90487 1.90111e-17)
(0.981069 -1.60499 0)
(1.30299 0.0961488 1.07145e-18)
(1.38654 -0.179071 -4.36923e-18)
(1.44061 -0.479987 4.49711e-18)
(1.46561 -0.79369 2.34947e-18)
(1.4594 -1.10526 -4.77696e-18)
(1.42338 -1.39285 2.40155e-18)
(1.35875 -1.63679 0)
(1.26996 -1.8124 3.72626e-18)
(1.16818 -1.89614 4.28075e-18)
(1.05067 -1.8504 4.88548e-18)
(0.940748 -1.64318 -2.80491e-17)
(0.907432 -1.2973 0)
(1.36575 0.0339031 -2.22051e-18)
(1.4486 -0.241495 6.88768e-18)
(1.49754 -0.540509 0)
(1.5108 -0.848344 -9.62069e-18)
(1.48431 -1.14781 0)
(1.42121 -1.41181 -4.3505e-18)
(1.33254 -1.62335 -4.06395e-18)
(1.21573 -1.75178 2.19204e-17)
(1.07299 -1.75347 4.33934e-20)
(0.922101 -1.61469 -5.7608e-18)
(0.79433 -1.33348 2.73711e-17)
(0.801016 -0.960394 -3.11128e-17)
(1.03397 -1.48492 0)
(0.949463 -1.07656 -1.15128e-17)
(0.952105 -0.735781 0)
(0.989013 -0.483775 5.00344e-18)
(1.05461 -0.333857 4.45433e-18)
(1.11616 -0.28787 2.02204e-17)
(1.15768 -0.330836 5.98871e-18)
(1.14459 -0.440431 -1.94883e-18)
(1.07323 -0.598801 3.87248e-18)
(0.915064 -0.784271 -3.11262e-20)
(0.700732 -0.965889 1.80771e-18)
(0.41883 -1.08041 0)
(0.932961 -1.06954 5.85761e-18)
(0.801626 -0.680666 -1.07694e-17)
(0.803403 -0.410041 5.08678e-18)
(0.853584 -0.237389 0)
(0.93193 -0.16831 8.46957e-18)
(1.00754 -0.18808 -8.12841e-18)
(1.05345 -0.284105 -1.59971e-17)
(1.05094 -0.437838 0)
(0.989761 -0.627819 -3.8637e-18)
(0.849529 -0.826874 -6.12518e-20)
(0.652542 -1.00752 -4.81291e-19)
(0.399113 -1.13535 4.95197e-19)
(0.923702 -0.676764 0)
(0.755091 -0.377864 4.40439e-20)
(0.754172 -0.207275 -1.96011e-17)
(0.803695 -0.116532 1.78114e-17)
(0.874606 -0.108847 -8.3646e-18)
(0.938467 -0.176841 -4.01936e-18)
(0.973952 -0.307828 9.90417e-18)
(0.962807 -0.483766 7.93799e-18)
(0.896195 -0.685244 1.99831e-18)
(0.76203 -0.886741 3.98347e-18)
(0.575729 -1.06616 0)
(0.340172 -1.20265 1.04421e-18)
(0.913892 -0.296454 -3.58046e-17)
(0.709318 -0.162768 1.78731e-17)
(0.711514 -0.0900229 4.45402e-17)
(0.763245 -0.0673383 -2.22531e-17)
(0.82455 -0.106321 -1.25956e-17)
(0.87554 -0.206376 -1.22123e-17)
(0.898009 -0.356522 -4.01222e-18)
(0.877891 -0.541332 -7.96547e-18)
(0.807307 -0.743578 0)
(0.678126 -0.941745 1.02421e-18)
(0.500351 -1.11817 -1.06279e-18)
(0.277057 -1.25841 -2.16099e-18)
(0.182596 -1.13367 1.86563e-18)
(-0.0790251 -1.18808 1.90698e-18)
(-0.368575 -1.22157 -3.89197e-18)
(-0.666125 -1.23433 0)
(-0.962114 -1.23021 2.07956e-18)
(-1.24325 -1.21452 6.63962e-18)
(-1.49912 -1.19443 0)
(-1.72535 -1.1748 9.17114e-18)
(-1.91278 -1.15445 0)
(-2.01105 -1.12792 1.87421e-17)
(-2.02605 -1.09822 -8.31761e-18)
(-1.88521 -1.07538 2.5165e-17)
(0.156675 -1.21879 -4.96553e-19)
(-0.113747 -1.29445 2.5932e-18)
(-0.411501 -1.34474 -4.31283e-18)
(-0.722304 -1.37046 -6.83609e-18)
(-1.03435 -1.37252 9.59377e-21)
(-1.33094 -1.35392 -1.1885e-17)
(-1.59539 -1.31792 -1.47736e-17)
(-1.81304 -1.26741 -1.28112e-17)
(-1.94856 -1.19672 -1.73514e-17)
(-1.9873 -1.1169 -1.72935e-17)
(-1.90321 -1.03825 0)
(-1.60369 -0.980137 0)
(0.0957991 -1.30262 2.13917e-18)
(-0.179475 -1.38626 -3.24631e-18)
(-0.480413 -1.44026 5.6347e-18)
(-0.794004 -1.46505 -2.16423e-19)
(-1.10528 -1.45853 9.64345e-18)
(-1.39243 -1.4222 4.8903e-18)
(-1.63589 -1.35734 1.26983e-17)
(-1.81115 -1.26853 2.67557e-17)
(-1.89467 -1.16673 1.29099e-17)
(-1.84884 -1.04937 -1.94062e-17)
(-1.64189 -0.939678 0)
(-1.29649 -0.90656 0)
(0.0335485 -1.36509 -4.4331e-18)
(-0.241791 -1.44794 1.13905e-18)
(-0.540702 -1.49676 -1.17303e-18)
(-0.848331 -1.50979 1.17978e-17)
(-1.14744 -1.48304 -1.0756e-17)
(-1.41105 -1.41974 -4.14347e-18)
(-1.62226 -1.33098 -2.68254e-20)
(-1.7504 -1.21417 4.5271e-18)
(-1.75205 -1.07156 -2.04091e-17)
(-1.61353 -0.920952 2.31624e-17)
(-1.33273 -0.793465 -2.71982e-17)
(-0.960094 -0.800253 0)
(-1.48374 -1.03315 -2.18325e-17)
(-1.07568 -0.948975 -5.82453e-18)
(-0.735169 -0.95196 5.58501e-18)
(-0.483444 -0.989171 -5.10213e-18)
(-0.333775 -1.05502 -4.26974e-18)
(-0.287939 -1.11676 -9.73097e-20)
(-0.331072 -1.15842 9.95637e-18)
(-0.440736 -1.14536 -1.95012e-18)
(-0.599166 -1.07394 0)
(-0.784703 -0.915621 0)
(-0.966322 -0.701012 1.80918e-18)
(-1.08069 -0.418817 1.82985e-18)
(-1.06898 -0.93223 4.67288e-17)
(-0.68043 -0.801328 0)
(-0.41007 -0.803448 0)
(-0.237623 -0.853888 9.26449e-18)
(-0.168684 -0.932453 -4.26792e-18)
(-0.188551 -1.00821 4.03461e-18)
(-0.284679 -1.05424 0)
(-0.438457 -1.05178 -5.95174e-18)
(-0.628465 -0.990572 -1.97018e-18)
(-0.827496 -0.850186 3.92165e-18)
(-1.00809 -0.652941 -2.43935e-18)
(-1.13576 -0.399218 -4.78126e-19)
(-0.676726 -0.922926 -2.69534e-17)
(-0.378058 -0.754803 1.68235e-17)
(-0.207649 -0.754232 4.88538e-18)
(-0.117008 -0.804008 4.43108e-18)
(-0.109411 -0.875115 4.1635e-18)
(-0.177493 -0.939133 0)
(-0.308539 -0.97474 1.96369e-18)
(-0.484518 -0.963658 3.91009e-18)
(-0.686 -0.897031 2.00176e-18)
(-0.887495 -0.762736 -3.99034e-18)
(-1.06684 -0.576196 2.01843e-18)
(-1.20318 -0.340344 -1.04569e-18)
(-0.296891 -0.913064 3.58045e-17)
(-0.163235 -0.709002 -2.38454e-17)
(-0.0905409 -0.711524 -4.93779e-18)
(-0.0679149 -0.763504 2.33107e-20)
(-0.106947 -0.825006 -1.25956e-17)
(-0.207053 -0.876149 -4.03072e-18)
(-0.357241 -0.898747 1.20207e-17)
(-0.542088 -0.878716 0)
(-0.744357 -0.808147 8.15231e-18)
(-0.942506 -0.678863 0)
(-1.11891 -0.500861 -4.2508e-18)
(-1.25907 -0.277276 2.16469e-18)
(-1.13373 -0.182486 9.51095e-19)
(-1.18798 0.0791721 0)
(-1.22138 0.368753 3.94011e-18)
(-1.23412 0.666337 3.98099e-18)
(-1.23006 0.962381 -8.29012e-18)
(-1.21448 1.24356 4.4181e-18)
(-1.19453 1.49947 8.9123e-18)
(-1.17508 1.72573 3.07016e-20)
(-1.15488 1.91319 4.36596e-18)
(-1.12843 2.01145 -1.11331e-17)
(-1.09875 2.02643 -4.09102e-18)
(-1.07579 1.88544 2.02181e-17)
(-1.21897 -0.156624 -1.48263e-18)
(-1.29452 0.113906 -5.17793e-19)
(-1.34478 0.411755 -4.20634e-18)
(-1.37055 0.722654 0)
(-1.37271 1.03482 -1.19202e-17)
(-1.35426 1.33152 -7.10128e-18)
(-1.31843 1.59604 1.87757e-19)
(-1.26807 1.8137 4.30465e-18)
(-1.19744 1.94911 -1.29061e-17)
(-1.11747 1.98772 1.72878e-17)
(-1.03874 1.90337 0)
(-0.980346 1.60337 2.18939e-17)
(-1.303 -0.0957584 -2.66942e-18)
(-1.38657 0.179691 5.4975e-19)
(-1.44057 0.480787 0)
(-1.46543 0.794541 -9.49996e-18)
(-1.45905 1.10598 1.18218e-17)
(-1.42287 1.39325 1.21709e-17)
(-1.35814 1.63675 -1.27007e-17)
(-1.26937 1.81186 -1.5341e-17)
(-1.16752 1.89519 -1.72968e-17)
(-1.05 1.849 2.43059e-17)
(-0.940049 1.64156 -5.59858e-18)
(-0.906675 1.29571 -4.93591e-17)
(-1.36565 -0.033497 3.88745e-18)
(-1.44849 0.242088 5.75373e-19)
(-1.49736 0.541231 0)
(-1.51048 0.849062 1.18047e-17)
(-1.48384 1.14834 4.74151e-21)
(-1.42063 1.41203 -1.98141e-18)
(-1.33191 1.62318 0)
(-1.2151 1.7511 4.22147e-18)
(-1.07236 1.75232 1.52602e-17)
(-0.921482 1.6132 -4.27229e-20)
(-0.793685 1.33189 2.72205e-17)
(-0.800282 0.95894 6.29767e-17)
(-1.03334 1.48352 2.20212e-17)
(-0.948942 1.07515 5.83265e-18)
(-0.951749 0.734378 -5.59554e-18)
(-0.988808 0.482456 1.00537e-17)
(-1.05451 0.332642 0)
(-1.11611 0.286739 1.21841e-17)
(-1.15762 0.329761 -1.81276e-17)
(-1.14445 0.439338 -9.60777e-18)
(-1.07301 0.597647 0)
(-0.914788 0.78297 3.78873e-18)
(-0.70059 0.96432 0)
(-0.419126 1.07831 -9.12274e-19)
(-0.932216 1.0682 0)
(-0.801069 0.679461 0)
(-0.803027 0.408925 0)
(-0.853386 0.236386 -4.58665e-18)
(-0.931866 0.167374 5.60696e-20)
(-1.00755 0.187169 -4.03658e-18)
(-1.05346 0.283144 7.97896e-18)
(-1.0509 0.436731 -7.89004e-18)
(-0.989653 0.626479 0)
(-0.849376 0.825231 2.95202e-18)
(-0.652548 1.00549 1.46082e-18)
(-0.399512 1.13272 -4.94911e-19)
(-0.922915 0.675652 0)
(-0.754604 0.376964 1.68529e-17)
(-0.753874 0.206476 -3.76425e-21)
(-0.803579 0.115802 2.81677e-20)
(-0.874618 0.108129 4.20586e-18)
(-0.938565 0.176079 4.09497e-18)
(-0.974079 0.30693 5.94716e-18)
(-0.962915 0.482624 3.90452e-18)
(-0.89626 0.683762 1.99751e-18)
(-0.762085 0.884868 -3.98092e-18)
(-0.57596 1.06386 -2.04264e-18)
(-0.340668 1.19977 0)
(-0.913071 0.295712 8.88495e-18)
(-0.708911 0.162212 -5.80705e-18)
(-0.711297 0.0894873 0)
(-0.763193 0.0668187 0)
(-0.824635 0.10576 -4.18129e-18)
(-0.875735 0.205713 1.11302e-20)
(-0.898274 0.355667 -1.20125e-17)
(-0.878182 0.540184 0)
(-0.807588 0.74205 -8.13248e-18)
(-0.678417 0.939811 0)
(-0.500792 1.11586 -2.1462e-18)
(-0.277606 1.25561 0)
(0.0237743 1.39269 -1.15159e-18)
(0.293144 1.46809 -4.61783e-18)
(0.582973 1.50443 0)
(0.875909 1.49848 -8.98646e-18)
(1.15222 1.45255 -2.10174e-18)
(1.3885 1.3665 -1.0575e-17)
(1.55353 1.24488 4.72661e-18)
(1.61145 1.09271 0)
(1.53536 0.925417 0)
(1.31566 0.758626 6.78046e-18)
(0.906696 0.577463 2.9435e-17)
(0.378265 0.416919 0)
(0.0736954 1.38491 1.15592e-18)
(0.331521 1.44688 0)
(0.604595 1.46676 -9.24581e-18)
(0.875961 1.4406 2.27317e-18)
(1.12235 1.36703 -2.3336e-18)
(1.31551 1.2504 1.47794e-17)
(1.42457 1.09949 1.04728e-17)
(1.42066 0.929445 -5.62693e-18)
(1.27277 0.755228 0)
(0.96271 0.598568 0)
(0.389348 0.423341 0)
(-0.217018 0.407621 0)
(0.113338 1.33999 -1.17468e-18)
(0.354368 1.38303 -5.89534e-18)
(0.605095 1.3806 1.06012e-17)
(0.846259 1.32793 0)
(1.0548 1.22838 0)
(1.20347 1.08869 -4.61441e-17)
(1.26186 0.920999 2.73193e-17)
(1.20162 0.74446 0)
(0.992289 0.579001 -7.03161e-18)
(0.617331 0.453743 1.9126e-17)
(0.0501086 0.341922 -1.86492e-17)
(-0.336264 0.387248 0)
(0.140692 1.26403 1.16826e-18)
(0.360561 1.28477 4.70598e-18)
(0.584049 1.25792 -9.65574e-18)
(0.792076 1.18109 7.3545e-18)
(0.962143 1.0596 -7.53924e-18)
(1.06714 0.901938 -5.36521e-18)
(1.07907 0.725084 -3.97259e-17)
(0.972574 0.552289 -6.35828e-18)
(0.722753 0.409206 7.78348e-18)
(0.331119 0.33177 4.27654e-17)
(-0.126339 0.329068 0)
(-0.379781 0.413215 0)
(0.155458 1.16635 0)
(0.35145 1.164 0)
(0.545713 1.11355 9.66165e-18)
(0.719692 1.0151 -9.79973e-18)
(0.851636 0.875069 -1.28185e-17)
(0.916207 0.704553 5.14111e-17)
(0.888879 0.524858 1.17549e-17)
(0.74936 0.36336 3.32686e-17)
(0.483611 0.250249 0)
(0.120684 0.222904 -4.2374e-17)
(-0.226851 0.297321 -7.35176e-17)
(-0.426133 0.398347 0)
(0.158495 1.05674 0)
(0.32933 1.03204 1.2119e-18)
(0.493892 0.960026 -1.23229e-18)
(0.634404 0.842808 2.47412e-18)
(0.730281 0.687538 3.8481e-17)
(0.759399 0.508598 -2.70129e-17)
(0.701378 0.330496 5.91084e-18)
(0.542897 0.184623 -2.66159e-17)
(0.282262 0.104001 -8.01096e-18)
(-0.0318952 0.121817 1.04315e-17)
(-0.302596 0.242027 6.89251e-17)
(-0.444416 0.370945 0)
(0.15131 0.943844 0)
(0.296768 0.898954 1.24237e-18)
(0.432278 0.808039 -1.25344e-18)
(0.540956 0.674824 0)
(0.604026 0.507469 -2.32899e-17)
(0.603472 0.323419 -2.67124e-18)
(0.523537 0.149257 -1.18175e-17)
(0.358522 0.0196229 -3.34773e-17)
(0.116426 -0.0319134 3.22347e-17)
(-0.14698 0.0206118 0)
(-0.358584 0.168981 1.36042e-16)
(-0.443923 0.319688 0)
(0.1357 0.834665 0)
(0.256255 0.772524 1.3119e-18)
(0.364015 0.665744 9.18098e-18)
(0.443225 0.519322 2.60552e-18)
(0.47742 0.342718 1.88184e-17)
(0.452945 0.155522 -5.58374e-18)
(0.358815 -0.0145912 3.03995e-17)
(0.196461 -0.130807 5.4944e-17)
(-0.0210583 -0.160956 3.32914e-17)
(-0.237067 -0.0862243 1.11022e-17)
(-0.395707 0.0813539 -1.75367e-17)
(-0.4229 0.256764 0)
(0.113515 0.734056 0)
(0.209978 0.658222 0)
(0.29157 0.538867 -1.15711e-17)
(0.343893 0.381982 0)
(0.353172 0.198354 5.40566e-20)
(0.309758 0.00861098 -6.05997e-18)
(0.207441 -0.159399 6.61885e-18)
(0.0534102 -0.267535 -2.97176e-17)
(-0.138151 -0.285881 -8.95496e-18)
(-0.309943 -0.200875 1.11045e-16)
(-0.416297 -0.0189733 -1.59652e-16)
(-0.384794 0.178964 2.06972e-16)
(0.0869335 0.643861 0)
(0.160417 0.558232 7.38006e-18)
(0.217616 0.429659 -1.44459e-17)
(0.245703 0.264763 3.52834e-18)
(0.23342 0.0754385 -3.5825e-17)
(0.174621 -0.117606 2.62221e-17)
(0.0677389 -0.286791 -3.18347e-17)
(-0.075631 -0.393492 9.09869e-18)
(-0.242091 -0.409397 -8.49032e-17)
(-0.371125 -0.322922 -9.99248e-17)
(-0.423038 -0.128322 -2.43637e-17)
(-0.330691 0.0894558 -2.53587e-16)
(0.060402 0.558503 0)
(0.11328 0.467163 -3.47816e-17)
(0.149227 0.332178 2.34684e-17)
(0.156986 0.160624 0)
(0.125163 -0.0342774 -5.8579e-18)
(0.0512616 -0.232182 -3.04725e-17)
(-0.060392 -0.405481 -4.88472e-17)
(-0.196329 -0.515697 -2.50184e-17)
(-0.338379 -0.537137 1.43439e-16)
(-0.422941 -0.450233 1.29327e-16)
(-0.409898 -0.25319 0)
(-0.255251 -0.0280157 0)
(0.0407514 0.44339 -1.41691e-17)
(0.0732617 0.35195 -7.87033e-20)
(0.0889195 0.214091 0)
(0.0794917 0.0395963 1.8588e-17)
(0.0310605 -0.157342 -1.65501e-17)
(-0.0549363 -0.359908 -1.35639e-16)
(-0.167251 -0.536588 4.02863e-16)
(-0.287846 -0.66516 0)
(-0.407287 -0.671084 -2.62964e-16)
(-0.414045 -0.559711 -2.11327e-16)
(-0.362411 -0.372113 -2.74602e-16)
(-0.230804 -0.0985849 4.43675e-16)
(-0.079132 0.620263 7.53093e-17)
(0.0291994 0.609545 2.73089e-17)
(0.0290368 0.656794 -2.04241e-17)
(0.0580556 0.719653 0)
(0.129666 0.77459 -2.12624e-17)
(0.249856 0.813717 -1.23815e-17)
(0.409281 0.8245 1.01505e-17)
(0.594995 0.796404 6.15643e-18)
(0.792003 0.722931 0)
(0.982644 0.598153 1.05596e-18)
(1.15259 0.428135 3.23066e-18)
(1.29044 0.215343 2.2172e-18)
(-0.0355547 0.330083 1.54918e-16)
(-0.0042304 0.512532 -7.63277e-18)
(0.0117136 0.600751 2.62841e-17)
(0.0686057 0.672567 0)
(0.160184 0.722495 0)
(0.291538 0.751296 2.11068e-17)
(0.453558 0.752003 1.25522e-17)
(0.634887 0.71718 -1.04732e-17)
(0.82251 0.641755 2.14635e-18)
(1.00196 0.52121 9.81677e-18)
(1.16134 0.358919 -1.11856e-18)
(1.29088 0.156766 1.14453e-18)
(0.0139823 0.219236 -1.88083e-16)
(-0.00690171 0.42555 0)
(0.0166112 0.546333 0)
(0.0869711 0.623056 0)
(0.189923 0.668587 0)
(0.326255 0.688756 2.18691e-17)
(0.486309 0.681347 -4.10066e-17)
(0.659566 0.641482 1.08431e-17)
(0.834666 0.565332 0)
(0.999745 0.449302 -8.84624e-18)
(1.1446 0.295237 -3.97475e-18)
(1.26029 0.104702 -1.72444e-18)
(0.0578732 0.13452 1.93273e-16)
(0.00416751 0.354083 4.15792e-17)
(0.0294111 0.49237 -2.85982e-17)
(0.105521 0.5714 2.01683e-17)
(0.214231 0.613081 0)
(0.351372 0.626426 4.58126e-18)
(0.506363 0.613007 1.56428e-17)
(0.669077 0.570006 -1.33975e-17)
(0.829577 0.494551 2.2574e-18)
(0.977926 0.383818 -1.12854e-18)
(1.10517 0.238927 5.72116e-18)
(1.20297 0.0614813 0)
(0.095252 0.0654286 -3.57731e-19)
(0.0172851 0.290267 -3.49014e-17)
(0.0419222 0.437629 3.03539e-17)
(0.119709 0.517485 -4.82375e-17)
(0.230799 0.556153 2.00493e-17)
(0.366144 0.564592 3.34332e-20)
(0.514202 0.54737 -2.34264e-18)
(0.665021 0.503226 2.33231e-17)
(0.809855 0.430053 -2.33376e-18)
(0.940278 0.325713 0)
(1.04823 0.191174 5.82157e-19)
(1.1259 0.0282843 -2.94778e-18)
(0.122997 0.00751815 -2.05477e-16)
(0.0256893 0.229242 0)
(0.0493355 0.38071 0)
(0.126905 0.460886 2.89957e-17)
(0.238619 0.497747 -4.85979e-17)
(0.370782 0.503333 -2.57171e-17)
(0.511082 0.484569 2.52726e-18)
(0.649662 0.441346 -1.96304e-17)
(0.778811 0.372137 2.44191e-18)
(0.891267 0.275428 -1.20318e-18)
(0.979657 0.152376 1.80587e-18)
(1.03683 0.00520033 -6.14209e-19)
(0.138204 -0.0411323 -4.27754e-16)
(0.0248861 0.168393 -9.11443e-17)
(0.048559 0.320076 1.45662e-17)
(0.125545 0.400845 1.93269e-17)
(0.237344 0.437493 4.76998e-17)
(0.365877 0.442433 5.62847e-18)
(0.498442 0.424393 -5.45815e-18)
(0.625316 0.384179 0)
(0.739707 0.320617 0)
(0.835309 0.232787 8.95849e-18)
(0.905218 0.122258 1.26456e-18)
(0.943021 -0.00844685 2.49035e-18)
(0.137851 -0.0812648 4.54761e-16)
(0.0119336 0.106196 5.52057e-20)
(0.0374309 0.25406 -6.69742e-17)
(0.114627 0.336213 -8.90952e-17)
(0.226895 0.374645 -2.7332e-17)
(0.35204 0.381295 6.39916e-18)
(0.477504 0.366243 -9.20339e-18)
(0.593896 0.331083 2.96778e-18)
(0.695271 0.274827 2.29736e-17)
(0.776059 0.197102 -2.37347e-17)
(0.829649 0.0999539 2.0491e-18)
(0.85044 -0.0138694 -3.35125e-18)
(0.119572 -0.113959 -4.34635e-16)
(-0.0149767 0.0418785 9.62082e-17)
(0.0141682 0.180807 8.15779e-17)
(0.0932851 0.265259 1.25975e-20)
(0.207153 0.307855 0)
(0.329529 0.31894 3.10619e-17)
(0.448862 0.30911 3.66361e-18)
(0.556436 0.281003 -2.15514e-20)
(0.647145 0.233629 -5.72698e-17)
(0.71592 0.16718 1.29534e-17)
(0.756203 0.0842013 0)
(0.763243 -0.0125278 3.03164e-18)
(0.0777028 -0.136362 1.05001e-15)
(-0.0550642 -0.0251547 0)
(-0.0239162 0.0989579 1.39527e-17)
(0.0593659 0.186283 1.88925e-16)
(0.176769 0.236038 1.03554e-16)
(0.297312 0.254541 -7.50474e-20)
(0.41147 0.25194 -1.49842e-17)
(0.51204 0.232583 4.18583e-17)
(0.594857 0.19552 3.47998e-17)
(0.65497 0.141386 1.43822e-17)
(0.685593 0.0731699 1.96259e-18)
(0.682828 -0.00632453 0)
(0.00500932 -0.140088 -6.37535e-16)
(-0.10675 -0.0906966 0)
(-0.0828266 0.00682443 0)
(0.00594267 0.0965232 -1.77201e-16)
(0.129492 0.15908 -1.68801e-16)
(0.25004 0.187878 -7.54785e-17)
(0.35943 0.193783 -6.67663e-17)
(0.453631 0.184058 -1.13518e-16)
(0.530996 0.158407 -6.98119e-18)
(0.585966 0.117084 -2.91767e-17)
(0.61158 0.0633636 3.07496e-18)
(0.603805 0.00148454 0)
(-0.0414548 -0.147455 -8.89064e-16)
(-0.171932 -0.152845 0)
(-0.161005 -0.0921461 0)
(-0.0747252 0.00217078 6.5366e-17)
(0.0444289 0.0717605 -7.18613e-17)
(0.167666 0.110729 5.16735e-17)
(0.267449 0.123321 -4.01587e-17)
(0.348843 0.122364 1.38009e-16)
(0.419679 0.108753 0)
(0.470611 0.0827687 -6.43434e-17)
(0.49674 0.0499802 -6.07612e-17)
(0.493668 0.000699756 1.41661e-17)
(1.39548 -0.0234708 -1.74568e-20)
(1.47097 -0.293076 -4.61936e-18)
(1.50709 -0.583176 0)
(1.50109 -0.876329 6.71962e-18)
(1.455 -1.15286 1.05723e-17)
(1.36873 -1.38923 4.17914e-18)
(1.24674 -1.55416 4.7257e-18)
(1.09418 -1.61184 -2.07475e-17)
(0.926512 -1.53554 0)
(0.75939 -1.31561 -2.01816e-17)
(0.577996 -0.906537 2.91716e-17)
(0.417155 -0.377957 6.90437e-17)
(1.38723 -0.073301 2.32903e-18)
(1.44932 -0.331383 0)
(1.469 -0.604702 9.24451e-18)
(1.44272 -0.876237 0)
(1.3689 -1.12271 1.35261e-19)
(1.25203 -1.31583 1.96636e-17)
(1.10083 -1.42472 5.22738e-18)
(0.930459 -1.42056 -2.81103e-17)
(0.755964 -1.27249 0)
(0.599064 -0.96229 2.43341e-17)
(0.423733 -0.388975 -4.06243e-17)
(0.407839 0.217238 0)
(1.34163 -0.112832 -1.16246e-18)
(1.38482 -0.354121 4.72573e-18)
(1.38218 -0.605032 -9.41732e-18)
(1.32937 -0.846301 1.21327e-17)
(1.22964 -1.05486 -4.82581e-18)
(1.08976 -1.20343 -1.27332e-17)
(0.92185 -1.2616 -3.27413e-17)
(0.745097 -1.20114 2.99538e-17)
(0.579461 -0.991678 0)
(0.454046 -0.616708 -2.8539e-17)
(0.342184 -0.0496666 -1.86419e-17)
(0.387408 0.336609 0)
(1.26486 -0.140109 -5.86232e-19)
(1.28582 -0.36021 -5.29734e-18)
(1.2588 -0.583833 1.20459e-18)
(1.1819 -0.791914 9.19586e-20)
(1.06027 -0.961935 -9.97014e-18)
(0.902492 -1.06679 0)
(0.725523 -1.0785 2.83342e-17)
(0.552631 -0.971819 -6.42265e-18)
(0.40947 -0.721947 0)
(0.331951 -0.330406 8.56488e-17)
(0.329215 0.126853 0)
(0.413317 0.380109 0)
(1.16635 -0.154811 -2.37874e-18)
(1.16426 -0.351012 0)
(1.11372 -0.545354 7.31812e-18)
(1.01528 -0.719352 -9.79395e-18)
(0.875187 -0.851209 1.78281e-20)
(0.704651 -0.915614 2.44176e-17)
(0.52495 -0.888087 -5.84772e-18)
(0.363467 -0.748439 -1.98888e-17)
(0.250369 -0.482706 8.01657e-18)
(0.223004 -0.119942 -4.24016e-17)
(0.297405 0.227368 -3.68122e-17)
(0.398419 0.426354 2.16077e-17)
(1.05594 -0.157834 2.39652e-18)
(1.03157 -0.328847 0)
(0.959539 -0.493439 -9.8181e-18)
(0.842404 -0.633928 2.47625e-18)
(0.687149 -0.729687 -2.57752e-18)
(0.508288 -0.75864 -2.70285e-17)
(0.330286 -0.700449 2.35858e-17)
(0.184531 -0.541893 3.33347e-17)
(0.104003 -0.281328 0)
(0.121855 0.0326199 1.04323e-17)
(0.242077 0.303065 -1.72187e-17)
(0.370994 0.444562 0)
(0.942335 -0.150651 6.18918e-19)
(0.897799 -0.296266 -5.61973e-18)
(0.806946 -0.431755 0)
(0.67388 -0.540382 0)
(0.506622 -0.603315 0)
(0.322738 -0.602608 -5.41789e-18)
(0.148773 -0.522537 -1.7675e-17)
(0.0193489 -0.357494 -2.67618e-17)
(-0.0320176 -0.115509 8.04715e-18)
(0.0205927 0.147655 2.85363e-21)
(0.169005 0.358979 -1.5318e-16)
(0.319732 0.444012 -1.711e-16)
(0.832538 -0.135097 2.64389e-18)
(0.770782 -0.255776 6.56991e-18)
(0.664124 -0.363469 -1.31417e-18)
(0.517907 -0.442595 2.60843e-18)
(0.341466 -0.476643 1.61646e-17)
(0.154511 -0.45203 1.97899e-17)
(-0.0153232 -0.357796 -2.42301e-17)
(-0.13125 -0.195458 6.19306e-17)
(-0.161159 0.0219241 0)
(-0.0863017 0.23767 0)
(0.0813563 0.39602 1.2573e-16)
(0.2568 0.422937 2.21003e-17)
(0.731439 -0.112978 -2.96956e-18)
(0.656002 -0.209543 -1.46609e-18)
(0.536811 -0.291024 1.45326e-18)
(0.380178 -0.343242 0)
(0.196763 -0.352377 -4.69429e-17)
(0.00731765 -0.308835 -3.05057e-17)
(-0.160348 -0.206455 2.6386e-17)
(-0.268129 -0.0524681 -2.96508e-17)
(-0.286173 0.138931 9.15874e-18)
(-0.201008 0.310458 1.23771e-17)
(-0.0189903 0.416531 -1.99487e-17)
(0.178994 0.384797 2.0634e-16)
(0.640879 -0.0864933 -3.71358e-18)
(0.55566 -0.160044 0)
(0.427277 -0.217089 -1.44611e-17)
(0.26267 -0.245056 3.53199e-18)
(0.0735895 -0.232647 2.15135e-17)
(-0.11912 -0.173731 -3.64509e-18)
(-0.287914 -0.0668319 -1.60294e-17)
(-0.39421 0.0764812 6.32483e-17)
(-0.409764 0.242757 -7.45547e-17)
(-0.323094 0.371533 2.92915e-20)
(-0.128348 0.423198 -2.43936e-17)
(0.0894826 0.330668 0)
(0.555288 -0.0600397 4.35055e-18)
(0.464383 -0.112952 -1.89039e-17)
(0.329585 -0.148714 4.41534e-17)
(0.158351 -0.156368 0)
(-0.0362881 -0.124403 -5.86346e-18)
(-0.233846 -0.0504118 6.15022e-18)
(-0.406708 0.0612131 3.62727e-17)
(-0.516504 0.197082 -1.87381e-16)
(-0.537538 0.338921 1.14523e-16)
(-0.450412 0.423221 0)
(-0.253224 0.409972 0)
(-0.0279441 0.255238 0)
(0.440203 -0.0404133 2.8452e-17)
(0.349158 -0.0729269 5.92633e-17)
(0.21143 -0.0884029 -1.29144e-16)
(0.0373222 -0.0789405 1.86564e-17)
(-0.159363 -0.0303324 -3.28718e-17)
(-0.361642 0.0557206 -6.80005e-17)
(-0.537818 0.167925 -4.73893e-17)
(-0.666047 0.288453 2.22419e-17)
(-0.671347 0.407566 -2.30504e-16)
(-0.559829 0.41416 -2.65051e-17)
(-0.372113 0.362429 0)
(-0.0985276 0.23074 -4.4402e-16)
(0.620462 0.0796596 7.52657e-17)
(0.609715 -0.0285452 2.7475e-17)
(0.656847 -0.0282323 -2.03851e-17)
(0.719575 -0.0571596 -2.25531e-17)
(0.77439 -0.128685 2.12685e-17)
(0.813387 -0.248811 2.05369e-17)
(0.824034 -0.408192 -2.0657e-18)
(0.795793 -0.593887 -4.08393e-18)
(0.722235 -0.790907 2.08979e-18)
(0.597449 -0.981563 0)
(0.427516 -1.15157 0)
(0.214879 -1.2895 -1.46242e-20)
(0.330402 0.0362035 0)
(0.512799 0.00489493 4.94841e-20)
(0.600937 -0.0109757 0)
(0.672641 -0.067829 1.8508e-17)
(0.722451 -0.159371 -4.34541e-18)
(0.75112 -0.290696 8.44122e-18)
(0.751673 -0.452694 -2.29733e-17)
(0.716681 -0.634007 2.10703e-18)
(0.641129 -0.821617 0)
(0.520538 -1.00106 -8.70936e-18)
(0.358323 -1.16041 0)
(0.15631 -1.28991 2.27051e-18)
(0.219674 -0.0134088 0)
(0.42595 0.00748638 -4.00257e-17)
(0.546668 -0.0160101 5.46786e-18)
(0.623294 -0.0863774 0)
(0.668709 -0.189338 1.80773e-17)
(0.68875 -0.325675 4.34688e-18)
(0.681172 -0.485732 1.50085e-17)
(0.64112 -0.658982 -1.29568e-17)
(0.564811 -0.834064 2.19137e-18)
(0.448716 -0.999075 1.77026e-17)
(0.294689 -1.14385 4.5248e-18)
(0.104306 -1.25943 -1.14311e-18)
(0.135047 -0.057354 -1.93314e-16)
(0.354599 -0.00369192 0)
(0.492844 -0.0289738 0)
(0.571792 -0.10514 2.51827e-17)
(0.613368 -0.2139 -2.36115e-17)
(0.626583 -0.351085 4.53447e-18)
(0.612994 -0.506105 -4.491e-18)
(0.569789 -0.66883 8.90057e-18)
(0.49416 -0.829299 8.97919e-18)
(0.383335 -0.977572 5.2727e-20)
(0.238476 -1.10468 -4.55689e-18)
(0.0611544 -1.20231 1.16358e-18)
(0.0659832 -0.0948145 1.98918e-16)
(0.290861 -0.016935 0)
(0.438218 -0.041658 6.06493e-18)
(0.518012 -0.119547 -4.82142e-17)
(0.556586 -0.230727 0)
(0.564901 -0.366155 -2.39955e-17)
(0.547513 -0.514271 2.5835e-17)
(0.503156 -0.66512 -2.09444e-17)
(0.429803 -0.809927 -6.941e-18)
(0.325356 -0.940245 -2.08885e-17)
(0.19082 -1.04805 0)
(0.0280462 -1.12554 -2.34459e-18)
(0.00805248 -0.12266 5.12167e-17)
(0.229874 -0.0254634 -4.64381e-17)
(0.38138 -0.0492392 0)
(0.461519 -0.126951 -1.3304e-20)
(0.4983 -0.238794 0)
(0.503772 -0.371076 5.09597e-18)
(0.484846 -0.511464 -2.4957e-17)
(0.441415 -0.650092 1.71522e-17)
(0.372022 -0.779217 1.21497e-17)
(0.275194 -0.891579 9.61175e-18)
(0.152138 -0.979813 -4.80557e-18)
(0.00504055 -1.0368 1.19403e-18)
(-0.0406549 -0.137978 0)
(0.169021 -0.0247732 1.21555e-16)
(0.320789 -0.0486144 6.55631e-17)
(0.40155 -0.125779 1.93107e-17)
(0.438133 -0.23774 0)
(0.442974 -0.366424 2.81499e-17)
(0.424782 -0.499102 -2.7405e-18)
(0.384367 -0.626041 -1.84745e-20)
(0.320625 -0.740421 -1.29482e-17)
(0.232672 -0.835924 0)
(0.12211 -0.905697 -1.74382e-20)
(-0.00853354 -0.943329 3.70128e-26)
(-0.0808755 -0.137732 -4.5435e-16)
(0.106778 -0.0119107 -1.94806e-16)
(0.25477 -0.0376085 -5.86218e-17)
(0.336948 -0.115012 -5.93869e-17)
(0.375333 -0.227469 0)
(0.3819 -0.352797 6.38905e-18)
(0.366715 -0.478394 -9.18382e-18)
(0.331367 -0.594868 1.93051e-20)
(0.274941 -0.696237 2.8716e-18)
(0.197084 -0.776947 0)
(0.0999085 -0.830412 5.43586e-18)
(-0.0139027 -0.851052 2.67386e-18)
(-0.11366 -0.119538 2.64056e-19)
(0.0423698 0.01494 1.09974e-16)
(0.181462 -0.0144257 0)
(0.265974 -0.0937752 9.09371e-18)
(0.308544 -0.207854 -3.04248e-20)
(0.319573 -0.330438 -3.10559e-17)
(0.309627 -0.449925 2.564e-17)
(0.28136 -0.557592 -3.15358e-17)
(0.233822 -0.648307 0)
(0.167254 -0.717009 -1.29399e-17)
(0.0842194 -0.757195 0)
(-0.012512 -0.764106 -6.0578e-18)
(-0.136176 -0.0777261 5.25153e-16)
(-0.0247882 0.0550154 -1.80965e-17)
(0.0995031 0.0236374 1.39614e-16)
(0.186922 -0.0599021 8.81933e-17)
(0.23668 -0.177537 -8.052e-17)
(0.25516 -0.298307 4.24975e-17)
(0.252463 -0.412639 -1.00022e-17)
(0.232989 -0.513311 3.24819e-17)
(0.195769 -0.596147 4.35391e-18)
(0.141533 -0.656201 3.07244e-17)
(0.0732507 -0.686743 -5.86077e-18)
(-0.00627991 -0.683874 3.77204e-18)
(-0.140013 -0.00504281 0)
(-0.090488 0.106727 0)
(0.00719967 0.082603 -1.93147e-16)
(0.0970377 -0.00645525 0)
(0.159637 -0.130258 1.89722e-16)
(0.188443 -0.251052 -1.88209e-16)
(0.194287 -0.360626 -4.16539e-17)
(0.184485 -0.454938 5.28111e-17)
(0.158699 -0.532337 0)
(0.117282 -0.587262 1.37231e-20)
(0.0634766 -0.612816 3.67464e-17)
(0.0015427 -0.604956 0)
(-0.147575 0.0414632 -7.7807e-16)
(-0.152814 0.171967 -7.94082e-16)
(-0.0919609 0.160907 5.92078e-17)
(0.00258174 0.0742981 0)
(0.0721941 -0.0451157 -7.15301e-17)
(0.111176 -0.1686 5.16604e-16)
(0.123737 -0.26855 -4.00735e-17)
(0.122742 -0.350023 -1.54699e-16)
(0.109032 -0.420931 1.54654e-17)
(0.0829642 -0.471846 -5.70662e-17)
(0.0500959 -0.497963 -1.38638e-16)
(0.000719328 -0.494836 1.41381e-17)
(-0.0237998 -1.39456 1.11665e-18)
(-0.293256 -1.47 -1.16095e-18)
(-0.583192 -1.50601 1.15143e-18)
(-0.876067 -1.49983 9.162e-18)
(-1.15227 -1.45356 8.47289e-18)
(-1.3883 -1.36716 -8.4429e-18)
(-1.55294 -1.24509 -4.73856e-18)
(-1.61053 -1.09266 -1.55558e-17)
(-1.53449 -0.925268 4.59407e-17)
(-1.31499 -0.75848 0)
(-0.906443 -0.577438 3.91565e-17)
(-0.378274 -0.41702 0)
(-0.073569 -1.3862 1.15521e-18)
(-0.33146 -1.4482 0)
(-0.604563 -1.46775 0)
(-0.875804 -1.44131 1.43269e-19)
(-1.12196 -1.36737 -9.25664e-18)
(-1.31481 -1.25046 -2.45571e-17)
(-1.42361 -1.09934 -1.57677e-17)
(-1.41957 -0.929155 0)
(-1.27189 -0.754938 -2.53961e-17)
(-0.962215 -0.598348 8.11199e-18)
(-0.389403 -0.423341 2.68664e-17)
(0.216933 -0.407599 1.72648e-16)
(-0.113037 -1.34062 -1.17397e-18)
(-0.35412 -1.38369 1.17153e-18)
(-0.604793 -1.38091 8.34492e-18)
(-0.845763 -1.328 -1.6897e-17)
(-1.05408 -1.22826 -1.485e-17)
(-1.20248 -1.0884 -2.72051e-18)
(-1.2607 -0.920624 3.26294e-17)
(-1.20048 -0.744061 1.79517e-17)
(-0.991514 -0.578642 -2.8142e-17)
(-0.617038 -0.453448 0)
(-0.0503096 -0.341807 -7.48989e-17)
(0.336287 -0.387114 -1.60196e-19)
(-0.140243 -1.26404 2.34578e-18)
(-0.360141 -1.28485 0)
(-0.583537 -1.25772 -9.55526e-18)
(-0.791372 -1.18076 2.33922e-18)
(-0.961218 -1.05917 9.95243e-18)
(-1.066 -0.901451 4.47202e-17)
(-1.07787 -0.724623 -2.84444e-17)
(-0.971498 -0.55188 -3.18989e-17)
(-0.722139 -0.408842 6.97325e-17)
(-0.330985 -0.331444 -4.27463e-17)
(0.126236 -0.328711 0)
(0.379814 -0.412946 -9.36175e-17)
(-0.154889 -1.16581 -2.36511e-18)
(-0.350906 -1.16358 0)
(-0.545059 -1.11294 0)
(-0.718857 -1.01448 7.34366e-18)
(-0.850609 -0.87444 2.55367e-17)
(-0.915021 -0.703992 -2.43272e-17)
(-0.887736 -0.52441 2.35057e-17)
(-0.748413 -0.363015 -2.65581e-17)
(-0.48317 -0.249935 -6.42494e-17)
(-0.120634 -0.22259 7.25465e-20)
(0.226807 -0.296913 7.34508e-17)
(0.425992 -0.398058 0)
(-0.157857 -1.05575 1.19565e-18)
(-0.328721 -1.03124 -4.86539e-18)
(-0.493164 -0.959133 0)
(-0.633513 -0.841999 0)
(-0.729242 -0.686817 -2.30333e-17)
(-0.758259 -0.508046 -1.89498e-17)
(-0.70037 -0.330129 0)
(-0.54211 -0.184398 2.66018e-17)
(-0.281984 -0.103767 2.41174e-17)
(0.0318752 -0.121565 5.20548e-17)
(0.30251 -0.241653 -1.37793e-16)
(0.444199 -0.370585 1.69734e-16)
(-0.15064 -0.942488 -3.69721e-26)
(-0.296143 -0.897839 6.20608e-18)
(-0.431532 -0.806942 -1.25261e-18)
(-0.540071 -0.673892 -2.50165e-18)
(-0.603041 -0.506725 5.17897e-18)
(-0.602446 -0.322919 1.9045e-17)
(-0.522695 -0.149007 0)
(-0.357913 -0.0195418 0)
(-0.116291 0.0320396 3.22233e-17)
(0.146881 -0.0204669 0)
(0.358428 -0.168684 5.08042e-17)
(0.443639 -0.319366 -1.49462e-16)
(-0.135056 -0.833024 2.63839e-18)
(-0.255663 -0.771175 5.26357e-18)
(-0.363304 -0.664502 1.04872e-17)
(-0.442397 -0.518316 0)
(-0.476548 -0.341985 2.66986e-18)
(-0.452059 -0.155098 -8.41255e-18)
(-0.358177 0.0147275 1.21406e-17)
(-0.19601 0.130727 -4.12271e-17)
(0.0210548 0.160963 -2.4858e-17)
(0.236879 0.0862328 0)
(0.395523 -0.0811857 1.43923e-16)
(0.422576 -0.256434 1.82533e-16)
(-0.112923 -0.7322 -5.93539e-18)
(-0.20946 -0.656698 -5.85805e-18)
(-0.290926 -0.537523 -1.15653e-17)
(-0.343173 -0.380924 2.85923e-18)
(-0.352421 -0.197654 -3.17401e-20)
(-0.309075 -0.00823725 -3.07327e-18)
(-0.206957 0.159419 0)
(-0.0531644 0.267317 -4.35656e-20)
(0.138056 0.285763 -9.08467e-18)
(0.309664 0.200719 1.11052e-16)
(0.416065 0.0190391 -1.59651e-16)
(0.384522 -0.178695 -2.06471e-16)
(-0.0864314 -0.641845 3.69825e-18)
(-0.160001 -0.556583 -7.3816e-18)
(-0.217066 -0.428233 1.44403e-17)
(-0.245119 -0.26367 0)
(-0.232791 -0.0747575 0)
(-0.17417 0.117944 -2.24742e-17)
(-0.067369 0.286711 2.39262e-17)
(0.0756587 0.393182 1.08399e-16)
(0.241921 0.409125 8.51195e-17)
(0.370773 0.322635 1.45736e-17)
(0.422747 0.128288 -2.43734e-17)
(0.330462 -0.0892901 0)
(-0.060012 -0.556381 0)
(-0.112971 -0.465445 1.1578e-17)
(-0.148787 -0.330687 -2.34784e-17)
(-0.156516 -0.159505 5.84167e-18)
(-0.124669 0.0349458 -5.92377e-18)
(-0.0509592 0.232473 4.8733e-17)
(0.0606166 0.405354 -4.82598e-17)
(0.196213 0.515271 -9.98223e-17)
(0.338123 0.536734 -1.14509e-16)
(0.422541 0.449829 -1.47631e-16)
(0.409618 0.253012 2.66741e-16)
(0.255071 0.0280979 -3.23776e-17)
(-0.0404564 -0.441334 2.84009e-17)
(-0.0730329 -0.350271 -5.92381e-17)
(-0.088565 -0.212593 0)
(-0.0791395 -0.0385176 -1.49568e-16)
(-0.0306673 0.157934 -1.31808e-16)
(0.0551071 0.360123 0)
(0.167385 0.536427 2.35232e-17)
(0.287626 0.664584 -4.49468e-17)
(0.406976 0.670528 2.77448e-19)
(0.413728 0.559254 2.65166e-17)
(0.362171 0.371807 -5.4973e-16)
(0.230653 0.0985101 0)
(0.078811 -0.619838 -7.52907e-17)
(-0.0291061 -0.609356 -3.4301e-17)
(-0.0287996 -0.656774 2.55164e-17)
(-0.0577237 -0.719739 0)
(-0.129265 -0.774746 1.70005e-17)
(-0.249413 -0.813905 4.09776e-18)
(-0.408828 -0.824687 -1.22063e-17)
(-0.59456 -0.796562 -6.17579e-18)
(-0.791605 -0.723038 -1.03794e-17)
(-0.982303 -0.598179 0)
(-1.15232 -0.428048 4.32434e-18)
(-1.29024 -0.215102 -1.10823e-18)
(0.0353523 -0.329749 0)
(0.00431766 -0.512381 3.81946e-17)
(-0.0115049 -0.600762 -2.62616e-17)
(-0.0683113 -0.672689 0)
(-0.159834 -0.722691 1.31195e-17)
(-0.29116 -0.751522 4.24144e-18)
(-0.453181 -0.752219 -1.6733e-17)
(-0.634531 -0.717357 -4.38571e-20)
(-0.82219 -0.641868 0)
(-1.00168 -0.521229 0)
(-1.16112 -0.358818 0)
(-1.29069 -0.156518 -1.14432e-18)
(-0.0141612 -0.218957 0)
(0.0069468 -0.425442 2.40268e-17)
(-0.016453 -0.546383 2.7265e-17)
(-0.0867348 -0.62322 0)
(-0.189643 -0.668825 -1.35476e-17)
(-0.32596 -0.689024 8.76023e-18)
(-0.486027 -0.681597 2.36899e-17)
(-0.659313 -0.641684 -4.35953e-18)
(-0.834451 -0.56546 -6.56591e-18)
(-0.999569 -0.449328 0)
(-1.14446 -0.295137 -4.53607e-18)
(-1.26016 -0.104457 1.14572e-18)
(-0.0580445 -0.134292 0)
(-0.00416435 -0.354015 -3.32827e-17)
(-0.0293059 -0.492457 -4.56896e-17)
(-0.105348 -0.571603 0)
(-0.214027 -0.613358 -4.70934e-18)
(-0.351169 -0.62673 -1.36316e-17)
(-0.506187 -0.61329 1.79454e-17)
(-0.668941 -0.570235 8.91895e-18)
(-0.829484 -0.494699 -4.25233e-20)
(-0.97787 -0.383859 1.12815e-18)
(-1.10514 -0.238838 3.98779e-18)
(-1.20293 -0.0612492 -5.83368e-19)
(-0.0954271 -0.0652359 4.95184e-17)
(-0.0173171 -0.290225 -1.74417e-17)
(-0.0418642 -0.437743 2.42871e-17)
(-0.119594 -0.517718 5.36153e-18)
(-0.230669 -0.556461 2.50205e-17)
(-0.366031 -0.564926 -4.81718e-18)
(-0.514133 -0.547681 -3.52523e-17)
(-0.665005 -0.50348 -1.90665e-20)
(-0.809889 -0.430222 9.25157e-18)
(-0.940349 -0.325771 -1.16621e-17)
(-1.04831 -0.191101 0)
(-1.12597 -0.0280711 2.35805e-18)
(-0.123172 -0.00734343 0)
(-0.0257437 -0.229207 -9.27356e-18)
(-0.0493127 -0.380836 6.57097e-18)
(-0.126838 -0.461134 0)
(-0.238554 -0.498073 -1.61844e-17)
(-0.370753 -0.503686 -2.06242e-17)
(-0.511115 -0.484898 1.49635e-17)
(-0.649763 -0.441619 -2.4485e-18)
(-0.77897 -0.372325 2.44099e-18)
(-0.891464 -0.275506 9.63765e-18)
(-0.979862 -0.152325 0)
(-1.03701 -0.00501122 -2.39412e-18)
(-0.138374 0.0412964 4.27496e-16)
(-0.0249468 -0.168346 7.08471e-17)
(-0.0485559 -0.320195 9.62792e-21)
(-0.125512 -0.401091 6.44392e-18)
(-0.237331 -0.437821 2.38397e-17)
(-0.365918 -0.442792 2.81754e-17)
(-0.498565 -0.424729 -5.45455e-18)
(-0.625522 -0.384461 0)
(-0.73998 -0.320818 0)
(-0.835622 -0.232881 0)
(-0.905535 -0.122229 4.421e-18)
(-0.943302 0.00860798 6.25793e-19)
(-0.137995 0.0814134 -3.97554e-16)
(-0.0119778 -0.106123 -1.0311e-16)
(-0.0374264 -0.25415 0)
(-0.114605 -0.336435 0)
(-0.226914 -0.374956 -4.78228e-17)
(-0.352135 -0.381642 2.56252e-17)
(-0.4777 -0.366573 -2.7606e-17)
(-0.594192 -0.331366 -2.95825e-17)
(-0.695641 -0.275034 2.87871e-18)
(-0.776474 -0.19721 -1.39239e-18)
(-0.830063 -0.0999464 -4.08146e-18)
(-0.850808 0.014 -2.6805e-18)
(-0.119701 0.114143 0)
(0.0150174 -0.0417739 -1.37334e-17)
(-0.014126 -0.180851 1.01891e-17)
(-0.0932488 -0.26543 9.07668e-18)
(-0.207179 -0.308127 3.3299e-17)
(-0.329657 -0.319256 -3.10811e-17)
(-0.449111 -0.309417 2.2009e-17)
(-0.556801 -0.281273 5.61454e-17)
(-0.647593 -0.233834 0)
(-0.716416 -0.167297 1.61621e-18)
(-0.756694 -0.0842155 -1.56536e-18)
(-0.763681 0.0126257 3.03156e-18)
(-0.0775872 0.136633 0)
(0.0551619 0.0252747 -1.80776e-17)
(0.0240158 -0.0989349 1.00082e-20)
(-0.0592864 -0.186374 1.13274e-16)
(-0.176771 -0.236245 -1.03505e-16)
(-0.29745 -0.254801 6.3853e-17)
(-0.411749 -0.252208 -5.03006e-18)
(-0.512452 -0.232826 -4.64818e-17)
(-0.595358 -0.195714 4.36361e-18)
(-0.655522 -0.141508 1.64288e-17)
(-0.686136 -0.0732039 0)
(-0.683312 0.00638822 3.7866e-18)
(0.00306127 0.13763 0)
(0.106895 0.0908273 0)
(0.0829416 -0.00673019 0)
(-0.00579257 -0.096516 -1.77103e-16)
(-0.129433 -0.159196 3.58337e-16)
(-0.250163 -0.188067 -9.43494e-17)
(-0.359716 -0.193996 8.32355e-18)
(-0.45406 -0.184261 -7.58508e-18)
(-0.53152 -0.158579 0)
(-0.586545 -0.117201 -5.51217e-17)
(-0.612151 -0.0634103 2.91546e-17)
(-0.604316 -0.00145285 -7.39074e-18)
(0.0402576 0.149357 6.59402e-16)
(0.165786 0.154243 0)
(0.160488 0.0927329 -5.86019e-17)
(0.0748061 -0.00215764 5.91552e-16)
(-0.0442943 -0.0717744 -5.02689e-16)
(-0.167772 -0.110842 -1.03543e-16)
(-0.267723 -0.12346 2.20533e-16)
(-0.349248 -0.122503 -3.44841e-17)
(-0.420174 -0.108876 1.54953e-17)
(-0.471163 -0.0828585 1.14345e-16)
(-0.497312 -0.0500278 -6.94174e-17)
(-0.494188 -0.000679261 -2.83165e-17)
(-1.39531 0.0238782 -1.11856e-18)
(-1.47078 0.293638 -1.16209e-18)
(-1.50683 0.583833 1.15239e-18)
(-1.5007 0.876943 0)
(-1.4545 1.15329 -1.05763e-17)
(-1.36816 1.38937 -6.31586e-18)
(-1.24612 1.55387 2.37683e-17)
(-1.09358 1.61105 1.55602e-17)
(-0.925973 1.53433 0)
(-0.758889 1.31413 -1.17974e-19)
(-0.57753 0.905161 -3.91909e-17)
(-0.416704 0.37707 -6.9145e-17)
(-1.38705 0.0737007 -2.3291e-18)
(-1.44911 0.331918 -1.16771e-18)
(-1.46871 0.605307 -8.09682e-18)
(-1.44232 0.876782 2.27556e-18)
(-1.36842 1.12307 6.92431e-18)
(-1.25149 1.31588 -2.45663e-17)
(-1.10028 1.42436 -1.56076e-17)
(-0.929963 1.41975 0)
(-0.755562 1.27131 0)
(-0.598732 0.960984 -2.43591e-17)
(-0.423487 0.388136 -1.34618e-17)
(-0.407547 -0.217101 -1.38236e-16)
(-1.34149 0.113219 5.79302e-19)
(-1.38463 0.35463 5.31645e-18)
(-1.3819 0.605592 9.42056e-18)
(-1.329 0.846787 0)
(-1.2292 1.05516 -7.45998e-18)
(-1.08928 1.20341 3.33508e-17)
(-0.921388 1.2612 -1.63885e-17)
(-0.744724 1.20034 0)
(-0.579214 0.990598 0)
(-0.453908 0.615693 0)
(-0.342168 0.0493468 0)
(-0.387227 -0.336294 1.14663e-16)
(-1.26479 0.140476 0)
(-1.28568 0.360689 -3.52851e-18)
(-1.25857 0.584353 -1.20491e-18)
(-1.18157 0.792353 2.43357e-18)
(-1.05988 0.962179 4.96686e-18)
(-0.902065 1.06673 -2.3624e-17)
(-0.725143 1.07809 5.64894e-18)
(-0.552373 0.971067 0)
(-0.409366 0.721024 -3.09725e-17)
(-0.331973 0.329728 3.20712e-17)
(-0.329308 -0.126834 -6.08104e-17)
(-0.413165 -0.379777 -9.35297e-17)
(-1.16638 0.155154 1.78742e-18)
(-1.1642 0.351457 5.99465e-19)
(-1.11354 0.54583 0)
(-1.015 0.719743 -2.45501e-18)
(-0.874825 0.851405 -1.53626e-17)
(-0.704271 0.915532 -2.72153e-18)
(-0.52464 0.887691 -3.06906e-20)
(-0.363308 0.747766 -2.65997e-17)
(-0.250385 0.481967 2.4186e-17)
(-0.223142 0.11955 -3.17929e-17)
(-0.297502 -0.227233 7.36995e-17)
(-0.398278 -0.426096 -2.76065e-20)
(-1.05606 0.158146 -2.99664e-18)
(-1.03158 0.329252 1.82286e-18)
(-0.959419 0.493866 -1.23374e-18)
(-0.842161 0.634266 2.47671e-18)
(-0.686819 0.729839 2.04901e-17)
(-0.507947 0.758541 2.66025e-18)
(-0.33003 0.700081 1.75807e-17)
(-0.184447 0.541317 4.66516e-17)
(-0.104106 0.28077 8.08564e-18)
(-0.122059 -0.0328261 0)
(-0.242176 -0.302909 0)
(-0.370885 -0.444329 8.47266e-17)
(-0.942538 0.150927 -1.85281e-26)
(-0.897881 0.296623 -3.75161e-18)
(-0.806882 0.432127 -1.12923e-17)
(-0.673676 0.540666 0)
(-0.506323 0.603428 0)
(-0.32243 0.6025 -5.41914e-18)
(-0.148556 0.522209 5.95358e-18)
(-0.0193141 0.35702 -5.35407e-17)
(0.0318666 0.115101 -4.03246e-17)
(-0.0208165 -0.147758 2.11037e-17)
(-0.169105 -0.35883 1.19306e-16)
(-0.319647 -0.44382 1.71179e-16)
(-0.832817 0.135332 1.98529e-18)
(-0.770927 0.256082 7.22991e-18)
(-0.664109 0.363782 1.96659e-17)
(-0.517739 0.442823 -2.09829e-17)
(-0.341197 0.47672 -1.88674e-17)
(-0.154228 0.451918 -8.42375e-18)
(0.0155166 0.357513 6.1262e-18)
(0.131263 0.195076 2.74967e-17)
(0.160999 -0.022221 9.98648e-17)
(0.0860848 -0.237716 8.8811e-17)
(-0.0814597 -0.395882 3.85949e-19)
(-0.256747 -0.42277 5.78417e-19)
(-0.731777 0.113168 -2.96967e-18)
(-0.656195 0.20979 -5.88506e-18)
(-0.536832 0.291271 -1.1585e-17)
(-0.380035 0.343411 4.31612e-17)
(-0.196514 0.352416 2.34765e-17)
(-0.00704611 0.308721 3.07693e-18)
(0.160537 0.206213 -2.63253e-17)
(0.268148 0.052166 0)
(0.286032 -0.13915 1.30578e-19)
(0.200809 -0.310467 -1.97493e-16)
(0.0188781 -0.416403 -1.80034e-16)
(-0.178977 -0.384647 2.64146e-17)
(-0.641254 0.0866351 0)
(-0.555881 0.160229 9.21149e-18)
(-0.427316 0.217267 -1.62687e-17)
(-0.262536 0.245165 -2.83447e-17)
(-0.0733451 0.232642 -2.52223e-17)
(0.119399 0.17361 -1.11523e-17)
(0.288116 0.0666199 3.61957e-20)
(0.394258 -0.0767198 -6.32591e-17)
(0.409655 -0.242916 -1.80839e-16)
(0.322916 -0.371511 1.28779e-16)
(0.128224 -0.423072 0)
(-0.0895238 -0.33053 -5.08255e-16)
(-0.555679 0.0601344 0)
(-0.464612 0.113075 -2.03545e-17)
(-0.329621 0.148827 2.05585e-17)
(-0.158205 0.156419 -5.84691e-18)
(0.0365475 0.124358 1.00353e-16)
(0.234149 0.0502754 4.89897e-17)
(0.406934 -0.0613996 4.8257e-17)
(0.516597 -0.19728 9.98286e-17)
(0.53746 -0.339026 1.1456e-16)
(0.450253 -0.423157 0)
(0.253091 -0.409828 0)
(0.0278129 -0.255118 2.59588e-16)
(-0.440583 0.0404746 -1.4219e-17)
(-0.349377 0.0730031 1.25963e-16)
(-0.211446 0.0884651 5.65206e-17)
(-0.0371511 0.0789507 1.49869e-16)
(0.159641 0.030261 -1.31312e-16)
(0.361979 -0.0558613 -2.66711e-17)
(0.538057 -0.168067 2.38937e-17)
(0.666213 -0.288615 -2.22837e-17)
(0.671212 -0.407545 3.31453e-17)
(0.559668 -0.414059 0)
(0.371944 -0.36229 0)
(0.0983956 -0.230584 4.44207e-16)
(-0.619991 -0.0798267 0)
(-0.609443 0.0282614 -3.41775e-17)
(-0.656718 0.0279052 5.11883e-18)
(-0.719587 0.0567898 0)
(-0.774546 0.128234 0)
(-0.813679 0.248225 4.09907e-18)
(-0.824444 0.40739 6.04339e-18)
(-0.79628 0.59279 -2.05521e-18)
(-0.722744 0.789448 8.26385e-18)
(-0.597973 0.979746 0)
(-0.42813 1.14947 4.31113e-18)
(-0.215417 1.28703 1.11998e-18)
(-0.330254 -0.0362838 0)
(-0.512645 -0.00504384 0)
(-0.600878 0.0107748 -2.10507e-17)
(-0.672708 0.0675593 0)
(-0.722671 0.159002 -4.35019e-18)
(-0.751504 0.29018 8.44945e-18)
(-0.75222 0.451968 -2.09126e-17)
(-0.717351 0.633021 -2.08345e-18)
(-0.641852 0.820334 2.13909e-18)
(-0.521266 0.999508 8.70375e-18)
(-0.359059 1.1587 0)
(-0.1568 1.28798 -1.12813e-18)
(-0.219638 0.0133457 0)
(-0.425868 -0.00757278 -7.9942e-18)
(-0.546654 0.0158794 3.27429e-17)
(-0.6234 0.0861736 -4.81644e-18)
(-0.66898 0.189034 0)
(-0.689211 0.325231 -1.31478e-17)
(-0.681835 0.485106 3.01361e-17)
(-0.641943 0.65816 0)
(-0.565708 0.833041 0)
(-0.4496 0.997904 -7.71544e-18)
(-0.295494 1.14265 3.38982e-18)
(-0.1047 1.25814 1.15411e-18)
(-0.135032 0.0573058 0)
(-0.35455 0.00363522 0)
(-0.492852 0.0288809 -2.28923e-17)
(-0.57192 0.104981 5.03163e-18)
(-0.613674 0.21365 -4.74028e-18)
(-0.627103 0.350715 4.09928e-17)
(-0.613745 0.505599 -4.44432e-18)
(-0.570726 0.668209 1.11582e-17)
(-0.495183 0.828587 -1.12307e-17)
(-0.384319 0.976839 9.06344e-18)
(-0.239299 1.10406 -4.55469e-18)
(-0.0614415 1.20171 -1.15407e-18)
(-0.0659792 0.0947654 0)
(-0.290822 0.0168884 3.49006e-17)
(-0.43823 0.0415841 2.43158e-17)
(-0.518146 0.119418 0)
(-0.55691 0.230523 -1.50574e-17)
(-0.565455 0.365861 -2.8812e-17)
(-0.548316 0.513897 -3.05208e-17)
(-0.50416 0.66472 7.00624e-18)
(-0.430898 0.809551 9.25113e-18)
(-0.326385 0.939969 -9.25656e-18)
(-0.191622 1.04798 0)
(-0.0282172 1.12557 0)
(-0.00804663 0.122607 0)
(-0.229833 0.0254161 -3.72077e-17)
(-0.381384 0.049173 6.57073e-18)
(-0.461645 0.126844 -5.81503e-18)
(-0.498623 0.238628 2.15923e-17)
(-0.504336 0.370856 5.13157e-18)
(-0.485667 0.511226 1.49581e-17)
(-0.442441 0.649922 -4.17197e-17)
(-0.373138 0.779179 2.43631e-18)
(-0.276219 0.891748 -1.19993e-18)
(-0.15289 0.980275 1.20321e-18)
(-0.0051137 1.03741 0)
(0.0406567 0.137914 0)
(-0.168971 0.024721 -8.11058e-17)
(-0.320776 0.0485489 0)
(-0.401655 0.125685 -2.58056e-17)
(-0.438438 0.237606 1.79212e-17)
(-0.443522 0.366275 3.38757e-17)
(-0.425586 0.499 -2.74442e-18)
(-0.385372 0.6261 1.85002e-17)
(-0.321715 0.74071 0)
(-0.233652 0.836509 -1.27023e-18)
(-0.122795 0.906629 1.26126e-18)
(0.00853858 0.94443 0)
(0.0808693 0.137656 0)
(-0.106722 0.0118543 -1.14159e-17)
(-0.254736 0.0375402 8.38596e-18)
(-0.337023 0.114926 -2.97448e-17)
(-0.375605 0.227362 -5.47202e-17)
(-0.382409 0.352714 -1.92638e-17)
(-0.367469 0.478424 -6.14501e-18)
(-0.332311 0.595151 -2.65978e-17)
(-0.275965 0.696836 2.87494e-18)
(-0.197987 0.777916 -1.2551e-17)
(-0.100523 0.831762 1.36546e-18)
(0.0139547 0.852572 0)
(0.11365 0.119458 -4.97155e-16)
(-0.0423179 -0.0149959 1.10108e-16)
(-0.181408 0.0143559 -7.14802e-17)
(-0.266018 0.0936921 -9.10173e-18)
(-0.308767 0.207769 3.33838e-17)
(-0.320027 0.330418 7.74818e-18)
(-0.310296 0.450088 -7.36897e-18)
(-0.282215 0.558091 -1.83531e-20)
(-0.234741 0.6492 0)
(-0.168067 0.718329 1.29329e-17)
(-0.0847615 0.758918 0)
(0.0125866 0.765985 0)
(0.13615 0.0776588 5.25656e-16)
(0.0248254 -0.055056 -1.63105e-16)
(-0.0994388 -0.0237011 1.25897e-16)
(-0.186936 0.0598197 1.00968e-16)
(-0.236844 0.177475 1.15034e-17)
(-0.255546 0.298349 4.25637e-17)
(-0.25302 0.412939 -4.49554e-17)
(-0.233734 0.51402 2.78723e-17)
(-0.196551 0.597316 4.35912e-18)
(-0.142244 0.657837 1.64046e-17)
(-0.0737266 0.688801 -7.81959e-18)
(0.00635456 0.686071 0)
(0.139977 0.0050103 0)
(0.0904965 -0.10673 2.36944e-16)
(-0.00714131 -0.0826457 -2.17432e-16)
(-0.0970138 0.00637963 4.43352e-17)
(-0.159738 0.130208 -4.2222e-17)
(-0.188745 0.251166 -7.54022e-17)
(-0.194727 0.361061 9.18369e-17)
(-0.185088 0.455834 -7.58048e-18)
(-0.159337 0.533743 0)
(-0.117884 0.589175 -2.58967e-17)
(-0.0638857 0.615177 3.67375e-17)
(-0.00148028 0.607452 0)
(0.147506 -0.041443 -8.89281e-16)
(0.152785 -0.171915 6.35787e-16)
(0.0919859 -0.160887 4.73621e-16)
(-0.00253353 -0.0743496 0)
(-0.0721987 0.045031 -5.74821e-16)
(-0.111367 0.168814 -3.6226e-16)
(-0.124022 0.26914 1.20026e-16)
(-0.123128 0.351118 -1.71765e-17)
(-0.109456 0.422515 1.54586e-17)
(-0.0833837 0.473944 0)
(-0.0503967 0.500533 2.29531e-20)
(-0.000620086 0.497598 1.41065e-17)
)
;

boundaryField
{
    rotor
    {
        type            fixedValue;
        value           nonuniform List<vector> 
192
(
(0.0684902 2.09216 -0)
(0.205177 2.0832 -0)
(0.340986 2.06532 -0)
(0.475334 2.0386 -0)
(0.607647 2.00314 -0)
(0.737357 1.95911 -0)
(0.863911 1.90669 -0)
(0.986765 1.84611 -0)
(1.10539 1.77762 -0)
(1.21929 1.70151 -0)
(1.32796 1.61813 -0)
(1.43095 1.52781 -0)
(1.52781 1.43095 -0)
(1.61813 1.32796 -0)
(1.70151 1.21929 -0)
(1.77762 1.10539 -0)
(1.84611 0.986765 -0)
(1.90669 0.863911 -0)
(1.95911 0.737358 -0)
(2.00314 0.607647 -0)
(2.0386 0.475334 -0)
(2.06532 0.340986 -0)
(2.0832 0.205177 -0)
(2.09216 0.0684902 -0)
(2.09216 -0.0684902 0)
(2.0832 -0.205177 0)
(2.06532 -0.340986 0)
(2.0386 -0.475334 0)
(2.00314 -0.607647 0)
(1.95911 -0.737357 0)
(1.90669 -0.863911 0)
(1.84611 -0.986765 0)
(1.77762 -1.10539 0)
(1.70151 -1.21929 0)
(1.61813 -1.32796 0)
(1.52781 -1.43095 0)
(1.43095 -1.52781 0)
(1.32796 -1.61813 0)
(1.21929 -1.70151 0)
(1.10539 -1.77762 0)
(0.986765 -1.84611 0)
(0.863911 -1.90669 0)
(0.737357 -1.95911 0)
(0.607647 -2.00314 0)
(0.475334 -2.0386 0)
(0.340986 -2.06532 0)
(0.205177 -2.0832 0)
(0.0684901 -2.09216 0)
(-0.0684902 -2.09216 0)
(-0.205177 -2.0832 0)
(-0.340986 -2.06532 0)
(-0.475334 -2.0386 0)
(-0.607647 -2.00314 0)
(-0.737358 -1.95911 0)
(-0.863911 -1.90669 0)
(-0.986765 -1.84611 0)
(-1.10539 -1.77762 0)
(-1.21929 -1.70151 0)
(-1.32796 -1.61813 0)
(-1.43095 -1.52781 0)
(-1.52781 -1.43095 0)
(-1.61813 -1.32796 0)
(-1.70151 -1.21929 0)
(-1.77762 -1.10539 0)
(-1.84611 -0.986765 0)
(-1.90669 -0.863911 0)
(-1.95911 -0.737357 0)
(-2.00314 -0.607647 0)
(-2.0386 -0.475334 0)
(-2.06532 -0.340986 0)
(-2.0832 -0.205177 0)
(-2.09216 -0.0684902 0)
(-2.09216 0.0684902 0)
(-2.0832 0.205177 0)
(-2.06532 0.340986 0)
(-2.0386 0.475334 0)
(-2.00314 0.607647 0)
(-1.95911 0.737358 0)
(-1.90669 0.863911 0)
(-1.84611 0.986765 0)
(-1.77762 1.10539 0)
(-1.70151 1.21929 0)
(-1.61813 1.32796 0)
(-1.52781 1.43095 0)
(-1.43095 1.52781 0)
(-1.32796 1.61813 0)
(-1.21929 1.70151 0)
(-1.10539 1.77762 0)
(-0.986765 1.84611 0)
(-0.863911 1.90669 0)
(-0.737357 1.95911 0)
(-0.607647 2.00314 0)
(-0.475334 2.0386 0)
(-0.340986 2.06532 0)
(-0.205177 2.0832 0)
(-0.0684902 2.09216 0)
(0 2.2253 0)
(0 2.4871 0)
(0 2.7489 0)
(0 3.0107 0)
(0 3.2725 0)
(0 3.5343 0)
(0 3.7961 0)
(0 4.0579 0)
(0 4.3197 0)
(0 4.5815 0)
(0 4.8433 0)
(0 5.1051 0)
(0 2.2253 0)
(0 2.4871 0)
(0 2.7489 0)
(0 3.0107 0)
(0 3.2725 0)
(0 3.5343 0)
(0 3.7961 0)
(0 4.0579 0)
(0 4.3197 0)
(0 4.5815 0)
(0 4.8433 0)
(0 5.1051 0)
(2.2253 3.99418e-09 -0)
(2.4871 4.46409e-09 -0)
(2.7489 4.93399e-09 -0)
(3.0107 5.4039e-09 -0)
(3.2725 5.8738e-09 -0)
(3.5343 6.3437e-09 -0)
(3.7961 6.81361e-09 -0)
(4.0579 7.28351e-09 -0)
(4.3197 7.75342e-09 -0)
(4.5815 8.22332e-09 -0)
(4.8433 8.69322e-09 -0)
(5.1051 9.16313e-09 -0)
(2.2253 3.99418e-09 -0)
(2.4871 4.46409e-09 -0)
(2.7489 4.93399e-09 -0)
(3.0107 5.4039e-09 -0)
(3.2725 5.8738e-09 -0)
(3.5343 6.3437e-09 -0)
(3.7961 6.81361e-09 -0)
(4.0579 7.28351e-09 -0)
(4.3197 7.75342e-09 -0)
(4.5815 8.22332e-09 -0)
(4.8433 8.69322e-09 -0)
(5.1051 9.16313e-09 -0)
(-7.98837e-09 -2.2253 0)
(-8.92818e-09 -2.4871 0)
(-9.86798e-09 -2.7489 0)
(-1.08078e-08 -3.0107 0)
(-1.17476e-08 -3.2725 0)
(-1.26874e-08 -3.5343 0)
(-1.36272e-08 -3.7961 0)
(-1.4567e-08 -4.0579 0)
(-1.55068e-08 -4.3197 0)
(-1.64466e-08 -4.5815 0)
(-1.73864e-08 -4.8433 0)
(-1.83263e-08 -5.1051 0)
(-7.98837e-09 -2.2253 0)
(-8.92818e-09 -2.4871 0)
(-9.86798e-09 -2.7489 0)
(-1.08078e-08 -3.0107 0)
(-1.17476e-08 -3.2725 0)
(-1.26874e-08 -3.5343 0)
(-1.36272e-08 -3.7961 0)
(-1.4567e-08 -4.0579 0)
(-1.55068e-08 -4.3197 0)
(-1.64466e-08 -4.5815 0)
(-1.73864e-08 -4.8433 0)
(-1.83263e-08 -5.1051 0)
(-2.2253 3.99418e-09 0)
(-2.4871 4.46409e-09 0)
(-2.7489 4.93399e-09 0)
(-3.0107 5.4039e-09 0)
(-3.2725 5.8738e-09 0)
(-3.5343 6.3437e-09 0)
(-3.7961 6.81361e-09 0)
(-4.0579 7.28351e-09 0)
(-4.3197 7.75342e-09 0)
(-4.5815 8.22332e-09 0)
(-4.8433 8.69322e-09 0)
(-5.1051 9.16313e-09 0)
(-2.2253 3.99418e-09 0)
(-2.4871 4.46409e-09 0)
(-2.7489 4.93399e-09 0)
(-3.0107 5.4039e-09 0)
(-3.2725 5.8738e-09 0)
(-3.5343 6.3437e-09 0)
(-3.7961 6.81361e-09 0)
(-4.0579 7.28351e-09 0)
(-4.3197 7.75342e-09 0)
(-4.5815 8.22332e-09 0)
(-4.8433 8.69322e-09 0)
(-5.1051 9.16313e-09 0)
)
;
    }
    stator
    {
        type            noSlip;
    }
    front
    {
        type            empty;
    }
    back
    {
        type            empty;
    }
}


// ************************************************************************* //
